8939.719605	942.984659	21.451370	108.540327	-442.022887	-399.864107	-139.273311	-50.074257	-279.760437	144.674892	-54.678150	11.865675	-232.111370	-167.834738	-461.484496	18.200251	-524.289278	-1364.272501	-601.474710	-10.077233	-781.698344	-2022.212851	-439.716623	-53.438041	-1516.321216	-1930.271917	-191.025870	-97.194370	3059.279995	-792.267124	-142.938475	-79.496930	-858.817590	-103.638796	-124.295742	-67.166236	11.968800	576.894180	97.775981	62.039389	-90.799785	1313.235111	-79.248624	114.947770	4.912043	1314.095792	-202.563295	160.756069	225.368385	885.381184	-113.352923	181.735730	263.994132	255.723720	-81.173657	98.410152	1572.391561	-421.414052	-194.480693	4.871121	-851.663814	-48.174834	-129.900927	-32.955662	-101.597521	513.361439	36.238230	60.034104	27.049080	1116.373881	-2.511010	56.389928	44.562743	1137.868654	-11.129222	85.977866	151.221896	963.376040	23.003166	122.946369	189.088378	640.760329	7.318011	69.861704	1127.131022	-242.698120	-145.247750	72.056812	-754.516522	-31.502777	-138.451653	-32.462559	-176.002026	37.107836	-119.706912	-10.134380	-86.686375	-41.845621	-109.395525	-121.593203	-74.620863	-250.830747	-63.465336	-165.962951	6.552005	-163.033697	6.875534	-101.388319	-6.487749	-8.492242	19.379481	-20.036363	734.322719	19.581269	-89.534371	134.461587	-576.375052	-63.896763	-101.288915	4.019709	-96.180055	61.627860	-66.454158	26.437766	170.741028	190.568682	-24.945674	29.499755	-138.702663	-275.838525	-8.860244	-346.899509	-57.154801	-461.374900	69.355479	-313.955784	-43.197877	-515.677633	49.562716	-164.618517	497.185051	58.492627	-34.969174	140.015211	-388.701766	-19.454388	-48.194677	45.879829	-84.314358	44.091064	-22.873311	31.423209	275.708186	347.920402	10.743216	278.852560	52.063790	474.960869	52.975482	-73.829771	-135.335631	261.475306	58.168772	-309.658453	-20.804459	76.282427	67.089282	-173.787299	528.523364	-49.920666	-70.486184	170.843202	-68.208163	-98.657937	-19.135672	68.912715	-213.215210	-52.111738	-32.584480	0.762067	268.463586	227.175410	3.309566	181.652954	270.152231	953.910910	13.394287	130.234389	-72.450457	1205.144764	20.319080	-136.423901	149.086927	1267.344816	93.961819	-190.997516
942.984659	1866.516650	-74.143821	63.361159	197.886680	226.191698	-44.995450	43.513610	89.934861	31.423680	5.258630	-6.440387	-9.839556	12.787766	-86.141726	-0.788087	-76.323385	-139.975245	-151.096898	-11.891468	-105.245288	-410.439597	-72.160679	-28.691923	-339.825777	-572.495053	-21.941836	-36.053373	64.416695	-79.799115	-118.708319	35.658250	289.215653	20.137736	-32.899033	22.699790	130.380478	82.919687	24.957900	9.033785	3.577530	245.417581	-7.782748	-1.085855	7.023595	254.267394	-21.932167	5.693940	19.416115	68.514433	-1.760071	33.747450	10.125809	-39.269433	-14.961554	-0.547389	-304.525883	-118.679077	-135.946917	29.994698	405.266276	6.039346	-19.545212	17.604211	100.604521	67.481081	12.139296	6.717527	5.010952	172.820820	18.199267	2.468141	6.818109	191.153879	-1.523916	8.776470	14.124571	153.521434	-2.938766	18.787876	27.220163	165.952193	-6.870257	16.059025	-442.274462	-84.667391	-100.533354	32.099241	474.049374	9.133478	-30.770733	33.698237	85.084536	-13.234375	-32.397343	-1.327447	-11.352944	-19.429437	-8.694478	-21.697557	29.840657	-37.162495	10.315968	-33.854972	-5.354001	-5.339208	0.149002	-23.708090	-0.720154	18.756979	-1.471173	-3.162899	-593.743029	-48.993284	-54.133808	18.533128	610.593053	-5.781565	-35.624841	20.844647	102.877127	-11.875424	-15.632839	-6.259555	26.887074	0.109785	11.082715	-2.788106	63.953248	-59.527612	10.989849	-41.645738	-19.853245	-108.269938	-10.659692	-82.408827	7.556744	-168.637683	-37.306235	-61.226854	-659.271337	-57.555434	-31.763943	-10.319495	639.887362	11.308268	-6.742352	59.144932	122.429885	-9.357480	-0.663591	-11.025207	13.504743	27.405883	3.390874	48.532195	61.291951	70.810011	-6.819740	52.874265	16.633046	55.804080	-22.729689	-45.561091	-15.358072	38.308605	9.443046	-79.738686	-838.534829	-345.794213	-50.418595	-33.350047	840.557921	255.504104	90.600794	74.010350	220.119516	25.118967	20.605383	2.479148	-17.272838	-21.450802	0.800829	10.915466	58.856568	99.763666	-6.626362	50.225491	56.389977	271.858011	-3.786490	3.374828	-18.934948	370.742009	41.350890	5.497314
21.451370	-74.143821	97.274418	-30.811491	122.622860	24.361269	28.969211	-5.025455	-2.134164	-17.978057	-6.507651	-1.528438	-7.339490	-36.798854	-18.407750	1.202213	-24.283987	-32.833593	-23.565932	-0.215373	-51.016334	-21.725028	-21.613884	-2.134134	-54.301699	-24.920610	-9.946515	2.606984	36.804923	0.241489	37.644498	-17.131627	-3.519238	-6.984123	10.326994	-4.126644	-9.246592	-21.982882	-9.309869	-1.976870	-8.814096	-22.376671	-16.581224	2.390864	-14.162438	14.255543	-19.702609	3.578772	-17.604578	49.500813	-8.330512	-4.134550	8.648047	16.079528	-3.084143	-0.448312	29.087153	16.852664	11.784181	-3.852946	-27.686676	-5.591181	-1.755135	-2.448873	-3.600759	-9.842582	-6.685138	2.223534	-9.067541	6.584415	-3.877169	1.919229	-4.739686	27.627990	5.547172	0.549128	-3.593092	29.200006	1.872398	-1.127955	2.807771	5.144568	2.853785	0.033638	26.423611	13.764602	2.194791	3.548331	-32.960206	-5.656955	-4.199353	-0.972893	-9.893916	3.670580	-9.289388	0.866297	-11.903330	10.809547	5.687506	-5.645166	-8.013747	1.735091	10.919151	-2.452631	-0.757961	4.816544	2.310082	-0.905659	-1.180329	11.811867	0.480238	0.075523	31.429128	-6.905539	-0.649135	4.729156	-32.509062	-9.165582	-5.507957	1.727206	-9.846303	3.982907	-6.696979	4.112792	-20.570582	20.834126	3.068003	1.125356	-31.728781	0.907867	3.609410	-4.608497	-7.198167	5.469043	2.928069	-1.884766	-1.172936	25.591905	2.329106	0.391395	30.269720	-6.120806	-4.768707	9.725879	-18.391500	-4.540642	-1.953075	-0.267308	-7.500038	-0.549382	-1.526618	3.354514	-5.210619	24.039863	0.910269	6.681144	-13.510473	30.153005	-0.067519	7.245280	-9.117352	18.689722	4.781197	0.907852	4.672420	38.549995	10.159750	1.043490	54.008529	-9.829676	1.238246	3.143585	-6.569800	-12.267700	-2.528570	2.060460	-14.673564	-3.973001	-1.066667	-1.165595	-14.557693	-9.536985	-0.693553	-4.176532	-9.484576	-11.834328	-0.753598	-3.734720	-5.572785	-15.284190	1.891971	-8.151948	-27.809386	-37.205404	8.295005	-13.764246
108.540327	63.361159	-30.811491	133.046554	-105.923189	-14.908721	-15.490459	18.783218	15.058497	25.004432	6.356984	1.199323	23.995689	102.175625	22.147484	-0.480088	-5.883488	114.581727	11.385961	4.030444	-5.635732	27.490450	-5.466663	7.782528	-61.039434	-80.948304	-1.894602	-8.541552	50.785192	-22.963590	-16.508494	21.897078	-0.453133	0.773714	-7.113240	4.429569	-2.857782	3.012061	1.998427	-0.928611	-9.923987	-8.961354	1.033179	-4.340756	-11.686931	-28.820930	-7.863072	-3.522965	2.650586	-44.084393	-9.162963	4.549995	-17.711142	-27.592032	-3.355560	1.373874	24.769468	-44.781736	-14.915135	-5.731049	18.204339	0.422108	-3.317584	-0.228566	-6.407575	-11.352381	-1.146882	0.386356	-8.446778	-40.382381	-8.602641	-3.028763	-2.435950	-45.266778	-7.615203	-2.572598	-6.352046	-33.424847	-4.730971	-3.148570	-3.702533	5.772807	-0.830280	-0.454691	11.465187	-36.638183	-8.132716	-7.811591	10.987415	-2.327814	-1.996222	0.356940	-2.577787	-9.657610	-6.222724	-1.113753	10.616686	-8.784239	-7.170000	5.843831	13.571003	-13.756082	-4.323674	8.537129	-1.159890	-19.204907	-1.725141	-2.416702	-1.879956	-18.833332	-3.358293	-2.962152	22.933752	-36.049774	-3.271971	-15.775153	4.357811	-11.551417	-4.873459	-3.876363	8.888772	-2.558134	-3.737847	-0.261203	31.854320	-2.954803	-3.318414	13.078654	12.907355	-21.359912	-5.141742	8.490689	-4.286769	-21.652176	-4.196578	-3.319449	-11.779884	-21.396079	1.544678	-6.990950	30.500143	-24.553943	1.938718	-13.379771	-10.028397	-9.347673	-5.607361	-3.091799	17.547548	2.082557	-0.920040	1.745892	17.503223	-11.762832	-1.559887	23.389409	9.108414	1.271435	-2.714963	15.801713	-7.147092	12.260759	3.661669	5.524223	1.894885	-11.455911	10.069004	6.060406	-6.564469	-15.823518	-0.322953	11.253817	-28.319941	-25.778048	-5.012699	-6.023251	19.801781	1.462652	-0.370366	1.638808	11.962338	9.171830	-1.191450	7.696301	-7.995493	15.128569	3.199840	8.159229	-8.124155	10.213317	4.775754	4.703852	35.617393	31.359157	21.395148	14.285134
-442.022887	197.886680	122.622860	-105.923189	1831.698449	400.818188	154.008982	34.992622	65.899261	-147.951992	-27.855835	-26.309329	-153.026482	-471.304988	-87.130407	-34.120679	-117.591195	-372.041032	-25.350406	-30.296146	-234.169190	-33.373836	-10.418162	-22.877175	-151.036410	452.899280	24.075295	21.428543	-800.920016	5.729442	104.841532	-88.291585	1010.538224	11.743445	95.979649	-6.668563	-11.641520	-138.679542	-39.693429	-20.236991	15.328584	-41.712620	17.461580	-15.370819	-26.437334	353.802494	73.711546	-13.235041	-76.937978	550.497639	40.876031	-37.127296	108.949777	594.231904	58.586551	31.134604	-755.353073	142.401590	87.795224	-38.382631	724.455451	11.827136	68.230702	-7.190145	8.873499	-82.278557	-46.752989	-10.456320	-32.327080	-45.721529	-39.512605	-0.775347	-25.885539	65.439972	21.006167	-13.321145	-30.767118	80.691850	18.064763	-25.324481	-19.810971	28.127622	10.081056	-5.475733	-611.923028	143.693982	82.297019	-39.521104	593.342974	2.295065	29.826918	5.343743	-11.741651	-24.458217	-50.574590	2.239089	-39.154816	64.201566	-2.180860	-4.669648	-6.172965	109.722271	27.379237	1.181189	11.692198	110.006172	4.551961	0.031165	4.102960	105.494735	-3.497956	5.523641	-568.747322	180.067240	77.483177	-5.290893	490.542614	-17.705533	-2.868357	9.838729	-30.438101	-26.497715	-36.355834	1.207775	-34.196457	128.748487	10.634993	68.263088	-9.421446	426.943433	17.119251	111.307585	11.223730	471.183123	-1.044084	48.096497	33.866759	601.185252	10.610314	40.808300	-389.286465	93.926191	11.104810	23.924290	425.869754	0.691956	-13.146389	49.393862	-28.237583	-45.771256	-8.533229	-14.772130	-143.676505	-104.195773	-2.376590	-86.090997	-66.078610	-42.537393	-10.491640	-10.508531	-4.975169	154.200968	3.499898	31.444312	-8.790175	293.015523	21.132666	7.076183	-463.946142	232.087908	-18.498757	42.425415	578.420537	279.314535	60.558537	83.969328	60.611112	-7.194246	13.293020	-11.140285	-149.169124	-185.123718	-5.959377	-79.536896	-166.746525	-479.220042	-6.777553	-110.035352	-77.965657	-667.903853	-0.495025	-86.366230	-456.646204	-964.511136	-76.912679	-83.188582
-399.864107	226.191698	24.361269	-14.908721	400.818188	236.599441	59.518365	16.952319	74.218800	-17.403816	-1.213442	-3.611255	-21.419846	-123.465770	-33.107026	-7.750096	-21.431319	-103.652950	-23.340644	-10.944735	-46.151276	-59.325542	0.815077	-10.924236	-36.564250	58.097836	9.064825	-2.726738	-331.040723	40.893486	23.393500	-12.632320	288.516465	11.778976	25.792748	5.966885	29.966203	-53.370917	-20.633928	-3.982833	2.817515	-50.210143	-21.686725	-3.970187	-4.237263	74.239432	8.381378	-3.303726	-23.019097	90.136446	18.861245	-9.783312	-10.344680	116.506858	22.715747	2.943587	-318.575502	36.511727	14.957504	-6.766858	259.265060	2.924789	14.057443	3.743978	38.885695	-39.204215	-16.903965	-2.143408	-9.131963	-47.459620	-9.606120	-0.524095	-3.126278	1.248479	20.141950	-1.595808	-8.903768	-9.130844	8.937177	-4.266509	-5.381326	-15.982320	4.928637	0.119519	-292.342158	20.052670	8.775448	-13.772203	236.556286	0.399499	7.605264	8.100709	49.195992	-5.789770	-9.171266	0.751943	8.178886	21.570654	25.813042	-3.477109	19.910099	32.793140	36.910569	-2.033235	-0.018282	32.821087	4.637035	-2.758585	4.071531	42.134645	-2.524666	1.399282	-279.020565	11.139757	6.018232	-11.605361	229.392789	-6.323221	-1.610687	1.294272	38.451383	-9.217887	-6.689589	-4.062600	-4.490978	20.446136	11.179888	2.826466	30.879168	106.889872	15.924814	32.419132	3.517905	122.194310	-2.133067	10.328784	11.281476	142.297404	-13.213726	0.885730	-245.099740	3.703506	-1.799344	-7.863665	199.551432	3.595527	0.413283	18.363862	39.390791	-14.245141	-0.454592	-4.248699	-60.947053	-56.348449	-1.331234	-42.488941	7.100990	-45.698471	-2.071468	8.392792	18.786472	15.024822	-2.936710	28.952036	-7.764061	65.949204	3.493608	-9.761692	-328.698374	42.396585	-15.366324	-12.962785	210.136142	144.429855	34.580970	26.959491	100.695865	18.478171	13.113780	2.936220	-53.909967	-61.422665	-1.128377	-33.005088	-47.548573	-168.977792	-3.775542	-32.077044	-0.950671	-187.858911	-1.514501	-5.418479	-96.834808	-244.379356	-9.456270	-6.463913
-139.273311	-44.995450	28.969211	-15.490459	154.008982	59.518365	44.199700	-1.903268	26.437718	-0.286358	4.125249	-1.782434	-21.868630	-43.139153	-6.194265	-3.417379	-18.380897	-46.176447	-4.659303	-2.545289	-31.593438	-21.097820	-5.485875	-2.359986	-27.218763	25.853624	0.880073	-0.764635	-79.415119	10.146869	18.022783	-7.768299	65.968646	-1.051305	15.333827	-1.470353	-0.163059	-15.806466	-5.552753	-2.847639	-9.217902	-26.402776	-8.491378	-2.239428	-9.452963	4.269033	-5.627440	-0.098088	-10.489174	29.633440	-0.587753	-3.248900	-4.870914	39.063834	4.936547	-0.572698	-56.672657	16.781708	12.591172	-4.337289	47.199554	-0.439596	5.344744	-0.820220	-1.665562	-11.090953	-5.398300	-0.562881	-7.503550	-16.490691	-0.656225	0.028130	-4.135718	3.908443	13.676131	-0.450700	-3.444090	0.161360	5.346846	-1.567866	-3.376028	-10.863629	1.073281	-0.291338	-41.527596	13.225836	8.469745	-3.482404	31.155689	-0.332612	3.976457	0.153227	2.675173	2.862853	-2.585023	0.430878	0.719366	18.980759	19.645488	-0.871871	-3.449467	19.637395	22.926246	-0.517389	0.316426	17.865003	3.801840	0.433851	2.232929	18.401210	0.566777	0.961431	-31.771098	9.423472	5.410899	-1.185910	23.990467	-3.439547	0.151857	0.579609	1.431880	2.879156	-1.420641	0.810983	-6.122072	18.829106	5.393154	1.939766	-9.901034	29.549314	4.800945	1.374328	-0.277522	36.620027	1.464261	2.041501	-1.239930	54.794176	2.573563	3.260911	-19.175481	9.852676	0.103580	2.029373	19.039787	1.701283	0.349812	2.757635	1.827795	-1.818514	0.430128	1.063438	-15.319092	-10.873245	-0.514247	-10.454349	-8.344392	-15.006633	1.459531	-5.965059	0.371202	-0.150172	5.667656	6.109535	-15.196491	22.011985	7.218382	-0.799385	-45.198987	40.473241	0.122047	0.096062	7.414547	28.219414	8.170517	6.658238	7.854439	1.536924	2.111644	1.350057	-9.699258	-6.332606	-0.129284	-6.486165	-14.370436	-36.127104	0.415705	-9.211821	-4.225487	-60.583708	2.752837	-1.833712	-36.645752	-95.031511	-3.422011	1.593796
-50.074257	43.513610	-5.025455	18.783218	34.992622	16.952319	-1.903268	17.054634	0.015725	-6.334532	-1.067907	0.627221	5.626899	1.329160	-2.131766	2.323067	-0.526237	11.995983	-3.402252	1.464008	-6.297852	6.214693	-0.459679	1.411055	-5.152014	-2.975894	1.714074	1.563379	-62.277582	4.340673	2.388361	2.675385	61.176242	2.680481	3.756493	3.561811	-0.412978	-6.515894	-5.588696	0.297652	-4.037425	0.684473	-4.628210	-1.168562	-3.167813	12.946648	1.386990	-1.503748	-3.868286	13.808575	2.881831	0.066650	0.835015	22.308347	6.618487	4.157821	-63.225987	5.320503	3.395433	-0.736218	59.717295	0.610260	3.268380	0.387184	1.191489	-8.668252	-4.279772	0.195127	-2.799865	-11.989082	-5.256278	-1.156192	-1.448609	-8.779888	-0.547796	-1.897735	-2.593943	-8.695258	0.547477	-2.251696	-3.826897	-2.225279	1.172025	-1.197393	-55.577192	3.286749	5.493218	-3.672724	51.332905	0.307972	2.341124	1.407972	3.386723	-3.393925	-2.522959	0.214895	-4.705206	-2.840030	-2.341310	-0.737285	-1.226909	-6.700892	-0.587435	-2.088472	-0.850054	-9.004740	-0.373563	-1.416916	-2.328352	-10.022866	-1.640273	-0.859147	-48.203404	1.865267	4.790407	-3.871893	44.364448	-2.935956	0.680974	-0.333183	3.596396	-2.362755	-1.861970	-0.467525	-7.271156	5.236702	-0.704858	6.872562	-3.192811	14.401819	-0.134420	8.421821	-1.834431	9.419046	-0.425966	0.831865	-4.428532	17.587159	-0.682508	-2.676409	-34.158758	-5.694016	1.370589	-5.025091	36.859296	-2.550672	-1.607340	2.514941	4.665089	-3.117112	-0.664566	-0.832374	-9.996573	-7.399035	-0.510176	1.716453	-2.711326	6.935923	-1.289746	11.749928	-2.350936	19.081322	-0.403976	6.053462	-5.682432	21.878045	6.423087	-0.058693	-47.990370	8.730261	-2.378503	-0.440266	39.963653	10.053698	3.401002	2.416678	11.465506	0.657487	0.723014	0.519725	-7.756320	-9.504899	0.019865	-2.236560	-7.561120	-25.864000	-0.283194	-1.454016	-4.220655	-23.594541	-0.617477	-0.917240	-16.703242	-31.492196	1.332284	2.946246
-279.760437	89.934861	-2.134164	15.058497	65.899261	74.218800	26.437718	0.015725	277.106777	162.861046	27.995808	23.089549	102.196312	403.169385	12.450833	30.933504	-33.161128	343.146368	-30.873564	11.646078	-2.143883	131.545466	-19.552643	10.694971	-35.990768	-51.801230	-3.469919	1.360401	-122.695731	4.927750	7.603372	6.273731	56.434881	5.176269	12.162344	2.860467	72.385275	-18.437594	-5.968416	2.818715	-18.601241	-59.870989	-54.365802	5.464203	-28.161827	-54.970466	-59.403669	8.060402	-14.230699	-71.152549	-8.241601	-6.271564	-49.842412	-68.044791	3.669940	-14.207996	-123.602752	-7.686461	0.841369	0.275194	55.299479	0.887063	9.710626	1.718055	9.677998	-68.067847	-18.897699	-8.207741	-36.612892	-157.347692	-49.771422	-5.142009	-13.274534	-139.141948	-21.429291	-3.395973	-10.782261	-119.361106	-4.918962	-9.644148	-27.323338	-98.064893	-5.969621	-8.276119	-94.417535	-19.835661	-5.745290	-1.550807	47.994237	-3.381899	6.434188	4.215579	38.336444	2.633673	-10.139812	8.320100	13.396584	30.186174	2.263918	14.698518	3.412290	17.722988	8.405189	0.656682	-3.437621	18.834482	0.287930	-3.911432	3.005236	23.066320	-5.388907	2.236557	-77.967267	-7.242927	0.511786	1.979259	47.276402	-11.585604	-5.291088	-0.179516	48.404391	10.164775	-8.611765	17.182362	67.043848	59.290678	2.642364	60.590965	-2.147519	62.655143	3.470569	1.739320	-9.001370	58.045507	-4.978359	-16.869771	6.408806	84.710574	-6.695484	-0.420924	-46.104479	-29.373525	-4.316817	8.989215	31.842074	-7.580538	-6.398812	9.488897	42.497824	-7.542665	-2.557987	10.776568	22.691465	-13.403632	-1.619226	20.085663	10.994611	-5.046303	-7.396830	7.314849	-5.107539	-28.213014	-7.461016	-14.980986	27.171028	-26.371876	3.348329	-13.068687	-42.341985	-80.688397	-2.392518	-13.005863	3.774023	39.147881	8.436248	0.503447	83.986446	15.811859	9.832739	7.846261	5.349166	-7.353418	-0.169211	-6.654450	9.255908	-13.831140	0.839859	-3.906549	4.872520	3.658957	2.794022	-4.016746	43.206658	-72.813723	24.259186	-6.860642
144.674892	31.423680	-17.978057	25.004432	-147.951992	-17.403816	-0.286358	-6.334532	162.861046	276.681598	31.845825	34.679893	43.999789	492.858770	17.364390	40.175842	-35.450680	275.060403	-26.317021	17.017399	-5.765939	45.237789	-20.063089	19.544249	-57.519099	-177.628102	-10.179547	1.974601	132.874615	-20.485532	-8.421158	20.027805	-107.424147	-3.223123	-4.407953	-0.912951	29.707114	58.847157	14.279196	7.846045	-31.842324	36.317560	-42.117659	21.591737	-14.647012	-60.944576	-60.959336	26.834755	18.902003	-119.488606	-12.686965	12.400822	-26.802540	-128.628867	-7.838746	-7.486412	90.644276	-42.491619	-4.875906	6.980716	-87.338585	-8.050608	-7.090951	-0.340872	-24.890719	-48.175856	-14.595837	-5.659147	-29.584082	-119.523559	-39.827128	0.121547	-3.427041	-104.383878	-17.185724	6.879635	9.707294	-85.711002	-1.007663	2.490985	-12.014822	-80.158778	-4.810352	-6.267392	91.400308	-49.195431	-10.869647	1.618764	-77.069330	-7.836729	-7.688223	-1.868284	1.738893	14.712652	-9.982498	10.135224	16.460675	16.898737	1.576535	20.511914	-6.897894	-24.704389	4.779795	-4.229064	-2.077958	-18.723343	1.526838	-6.310597	-1.810532	-18.574364	-3.180547	-1.006277	83.164798	-32.109527	-7.292808	4.970332	-68.520497	-15.141499	-9.539501	-2.308823	29.004651	25.473825	-6.216796	26.570498	84.149835	45.782157	0.013321	65.354108	-25.545522	-27.143953	-5.411333	-28.708257	-12.947389	-54.107924	-2.957599	-35.417510	-7.056286	-48.961353	-2.225524	-14.405455	82.522819	-17.282661	-6.150503	17.039746	-63.148257	-11.993895	-7.665621	-4.338467	19.647442	3.108446	-2.387023	14.819636	67.358205	36.963767	-1.132459	64.705224	12.083790	29.620518	-4.401976	5.339467	-13.472619	-36.185708	-0.813556	-34.289327	1.244478	-43.337440	11.489712	-26.704001	77.900009	-35.904272	2.896206	5.746102	-85.464151	-41.332149	-3.114147	-9.405347	4.992799	-0.015858	-2.309145	2.291454	47.741239	42.139014	0.604633	16.871379	50.194780	117.122246	5.916691	23.794145	18.196699	159.832733	8.765197	5.963343	67.660862	140.390907	37.933928	-11.538661
-54.678150	5.258630	-6.507651	6.356984	-27.855835	-1.213442	4.125249	-1.067907	27.995808	31.845825	34.178678	0.599375	10.920868	109.602597	60.970661	-3.329738	6.252419	132.743733	21.818842	-1.992809	33.047081	60.580886	1.965193	4.303957	0.474548	-70.676089	-4.831284	-2.852874	6.366036	0.337637	-1.858090	9.036786	-11.409984	-0.527022	1.833012	0.470189	21.218737	13.472914	26.312632	-0.236384	-10.769491	-12.596973	15.663100	-6.034847	-13.265148	-64.875076	-14.318784	-7.582511	-1.958935	-67.705503	-6.653542	-4.435192	-11.257243	-51.624751	-2.970115	-4.048296	13.133469	-5.981903	-1.169657	3.151377	-10.892232	-1.191478	0.374818	0.054541	-5.106892	-12.998520	-1.583459	-1.983877	-9.619701	-44.061704	-9.976882	-1.562796	-4.856244	-49.550240	-2.811889	-2.704421	-4.539552	-41.293947	-1.030243	-3.741825	-7.203931	-26.404561	-1.823875	-2.481250	12.359732	-9.118365	-1.149589	2.789218	-9.411499	-2.054997	-1.179140	0.208419	0.136120	-1.448906	-3.595556	1.715112	3.051098	5.749380	2.546175	13.618502	-0.367858	6.910095	5.555287	11.219527	-1.178152	5.352468	1.004372	3.549608	1.908070	8.883998	0.761351	0.682107	17.263386	-10.452409	-0.893196	-1.015097	-9.881355	-2.940629	-2.231608	-0.475000	0.447532	0.335788	-2.875135	2.678098	9.709581	6.496447	-0.135060	13.452209	-3.951653	12.772818	0.321932	5.186426	-3.600361	36.111244	2.196276	-0.355700	9.884675	69.457251	14.395532	1.448617	13.270751	-7.985276	-0.403283	1.242819	-13.003829	-3.133949	-2.384845	0.608673	-4.501081	-0.203718	-0.750629	2.886701	0.005950	-1.012524	0.058042	4.639469	-4.345540	6.121567	0.921119	-5.016226	-8.521853	6.356755	4.408522	-11.564192	-13.772448	14.045031	9.933937	-7.064645	17.702263	-1.440348	-0.454844	2.536699	-22.385305	-5.283973	2.599952	1.521333	-2.226319	1.263748	0.830849	0.587581	-14.976051	-13.189349	-0.295437	-4.859711	-2.717723	-25.574929	0.187203	-1.570377	-8.233588	-36.802635	0.335968	-5.175347	-32.158884	-74.211703	-3.883544	-7.976377
11.865675	-6.440387	-1.528438	1.199323	-26.309329	-3.611255	-1.782434	0.627221	23.089549	34.679893	0.599375	14.234093	9.564078	64.613736	-4.548568	16.399529	-4.555978	38.053728	-7.331035	5.907774	-0.574405	11.351299	-3.782702	3.705224	-2.713671	-15.058926	-1.324825	1.249423	14.699511	-5.145192	2.767484	0.157798	-15.083337	-0.654246	-0.017341	0.360253	-3.441941	-1.553305	-4.151170	2.935580	-5.378630	-2.431524	-10.093744	7.192674	-2.172796	-5.046385	-7.490909	5.859136	-0.156779	-12.283868	0.105676	3.942765	-6.205888	-15.924519	-0.655504	-0.986882	11.044718	-2.667179	2.917794	-0.665963	-14.446756	-1.395627	-0.585306	-0.187583	-4.403632	-8.996737	-3.167603	-1.215720	-4.764071	-20.271204	-6.265832	-0.826809	-0.636068	-18.828069	-3.154603	1.109282	1.136656	-14.284516	0.087387	0.562024	-2.820826	-12.091267	-0.600818	-1.001286	14.292052	-7.077399	1.737638	-0.442128	-15.005655	-0.940410	-0.650595	-0.191837	-0.045192	2.039919	-1.263509	1.381431	0.132135	1.053855	-1.007392	1.324009	-2.060284	-4.518636	-0.684341	-1.572492	-0.098123	-4.304515	0.165980	-0.853754	-0.797592	-4.850074	-0.819997	-0.346834	13.370998	-5.873650	-0.391576	1.524678	-14.195381	-1.774460	-1.218432	-0.990884	1.416434	2.092573	-0.761323	3.169882	4.560950	2.797500	-0.421294	4.723113	-3.964586	-7.759104	-1.004435	-5.466555	-1.655468	-14.444145	-1.348391	-3.763817	-2.315091	-16.967786	-3.370385	-2.816143	20.224982	-7.866940	-1.724747	0.009970	-12.882478	-1.985200	-1.355403	-1.500828	0.052485	-0.423438	-0.344494	1.540503	6.698567	7.876173	-0.192792	6.761093	1.579418	7.976749	-1.065459	0.875292	-0.541348	-6.761419	-1.336619	-1.673351	5.511699	-4.081094	1.991075	-3.270736	3.045896	0.075285	1.470723	3.134299	-18.167153	-6.295637	-2.240822	-1.730748	2.031941	2.072130	-0.309323	1.393980	5.309626	9.022733	0.851597	1.702412	9.640145	17.231726	0.422580	4.605583	3.880942	30.622796	-0.338326	2.393301	15.359876	32.805662	4.012267	0.862918
-232.111370	-9.839556	-7.339490	23.995689	-153.026482	-21.419846	-21.868630	5.626899	102.196312	43.999789	10.920868	9.564078	425.640284	535.555297	64.829477	49.588575	211.103412	915.685309	15.073048	71.797478	142.112797	621.342352	-19.390059	75.783564	109.039925	261.857661	-0.680029	53.374270	19.507081	13.003355	13.529486	-1.673639	-28.776818	2.491395	1.245937	5.036353	-5.685496	-87.458794	-15.346608	-7.221326	-24.243775	-313.215861	-95.220887	-2.318327	-19.809854	-408.063771	-121.433766	19.148488	-31.994308	-331.282604	-53.042942	9.987175	-68.548247	-159.713646	-20.619300	-1.529248	5.014702	10.760397	9.243173	-4.492438	-23.352349	-5.298947	-1.597018	0.946950	-31.353069	-128.825077	-27.400235	-17.063580	-58.628047	-344.822812	-86.446254	-15.385604	-20.843072	-367.163645	-57.218286	-12.237060	-20.924119	-280.386626	-19.001666	-20.080780	-39.684704	-178.051705	-11.586111	-19.259305	-8.992086	0.106997	-14.302168	4.912293	-1.801011	-11.387537	-11.989555	-1.373301	13.108068	-19.766810	-23.629656	2.150108	29.090456	-10.156903	-20.219446	13.188003	33.503717	-21.647535	-7.330954	15.115050	-2.768842	-39.735507	-3.625075	-0.186099	-0.500842	-57.700118	-6.503936	-1.281656	-1.091523	-18.538430	-13.464408	8.375233	2.749193	-16.667235	-13.836919	1.039986	9.793599	-3.643068	-19.295716	5.662843	77.788294	-24.850911	-8.675767	30.128353	77.318028	-39.116432	-10.482751	24.928993	11.076103	-80.245383	-19.127631	11.115239	18.268539	-165.788413	-30.916276	-4.801826	15.756486	-65.187497	-10.759280	-5.181882	8.044057	-16.721790	-12.872715	-1.675961	0.035670	1.358044	-6.035346	1.919004	25.976089	-35.732751	-2.571068	-3.497798	65.589809	-40.709631	-17.582826	21.114841	28.147935	-27.572521	-25.248101	19.299824	99.379928	-101.037435	-35.717403	15.612048	0.799007	-129.903122	-17.008193	-40.344620	-47.049938	-32.707510	-22.029197	-14.529475	28.932550	21.646387	-1.092767	14.450653	1.889805	29.342385	-0.159797	0.331183	32.975268	34.380142	-4.810604	2.585443	30.096314	106.583381	-6.739011	10.375540	152.160044	115.844291	15.486591	19.190455
-167.834738	12.787766	-36.798854	102.175625	-471.304988	-123.465770	-43.139153	1.329160	403.169385	492.858770	109.602597	64.613736	535.555297	2014.221626	227.775223	90.048255	86.405470	2351.858805	16.376634	76.768920	205.146944	1384.694270	-37.932647	153.886331	177.037220	127.565078	-5.176501	106.493039	260.894120	-26.860133	16.289562	48.130358	-248.191119	-1.097816	-7.959016	9.301819	16.267528	-31.219366	22.723468	5.987968	-166.016884	-358.324580	-186.570205	-3.915932	-142.120037	-747.869061	-305.580691	1.505632	-69.850988	-728.334344	-114.955512	3.074400	-180.529538	-505.314427	-33.812092	-24.365113	187.510079	-79.365267	19.698193	11.485853	-213.994371	-26.801001	-21.418962	3.807625	-120.252807	-297.917835	-79.814841	-38.256084	-163.974487	-790.948936	-229.817252	-29.663703	-55.219760	-851.773096	-142.373688	-24.794513	-42.566220	-673.130784	-41.166315	-41.196328	-98.278618	-451.801806	-27.806227	-39.272060	167.779259	-94.393262	-18.736198	13.395417	-175.687009	-34.244945	-36.654363	-5.062545	4.414794	-33.387429	-65.325349	13.043693	66.088109	-7.832983	-55.681138	66.942466	46.988788	-60.791250	-24.051238	44.315124	-9.718536	-81.737879	-3.928089	4.921128	5.194556	-73.135869	-3.936738	2.531380	171.408053	-95.320587	-34.394964	24.353352	-162.040776	-57.926056	-47.497186	-3.538206	65.213436	21.437403	-48.759952	39.457558	283.080010	64.538025	-23.928400	182.479767	49.844150	-33.434035	-28.140403	33.055407	-28.292215	-50.460790	-14.981976	-37.805543	62.268335	6.227449	14.371205	-6.265938	170.883825	-129.530253	-25.644167	25.374604	-137.470589	-57.487631	-40.667287	-13.760979	28.660714	-7.032990	-16.222961	25.510274	149.486981	17.095303	-7.263197	113.788056	68.170755	52.132806	-29.965740	53.087299	-33.991080	-10.129496	-16.851635	-75.555717	91.404973	-71.022114	19.776542	-40.120155	153.919575	-277.759313	-39.080302	-16.275323	-236.596664	-178.075950	-42.522557	-33.060441	16.167789	8.587807	-7.695378	13.496131	52.138209	37.295069	0.142342	16.819355	89.326812	83.690860	8.826278	41.377133	3.324097	195.222089	8.128913	-5.415496	103.377820	25.337664	55.536961	-32.586642
-461.484496	-86.141726	-18.407750	22.147484	-87.130407	-33.107026	-6.194265	-2.131766	12.450833	17.364390	60.970661	-4.548568	64.829477	227.775223	257.322411	-18.530063	97.242384	506.352871	193.475454	-11.018913	180.846429	418.254101	57.268252	6.705179	119.976366	40.966555	-0.690971	-3.869925	-39.251058	20.789634	0.914624	26.995071	-25.650954	-0.051395	3.785563	6.176132	20.919973	-8.310930	52.103477	-7.261729	-7.995640	-125.553493	76.253850	-25.411735	-32.655402	-318.992008	-3.169221	-32.603494	-35.273297	-329.838727	-20.557551	-29.588765	-89.115173	-226.854470	-15.899973	-24.096429	18.686542	-13.568767	12.624206	-0.221467	-18.133583	-4.818566	4.730185	-0.225032	-19.342733	-63.113334	-6.562149	-10.013877	-25.446988	-190.915742	-35.870681	-8.939077	-13.926932	-232.153326	-27.777096	-12.188766	-21.584722	-197.740121	-11.255077	-17.763402	-38.248170	-130.625672	-7.575629	-12.456023	11.015648	3.285981	6.622543	10.843561	-13.029649	-5.753544	-3.127157	-2.418302	-4.053873	-15.317184	-11.619812	1.735833	13.979037	4.269704	-11.614202	38.013802	13.887851	34.206365	-6.089508	52.414144	2.647221	15.587127	-2.015962	20.243179	10.197742	15.548962	3.830117	1.295114	42.815869	-24.590170	1.783342	-5.472361	-16.877682	-8.206300	-3.671744	-0.442448	-7.428260	-4.766339	-8.847245	4.132869	11.853482	-28.469544	-6.500679	31.385264	1.869600	19.042790	-5.654937	71.949031	-0.088154	114.907598	-2.190598	48.159779	52.418741	187.154279	30.806731	27.070104	39.708598	-30.020479	0.605864	-7.331213	-27.036483	-9.423421	-4.834602	-4.757970	-17.565767	0.867470	-2.354962	5.949324	-26.066936	-40.182086	-1.511579	-2.861813	-30.809605	-61.805496	-3.226420	-10.376867	-15.964818	-23.085258	4.124936	4.784915	30.319434	27.376073	15.124940	16.108303	69.021311	-19.560617	3.472918	-14.091817	-50.282402	-40.542544	-9.284754	-12.342623	-29.079242	-7.026372	-2.035451	-3.663283	-44.731619	-43.355933	-1.833075	-17.009775	-26.431741	-115.360502	-0.447542	-16.868337	-29.154959	-175.229130	-1.094266	-11.079548	-110.777484	-261.602181	-15.740582	-12.092044
18.200251	-0.788087	1.202213	-0.480088	-34.120679	-7.750096	-3.417379	2.323067	30.933504	40.175842	-3.329738	16.399529	49.588575	90.048255	-18.530063	44.088023	6.900534	68.065360	-25.164049	30.261015	-15.848060	-12.677777	-12.555435	16.220244	-34.366367	-57.493651	-3.633384	2.585253	29.140804	-9.368060	6.651951	-0.771071	-21.828383	-1.260465	0.435742	0.381026	-11.559630	-13.259057	-10.549359	3.164302	-13.925229	-35.699280	-28.066349	18.391834	-0.473383	-21.160683	-22.851240	26.152756	8.380790	-18.456624	-2.506074	19.279951	-1.766884	-25.848738	-1.077406	1.969771	19.347838	-1.078576	5.774660	-1.724850	-24.936235	-1.765617	-1.262071	-0.435118	-11.257871	-21.554541	-7.496910	-2.841111	-11.719283	-48.626848	-15.508570	-1.531079	-1.467551	-41.432809	-7.931804	3.501591	5.104037	-24.065714	0.250270	2.483893	0.121997	-18.153765	-1.017966	-1.789654	28.830971	-11.232692	-0.515498	-2.834808	-28.739251	-0.347845	-1.313890	-0.146447	-1.602479	2.556786	-3.225666	2.889193	-0.227924	-0.202797	-2.816002	3.575170	-4.285111	-13.347146	-1.785117	-2.549674	-0.236781	-13.025111	0.160999	-2.072647	-2.660465	-16.500530	-2.318263	-0.876500	23.539069	-11.254406	-1.938942	2.102289	-25.863025	-3.121105	-2.881832	-0.195106	-0.195416	3.814269	-2.320380	7.145971	2.950249	-3.356968	-1.380351	11.600895	-8.703391	-27.077651	-2.538922	-10.814274	-3.053503	-40.878523	-3.997851	-7.664655	-11.879399	-54.500767	-11.360258	-5.295287	34.718092	-13.618298	-2.551953	1.243144	-21.867242	-3.565835	-2.714360	0.125363	1.530535	4.539093	-0.888483	4.818479	9.261456	8.747794	-0.551609	16.174607	-0.398671	-3.766136	-3.066720	2.773260	-4.759537	-25.874839	-4.163465	-5.983691	10.083406	-29.923433	-0.595220	-4.340952	-0.924333	-16.438919	6.000119	9.228336	-39.946260	-10.662818	-2.784587	-1.379825	13.297443	14.476392	-0.748525	8.550241	18.757114	40.057511	1.401477	14.815977	18.740501	64.423029	0.254177	18.139838	0.928683	95.644710	-0.822329	4.481086	35.015803	107.108366	13.264804	3.342569
-524.289278	-76.323385	-24.283987	-5.883488	-117.591195	-21.431319	-18.380897	-0.526237	-33.161128	-35.450680	6.252419	-4.555978	211.103412	86.405470	97.242384	6.900534	341.959807	406.748328	149.907830	39.927617	282.371263	491.580242	73.312799	44.185401	247.281245	354.242792	3.478472	36.211730	-55.009747	48.252134	7.669387	-0.679872	-14.836699	9.301315	6.554437	3.188419	-0.616651	-41.890324	21.853368	-11.750496	56.143241	-232.330871	42.968128	-18.839843	58.889330	-353.608478	30.611852	-8.297233	-3.105646	-299.284973	-15.821825	-10.553691	-32.708279	-144.148205	-12.792511	-6.989167	10.873199	19.328848	7.891596	-1.585206	-3.272916	6.402463	8.969086	0.110826	17.550678	-65.771632	18.095413	-10.588187	16.717758	-238.196604	19.140033	-12.997730	0.286012	-303.868752	-11.172828	-15.294615	-19.972574	-249.280286	-13.997475	-21.909100	-33.434867	-154.926678	-6.572858	-17.490215	-11.112856	32.929062	-4.080922	9.772147	17.875285	1.958742	-4.544338	-1.202590	23.725152	-13.863901	12.156908	-2.551021	31.631170	-22.107613	9.482628	2.340902	27.092590	6.587544	-5.928151	14.494804	4.543667	-0.904950	-3.124142	4.031140	10.784342	-15.442820	0.345070	-0.596772	2.500091	-1.265282	-3.201707	-6.609355	44.464506	10.851223	9.301881	-3.466221	5.169577	-12.139413	14.613861	-9.607012	-13.273722	-65.866787	-0.562322	-38.588186	82.231587	-23.875656	-4.459837	16.654068	33.391826	-16.576573	-10.458882	28.095651	44.285473	-87.069745	-11.615815	10.906667	5.197814	-20.350106	2.786513	-28.245628	21.771326	3.522095	15.633760	-12.916499	4.371663	6.903788	6.715023	-6.737901	-30.548852	-36.829559	-0.049176	-55.635917	51.785949	-79.472425	-5.480063	-13.292198	55.483407	-63.323335	-14.899704	32.013331	40.616784	-110.990711	-39.861817	16.251470	32.894423	11.955774	2.723769	-63.746659	-28.241685	-12.964450	-7.326334	-24.579978	13.408961	20.868799	1.416754	9.411778	-27.546062	16.458365	0.487124	-18.582979	-6.769201	-43.632378	-3.151526	-17.124614	46.855406	-43.479559	-9.266506	23.529329	74.250369	46.309241	-25.555359	40.596392
-1364.272501	-139.975245	-32.833593	114.581727	-372.041032	-103.652950	-46.176447	11.995983	343.146368	275.060403	132.743733	38.053728	915.685309	2351.858805	506.352871	68.065360	406.748328	4100.387876	269.585604	83.572362	563.421915	3275.286174	51.810112	225.082620	845.564011	1457.969339	52.143076	197.462015	-9.763241	26.840895	66.757873	36.403006	-84.123954	1.473581	11.915397	20.830011	-68.295478	-275.334824	36.984475	-31.106298	-214.040556	-1024.818463	-152.117219	-102.545102	-215.269670	-1568.426162	-361.103786	-106.966663	-201.646211	-1316.330783	-169.792284	-74.331982	-300.935392	-701.886375	-48.112783	-48.339806	27.517879	0.968795	81.177357	-15.396347	-86.858804	-34.126194	-10.277241	3.479260	-164.897455	-521.440256	-112.525835	-75.545272	-248.619196	-1457.193192	-343.327855	-75.110976	-114.168051	-1679.576693	-232.090717	-90.439396	-142.973058	-1363.451725	-83.440269	-119.391779	-215.833436	-856.034839	-49.895612	-81.679094	13.533888	-2.673986	4.082163	21.102671	-73.340099	-46.386320	-46.755648	-10.252644	1.651161	-102.995741	-108.409908	3.709674	94.353805	-47.584478	-97.657956	95.744084	112.118957	10.666488	-40.214882	131.643952	-4.546880	-62.935621	-12.726313	40.748041	22.690580	-83.249430	-2.171961	5.030722	110.111636	-107.856566	-38.669780	15.049646	-90.969049	-75.604585	-65.105066	-3.128817	26.487934	-44.052081	-86.356365	8.406578	351.597032	-33.861735	-41.958996	191.306994	230.788098	96.960949	-36.406997	241.914701	13.563500	192.309212	-34.138219	99.365917	191.450444	259.272270	34.455741	55.381070	121.726193	-221.518884	-28.495101	-18.867131	-79.523084	-76.991670	-54.767159	-14.202177	-35.058470	-60.775674	-27.326045	-21.492303	61.541784	-183.067115	-15.154135	-45.410035	142.369172	-72.427073	-50.445820	71.650692	39.118851	86.249633	-36.982237	25.900832	239.631334	71.057006	4.680407	26.345455	74.993995	-345.253858	-44.557582	-34.360506	-187.154243	-204.745143	-63.447455	-44.424923	9.999954	-3.947442	-9.604151	3.183063	-119.767691	-155.226183	-5.679831	-89.709427	-34.752671	-448.707933	-0.619133	-62.094833	-15.691578	-442.308821	-9.645753	-10.520270	-75.656135	-658.281479	-56.082298	1.809138
-601.474710	-151.096898	-23.565932	11.385961	-25.350406	-23.340644	-4.659303	-3.402252	-30.873564	-26.317021	21.818842	-7.331035	15.073048	16.376634	193.475454	-25.164049	149.907830	269.585604	295.431586	-23.209199	262.112877	451.817427	154.405149	-3.848210	247.772825	290.015924	27.700964	1.753756	-106.472531	33.569901	-0.780100	15.503836	26.118498	3.043575	4.468157	6.298926	-6.712003	-43.703572	23.117488	-10.692279	38.489788	-156.980040	124.037869	-24.844034	21.344386	-330.907872	126.124005	-37.842708	-32.389943	-357.835841	14.200375	-41.483671	-101.371003	-248.740747	-12.662056	-32.122138	-19.984987	0.026905	18.861445	-8.118099	27.479433	-3.259850	9.870228	-0.994496	2.591509	-63.125814	10.595883	-10.648275	24.676020	-194.069120	31.910061	-9.460292	5.008612	-256.374704	1.227031	-13.860349	-25.073994	-230.128167	-10.959300	-22.237301	-45.547365	-155.266503	-7.622963	-15.227370	-1.316324	7.898538	8.773606	-2.148403	33.578862	1.949717	6.527948	-5.272195	35.137394	-7.215653	29.113705	-1.100773	44.615142	-5.464642	17.280042	20.380382	33.876641	29.028609	-5.314290	43.369077	12.022575	1.853682	-3.181496	19.315281	5.389767	-14.000269	-1.951149	0.567579	5.235785	7.613832	11.076661	-8.666619	39.751571	18.212538	17.681421	0.259963	36.457099	-1.161657	24.921590	-3.145346	12.698075	-59.183554	0.698842	1.048804	68.525406	-14.416883	-3.810270	93.352871	27.931437	48.779814	-3.610721	77.558561	46.980582	93.791561	18.811433	30.620379	-15.810920	3.543664	6.517739	-9.404111	17.789329	13.188065	17.008144	-7.797774	24.205268	-0.332025	9.816228	-3.594468	-35.114577	-74.664921	-1.855264	-34.044939	2.643735	-120.590609	1.079756	11.898954	34.943638	-44.391381	11.398011	68.081952	64.651912	17.337060	14.916073	39.698938	24.206995	37.775437	10.066181	-37.453140	-11.923043	-4.926887	0.193572	-22.075097	-13.068787	-7.287051	2.234622	-7.386681	-55.804581	-53.325851	-2.323500	-28.807858	-51.863929	-175.783493	2.419410	-28.060128	13.403204	-248.656154	2.889923	20.222953	-67.953790	-237.703077	-28.943018	36.190675
