1.875467	2.980807	0.097595	0.436262	1.024547	2.422968	0.057685	0.887707	-1.798822	0.913518	-0.107466	-0.117532	-1.594783	0.742448	0.140033	-0.689931	-0.004252	0.066306	-0.018493	-0.109735	0.072182	-0.794937	-0.169683	0.026940	-0.239388	-0.580663	-0.081689	0.014818	0.120448	-0.135578	-0.118203	0.069870	0.548859	-0.656088	-0.263090	0.237000	0.033777	-1.014221	-0.484019	0.365523	0.086513	0.038795	0.041854	-0.074145	-0.325433	-0.156651	0.054321	-0.185264	-0.047027	-0.353394	-0.026348	-0.051195	-0.074561	-0.558367	-0.046665	0.018392	-0.027449	-0.001793	-0.049103	-0.013674	0.222685	0.075983	-0.056420	0.013609	0.384153	0.077108	-0.073250	0.204967	-0.072886	-0.002525	-0.081972	0.122153	-0.746429	0.563133	0.191526	-0.232576	0.001445	0.318724	0.203181	-0.088372	-0.250160	-1.115075	-0.190504	0.042815	0.195207	1.032597	0.097389	0.022909	0.008361	0.369948	0.096675	-0.004497	0.280721	-0.286472	-0.021771	0.050546	0.063184	-0.625159	-0.309716	0.193995	-0.152938	-0.257420	-0.154068	0.231988	-0.193292	-0.391035	-0.063344	0.080375	-0.223614	-1.180329	-0.289664	0.018152	0.030133	0.228045	0.059879	0.022373	0.002548	0.021943	0.129038	0.008737	0.076826	-0.665504	-0.024261	0.020526	0.022536	-0.497177	-0.150707	0.052431	0.011690	-0.089729	-0.046965	0.250912	-0.095600	-0.038118	0.022969	0.161084	-0.151833	-0.066565	0.059565	0.071860	0.076717	-0.137261	0.060086	-0.349876	0.177657	0.583155	0.069340	-0.056680	0.039756	0.519919	0.006688	0.118593	0.007161	0.435059	0.060984	0.031541	0.094131	0.316720	0.194707	-0.032051	0.102538	-0.059487	0.126547	-0.005562	-0.028318	0.018107	-0.039105	0.057012	-0.007458	-0.293895	0.014646	-0.568712	0.053001	-0.272495	-0.028241	-0.549378	0.013197	-0.390933	-0.037908	-0.072062	-0.058716	-0.013318	-0.027114	0.155573	0.034494	0.738350	0.036356	0.316813	0.096308	1.198384	0.155626	0.197853	0.090891	1.565380	0.146720	0.028817
2.980807	8.368458	0.338322	0.904813	0.622228	5.369899	0.242548	1.086491	-3.440650	2.253736	-0.149237	-0.581350	-2.483204	2.209881	0.105064	-1.278941	0.366131	1.306366	-0.169498	-0.111308	0.510046	-0.832622	-0.395669	0.101616	-0.379389	-1.276096	-0.188577	0.004718	0.697163	2.301090	-0.171687	0.278804	0.472473	-0.279030	-0.630633	0.248279	-0.223949	-1.513096	-0.996172	0.495764	0.299984	-0.527370	-0.133750	-0.002316	-0.329368	-1.075627	-0.268854	-0.246309	-0.038211	-1.198931	-0.317090	-0.114713	-0.374893	-1.521281	-0.254962	0.013928	0.304856	0.292915	-0.265032	0.008911	0.409473	0.451715	-0.334340	-0.010488	0.809428	0.437593	-0.193414	0.337328	-0.122537	0.153451	-0.158890	0.148895	-1.451397	0.743644	0.035505	-0.289754	0.299017	0.413611	0.114404	-0.060573	-0.454198	-1.861510	-0.607737	0.402340	0.737368	1.895966	0.117850	0.104904	0.056172	1.190597	0.020547	0.011057	0.489408	-0.197564	-0.224558	0.106293	-0.127847	-0.944499	-0.742527	0.121831	-0.532500	-0.670631	-0.479821	0.336582	-0.140828	-0.512642	-0.235541	0.378618	0.008140	-1.553786	-0.549817	0.406285	0.192877	0.436836	0.064112	0.143756	-0.001142	-0.359962	0.072009	0.064860	0.170104	-1.827834	-0.297619	0.070963	0.088208	-1.384893	-0.406187	0.012360	-0.258425	-0.552501	-0.105771	0.164466	-0.471855	-0.205095	0.062504	0.280621	0.030225	0.233625	0.224130	0.307344	0.240068	-1.284664	0.080021	-0.632556	0.550714	1.293700	0.155757	0.130898	0.231246	1.378672	0.035352	0.506931	0.060999	1.007070	0.076789	0.250839	-0.055462	0.531426	0.172049	-0.088494	-0.122957	-0.020172	0.155635	-0.107843	0.019129	0.073157	0.060956	-0.000936	-0.050715	-2.171452	-0.016302	-1.477922	0.185983	-1.544317	-0.080088	-1.506896	0.129677	-1.876476	-0.086743	-0.052594	-0.005590	-0.516731	-0.097246	0.747043	-0.028007	1.755807	0.003309	0.667575	0.098673	2.870099	0.323851	0.354510	0.609823	2.780160	0.226976	0.193377
0.097595	0.338322	0.044547	0.010932	0.028493	0.246973	0.041857	-0.008896	-0.171962	0.138612	0.004730	-0.066139	-0.163365	0.182133	0.004465	-0.072181	0.060566	0.216363	0.011843	0.002370	0.106407	0.147616	0.010257	0.012847	0.042230	0.019421	-0.002001	0.000108	0.096455	0.210030	0.031718	0.015298	-0.006876	0.000688	-0.017250	0.001943	-0.036250	-0.087628	-0.057602	0.020211	-0.012295	-0.101098	-0.022146	-0.002717	-0.007833	-0.119769	-0.024769	-0.003397	0.032750	-0.075297	-0.011608	-0.002478	-0.007901	-0.069323	-0.007329	-0.001459	0.042601	0.051961	-0.011124	0.003904	0.016637	0.038571	-0.025575	-0.001859	0.049089	0.045238	-0.004127	0.012562	-0.029074	0.004500	0.001275	-0.010207	-0.096105	-0.005728	-0.014136	-0.024238	0.042044	0.008305	0.004911	-0.000082	0.006748	-0.065366	-0.011253	0.031338	0.066906	0.151022	0.020630	0.011219	0.010338	0.153889	0.005427	0.001370	0.013878	0.020278	-0.006737	-0.000100	-0.036585	-0.069636	-0.049949	-0.000788	-0.044182	-0.081543	-0.040543	0.008703	0.011789	-0.071010	-0.024055	0.031029	-0.013983	-0.105999	-0.030264	0.042368	0.027549	-0.002274	-0.003603	0.008603	0.000110	-0.085924	-0.029658	0.003792	-0.002417	-0.191180	-0.052484	0.001042	0.000857	-0.158606	-0.040259	0.005161	-0.024592	-0.050177	-0.014301	0.009971	-0.027068	-0.013141	-0.000085	-0.004478	0.012660	0.022813	0.003686	0.010734	0.024838	-0.038389	-0.001448	-0.024290	0.009743	0.045039	0.001028	0.018614	0.003683	0.085492	-0.000875	0.031021	0.001006	0.096350	0.002453	0.015617	-0.004907	0.094231	0.012284	-0.003269	-0.016813	0.053246	0.011388	-0.012837	0.009065	0.022193	0.012142	-0.016284	0.021938	-0.072385	0.001573	-0.079627	-0.005953	-0.075401	-0.004907	-0.119372	0.010323	-0.128466	-0.006752	-0.032438	0.007485	-0.027067	0.001444	0.020983	0.009190	0.134942	0.006709	0.024127	0.011630	0.190422	0.002770	0.020535	0.055971	0.224573	0.033769	0.027289
0.436262	0.904813	0.010932	0.196819	0.129211	0.522382	0.000751	0.324096	-0.428979	0.074685	-0.025784	0.016347	-0.385150	0.116074	0.066124	-0.160095	-0.021380	-0.041491	0.017274	-0.031684	-0.034899	-0.377194	-0.060037	-0.007694	-0.103455	-0.241360	-0.024642	-0.006175	-0.027939	-0.061591	-0.009414	0.024753	0.162234	-0.167567	-0.033515	0.069005	0.027036	-0.243138	-0.090530	0.090422	0.045548	0.052220	0.045133	-0.006079	-0.109601	-0.077599	0.019691	-0.051443	-0.059681	-0.214379	-0.017188	-0.021973	-0.065013	-0.239735	-0.029571	-0.004428	0.002507	0.117852	0.033201	-0.004187	0.072376	0.020418	0.007508	0.000744	0.114757	-0.042302	-0.032081	0.064845	0.033674	-0.056685	-0.032160	0.066178	-0.189061	0.101179	0.056410	-0.040604	-0.021740	0.053257	0.062732	-0.035463	-0.099739	-0.358775	-0.092020	0.007181	0.023564	0.104605	0.016706	0.001119	-0.000350	-0.033694	0.028057	-0.001557	0.098240	-0.107342	0.036461	0.016922	0.042766	-0.113810	-0.028846	0.045425	-0.031132	-0.004673	-0.014515	0.079508	-0.031966	-0.046526	0.011279	0.045293	-0.123682	-0.324166	-0.087284	0.014688	-0.017302	0.021884	0.033078	-0.005018	-0.008960	0.077611	0.097007	-0.003501	0.028512	-0.082377	0.069933	0.001496	0.010329	-0.092447	-0.007483	0.008451	-0.021136	-0.019333	-0.001777	0.080856	-0.054157	0.039290	0.014825	0.132386	-0.088399	0.027897	-0.009670	0.092785	0.001969	-0.080285	0.022432	-0.097760	0.019838	0.073425	0.020688	-0.050635	0.011512	0.048242	0.006608	0.005537	0.002257	0.019070	0.003914	0.005845	-0.004078	-0.017042	0.014916	-0.007167	-0.003919	-0.050310	0.008711	0.039697	-0.001983	0.072545	-0.017183	0.050865	-0.000946	-0.028088	0.009759	-0.072338	0.015794	0.016632	-0.007366	-0.098698	-0.024784	-0.018167	-0.009874	-0.021205	-0.030237	0.096877	-0.016275	0.028796	-0.025397	0.350205	0.000862	0.054694	-0.013155	0.444340	0.089288	0.026362	0.050184	0.524084	0.078880	0.011195
1.024547	0.622228	0.028493	0.129211	14.797028	8.059994	0.794372	1.683371	15.872108	19.283664	3.236988	1.542160	-6.064007	22.205144	-0.318120	-1.397271	-3.025979	16.037509	-7.235591	1.052650	-0.734945	-5.133542	-7.032197	0.785878	-13.165162	-15.775615	-3.162529	-0.247157	0.187741	2.079383	0.512230	0.053562	17.708749	3.755286	0.470023	0.304318	6.319714	-3.731130	-6.478565	0.995059	3.292765	-8.116493	-11.505825	0.214322	3.798777	-0.515501	-7.107306	-0.507429	-1.328999	-3.858975	-2.831300	-0.214638	-1.585178	-3.622274	-1.007801	-0.072773	3.891120	9.457333	-1.369369	0.443979	10.064037	-3.946820	-6.256020	0.019866	3.943691	-14.095525	-12.766273	0.661810	12.245371	-6.286623	-8.078987	1.040009	6.423942	-1.553186	-2.303110	-0.048216	-1.275971	-0.173562	0.189503	-0.349989	-0.428675	-1.053808	0.158611	0.056686	7.444990	-4.582570	-5.035871	-1.612790	-1.811206	-11.628356	-6.172603	-2.491920	6.262126	-1.006814	-2.790686	-0.669947	8.728378	7.914978	-0.124073	0.820834	2.185818	1.940192	-0.142562	0.886029	-0.714128	0.264234	0.389237	-0.101554	-1.105529	-2.022448	-0.020622	-0.129910	10.409526	-4.420296	-1.141671	-3.254750	-0.795739	-10.060417	0.072486	-5.220114	5.886059	-5.563637	0.393591	-6.655482	1.248347	4.060733	-0.173090	-2.704135	0.529088	4.008711	-0.167570	1.513474	-0.102144	2.507643	-0.035720	1.321989	-1.198258	-0.211381	-0.006288	0.399670	2.096952	11.444610	-0.013370	0.099296	5.415152	5.705630	-0.056988	0.542232	1.824085	1.247671	-0.127016	-1.991657	0.092368	-3.982059	-0.259203	-7.430591	0.179892	-4.137301	-0.260313	-6.357444	4.452824	0.916503	-0.200668	-1.338947	0.629863	5.622893	-0.240632	-0.066016	-0.229678	2.270029	0.057629	-0.397106	0.411139	4.306154	-0.043537	0.034375	1.922872	10.300442	-0.081601	1.151840	4.559449	13.216156	-0.080143	1.270483	0.404387	8.320374	0.014611	-0.452004	-1.537113	4.824729	0.214038	-4.296120	1.457951	6.518046	3.272628	-7.175293
2.422968	5.369899	0.246973	0.522382	8.059994	11.528593	0.885476	1.723638	9.487428	18.634665	4.070924	0.175896	0.167339	23.323176	3.637602	-1.724534	0.024870	14.157630	-5.347964	0.845078	-3.239282	-9.577261	-7.501239	0.487351	-13.723138	-16.538139	-3.480849	-0.192228	0.951434	3.675780	0.484760	0.191476	12.569503	6.003275	1.414576	0.266764	7.015278	0.492033	-2.744297	0.732105	2.567872	-6.514192	-9.230322	0.189764	0.520347	-5.701696	-8.126731	-0.128015	-1.664545	-5.912793	-3.501582	-0.012418	-1.725902	-4.374341	-1.266610	0.009752	6.242809	11.112650	0.011631	0.475377	8.590510	-2.446577	-4.815032	0.075541	5.203805	-10.835835	-11.406016	0.456699	5.484361	-6.361991	-8.212315	0.336026	2.293218	-1.650113	-2.474403	-0.135110	0.012836	-0.315269	-0.294782	0.052572	-0.779302	-2.920310	-0.681569	0.290757	7.710002	0.597233	-4.464749	0.203238	-1.947796	-6.731464	-6.311824	-0.568012	4.563495	-0.438324	-3.877021	0.893181	4.404934	4.414985	-1.067343	1.060438	0.678299	0.505748	-0.409433	0.710047	-0.203578	-0.628145	-0.297895	0.479140	0.072267	-2.754480	-0.590414	0.468187	4.602873	-7.721990	-1.277195	-2.393233	-1.600198	-7.271651	-0.328673	-3.947834	3.706458	-5.295718	-0.437421	-4.414655	1.406459	3.367532	-0.576741	-0.216747	0.146581	3.554313	-0.136741	2.312033	-0.282525	2.058651	0.063268	0.758087	0.627224	1.076658	0.514125	0.446517	1.359271	3.557108	-0.007522	-0.658447	3.603383	1.446813	-0.025275	-0.423860	1.152373	-0.672133	-0.106177	-2.290756	-0.206603	-3.058993	-0.005360	-5.275236	0.362332	-1.419496	0.237817	-2.929514	3.116444	2.293291	0.281498	-0.179310	2.285029	5.417754	0.223419	-0.092889	-0.165702	-0.509596	0.030486	-1.272744	0.492713	0.606571	-0.033625	-1.064485	1.279202	3.469622	-0.085661	0.248604	2.012576	4.725506	-0.196415	0.439612	-0.840105	1.719402	-0.093940	-0.968448	-0.480599	1.822848	0.189133	-3.146707	5.941608	3.586348	2.112149	-3.670123
0.057685	0.242548	0.041857	0.000751	0.794372	0.885476	0.278929	0.027160	1.860446	2.242716	1.543947	-0.027274	1.730306	3.611810	1.804938	-0.107437	-0.501690	1.913801	-0.670796	0.043220	-1.439691	-2.623017	-1.527547	-0.046730	-2.885357	-3.424247	-0.728658	-0.070488	0.203456	1.008969	0.338997	0.016443	1.761009	1.579948	1.009155	0.003741	1.231604	0.379004	0.744556	0.029603	0.084285	-1.629189	-1.128043	0.059046	-0.676829	-2.034688	-1.768854	0.020641	-0.528724	-1.445460	-0.729885	-0.006030	-0.300226	-0.690974	-0.205179	-0.012284	1.601574	3.449937	0.675595	0.257651	1.193186	-0.371815	-0.379711	0.071816	0.797130	-2.189637	-1.867777	0.069453	0.103980	-1.961973	-1.715331	0.030307	0.101452	-0.817803	-0.619750	0.000439	-0.049642	-0.154833	-0.033804	-0.012985	0.020318	0.023534	0.049320	0.021643	1.368352	-0.696527	-0.928982	0.509461	-0.521411	-1.211288	-1.449517	0.419459	0.490658	-0.085959	-1.002256	0.798187	0.365937	0.508865	-0.219555	0.400867	0.039078	0.015328	-0.035652	0.137148	0.027841	-0.076168	0.003590	0.057141	-0.081373	-0.258472	-0.044635	0.047341	-0.190987	-2.965509	-0.292639	-0.404982	-0.356650	-1.247496	-0.138723	-0.573862	0.482593	-1.509758	-0.125068	-0.415745	0.122251	-0.074167	-0.047789	0.845258	-0.128319	0.282529	-0.001542	0.936846	-0.086812	0.278045	0.009439	0.223883	-0.095182	0.091380	0.001422	0.032441	0.030332	-0.180415	0.004412	-0.112784	0.351372	-0.565079	-0.016406	-0.268882	0.172572	-0.989234	-0.019439	-0.430891	-0.305371	-1.171880	-0.009862	-0.447442	-0.155162	-0.964438	0.009667	0.277126	-0.102788	-0.137631	0.016416	0.718627	0.136581	0.636196	-0.007969	0.150122	-0.017738	-0.135638	0.013021	-0.102393	0.002687	-0.017617	-0.004415	-0.091569	0.046924	0.224168	-0.015915	-0.002349	0.050159	0.183997	-0.017421	-0.079013	-0.445510	-0.197248	-0.001087	-0.108438	-0.295444	-0.421546	0.012051	0.055360	1.078602	-0.173103	0.396325	0.002319
0.887707	1.086491	-0.008896	0.324096	1.683371	1.723638	0.027160	1.455870	-0.946239	0.195472	-0.090571	0.850593	-2.049055	-0.131065	0.278145	-0.581906	-0.253264	-0.185149	0.253616	-0.202173	-0.116395	-1.282436	-0.142592	-0.024903	-0.436721	-1.033085	-0.101663	-0.002795	-0.100565	-0.168225	-0.026457	0.029256	0.460848	-0.273934	0.049953	0.223014	0.343301	-0.782376	-0.274806	0.531487	-0.105616	0.423020	0.202613	0.153050	-0.568757	0.309035	0.274770	-0.185997	-0.324581	-0.601011	-0.043622	-0.081737	-0.331062	-0.931966	-0.138645	-0.029298	-0.116744	0.403781	0.115317	0.030720	0.067238	0.084628	0.095680	0.002562	0.285376	-0.339063	-0.088220	0.312912	0.124815	-0.315664	-0.041784	0.553547	-0.642530	0.256045	0.259049	0.105431	-0.426619	0.065406	0.235473	-0.112486	-0.478252	-1.081603	-0.182599	-0.030874	-0.008385	0.049409	0.032038	0.002012	-0.011615	-0.301429	0.123561	-0.018264	0.175199	-0.463079	0.156029	0.056085	0.186686	-0.387700	0.017964	0.266731	-0.018725	0.101455	0.085140	0.404276	-0.284982	0.081263	0.179721	0.176282	-0.590749	-1.004823	-0.104031	-0.078410	-0.052992	0.030224	0.099923	-0.054224	-0.023821	0.468856	0.337093	-0.034270	0.028975	0.195110	0.257428	-0.005560	-0.005793	0.129388	0.081467	0.057175	-0.060317	0.104715	0.011679	0.399739	-0.253032	0.150809	0.041902	0.600266	-0.473445	0.083150	0.031178	0.316750	-0.185702	-0.017577	0.020652	-0.257655	-0.058041	0.081185	0.031589	-0.199162	-0.015519	0.015348	0.017043	-0.037220	-0.010698	-0.042519	0.001872	-0.013963	-0.006617	-0.089372	0.031637	0.038553	-0.022308	-0.167263	0.014498	0.183139	-0.073591	0.365222	-0.029775	0.248766	-0.100963	0.814216	0.036550	0.005379	-0.097085	0.432220	-0.002177	-0.115301	-0.188956	0.324407	-0.024578	-0.036520	-0.112272	0.542985	-0.048964	0.060682	-0.031566	0.695209	0.034322	0.199024	-0.036512	0.989868	0.215095	0.046173	0.015788	1.376389	0.236130	0.011442
-1.798822	-3.440650	-0.171962	-0.428979	15.872108	9.487428	1.860446	-0.946239	186.748273	82.449676	35.960671	0.980311	322.704864	209.753778	34.390193	5.393481	66.574494	40.402941	-112.839010	11.811754	-140.967093	-242.856285	-120.397465	-2.492285	-211.831317	-242.597549	-53.458341	-4.315959	3.439870	9.578662	2.046414	-0.032555	70.107558	48.618196	11.821212	-0.222241	162.133681	41.197384	8.549216	-0.084701	120.854004	-77.839847	-109.343735	0.256518	7.194033	-117.920037	-132.663217	-0.370191	-27.963525	-82.419742	-53.735306	-0.217621	-18.493399	-38.018973	-15.423418	-0.504099	43.907656	86.385320	-9.656645	7.067843	103.405166	-3.103953	-37.079657	1.580798	98.686511	-88.503056	-109.560051	0.949996	56.575392	-100.089138	-100.942937	1.009931	12.659605	-47.522312	-37.281835	0.120064	-3.720318	-13.023780	-5.781086	-0.399409	-1.380693	0.314122	-0.350247	-0.050492	15.856566	11.977080	-41.617749	-1.038448	7.982946	-34.947291	-65.025737	3.407172	46.390655	7.651420	-48.850967	30.866487	34.171842	34.307819	-8.321350	23.114734	9.697950	7.448145	-0.611402	4.183784	-0.826554	2.487585	0.618799	-0.772308	-0.549056	3.436927	0.913316	-0.677092	-7.114511	-86.675981	-11.487826	-28.966096	-28.234072	-68.049196	-6.261247	-45.971286	11.119888	-15.959941	-3.260437	-14.328246	18.715844	76.713204	-0.899034	31.122510	15.677367	75.672262	-0.543122	41.950909	6.610390	39.649769	-0.030827	15.815249	2.804690	11.470900	-0.146842	0.371336	-1.938070	-3.996164	-0.344850	-2.975224	5.210394	-37.438256	-0.747146	-15.040881	-3.887166	-66.268141	-1.727140	-49.306714	18.360100	-71.744397	-2.927093	-59.985579	14.736307	-20.790942	-1.609642	-5.108177	33.298383	30.789984	1.818665	21.542227	40.424803	52.002855	-0.265528	11.881977	-0.908548	-2.377198	-0.014234	0.118379	1.436097	5.969327	0.041217	0.756680	3.140547	10.647281	0.047589	-2.510999	6.548557	-16.324980	-0.382974	-14.888110	-5.717590	-73.488861	0.786435	-36.501237	8.729226	-95.120115	0.270016	-30.461096	92.510027	-79.295393	0.075692	-7.707491
0.913518	2.253736	0.138612	0.074685	19.283664	18.634665	2.242716	0.195472	82.449676	81.409846	24.175663	-0.227500	110.721742	158.688379	28.770040	0.577581	53.521511	105.976604	-46.912327	7.161358	-44.031043	-93.353229	-70.300802	0.361086	-138.408024	-161.830246	-38.769771	-2.943701	3.755560	11.501614	3.023401	0.054503	62.104038	46.546803	14.031746	-0.038728	83.697103	54.946361	3.146112	-0.047792	46.728009	-17.900021	-72.993579	0.098918	6.165419	-58.475640	-81.596313	0.356480	-14.805926	-53.034529	-36.090355	0.242118	-13.497278	-29.293304	-11.390371	-0.252975	49.744362	77.573825	3.415518	2.986064	76.143625	11.538087	-24.271765	0.583039	54.725385	-54.206757	-89.227216	0.252364	28.583905	-58.973897	-78.426842	-0.326089	11.663842	-31.342337	-27.077702	-0.070390	-0.995563	-9.843073	-4.579398	0.344111	-0.926557	-2.649798	-0.804556	0.287102	59.499836	7.050702	-32.321971	2.103341	7.229033	-38.908041	-53.753718	1.870361	25.708703	-6.343215	-40.972773	9.443923	19.362890	20.610355	-8.335411	7.318849	5.429959	3.660216	-0.762496	1.475598	0.100736	-1.004610	-0.646376	0.398579	1.108817	-1.415543	-0.481678	0.745387	16.413459	-56.159864	-11.984653	-14.996469	-15.212096	-33.415524	-5.753796	-21.699886	12.837309	-6.865520	-2.598291	-19.988713	10.074144	41.480099	-1.225844	4.197013	6.340474	38.238744	-0.300803	16.124002	2.525792	19.632944	-0.087884	5.279858	3.321144	5.552338	0.380991	0.666152	2.059564	11.716962	-0.074068	-1.905551	9.731571	-8.053929	-0.417541	-6.412015	0.757610	-22.294552	-1.085098	-23.573529	5.827811	-24.341446	-1.799944	-38.063132	7.958058	-0.299037	-0.786470	-15.571131	21.934339	26.831645	0.617817	1.984440	23.340958	33.953543	0.129307	2.992151	-0.678818	-2.250204	-0.002510	-0.858349	1.671934	4.046217	0.004757	-0.008988	3.329606	13.714358	-0.022827	-0.583798	4.235814	7.554939	-0.432885	-9.224697	-3.523516	-20.428637	-0.784047	-21.836871	7.979485	-29.740019	-0.460979	-23.988894	55.170275	-13.145481	5.559046	-13.110264
-0.107466	-0.149237	0.004730	-0.025784	3.236988	4.070924	1.543947	-0.090571	35.960671	24.175663	27.813768	-0.167716	102.978823	61.838881	64.875966	1.340775	34.683593	12.399211	0.185039	3.923535	-64.069129	-107.626013	-46.782674	-0.907024	-113.377509	-133.896749	-30.114342	-2.402784	1.440140	8.391374	3.815754	-0.005901	20.951149	27.908425	20.873179	-0.019588	41.681763	25.702579	50.949987	-0.074312	14.674419	-36.427706	2.400854	0.038994	-20.247988	-69.726302	-52.353670	0.093826	-18.580257	-49.042140	-27.943136	0.057476	-11.845913	-23.406133	-8.819243	-0.380788	28.370567	60.565232	18.348800	3.362209	29.885151	8.558350	15.699665	1.001616	21.855120	-48.470308	-21.802180	0.509470	-6.237538	-66.349791	-47.771979	-0.016254	-5.157914	-31.982381	-21.316734	-0.005933	-1.346910	-8.431989	-3.445420	0.042751	-0.852238	-0.880168	-0.193154	-0.003260	24.210449	3.412544	-9.674394	11.772496	1.539727	-5.126667	-24.874916	14.291277	-2.160111	-6.485710	-27.914409	18.147638	1.820775	-0.437973	-8.217305	8.268787	0.505436	0.031197	-0.539796	1.332562	0.201676	-0.136920	-0.039294	0.086257	0.024751	-0.341280	-0.120692	0.084389	-14.780250	-56.984078	-7.567673	-7.233499	-17.872496	-5.372167	-4.318501	-7.898743	-5.009482	5.007178	-1.595547	8.627862	1.284314	21.234555	0.703215	33.861519	0.920054	17.776603	0.414213	22.064913	0.419506	7.637221	0.015345	5.045295	0.550379	0.820798	0.017063	0.329637	-3.048167	-17.445619	0.110931	-4.476068	-1.699200	-32.399443	-0.190294	-11.318141	-4.607080	-44.556252	-0.641507	-18.101455	-4.016893	-33.697820	-0.157934	-4.972930	0.820987	-9.027738	0.508065	26.395986	3.544757	4.365709	0.207887	24.793247	5.162773	5.670847	0.007108	6.374573	-0.583689	-2.716642	0.013894	-0.033313	-0.036993	-2.339576	0.005523	-0.059833	-1.523584	-7.139438	-0.016353	-3.076898	-6.301062	-25.626891	-0.254693	-10.610938	-14.884689	-50.344632	-0.155183	-10.950504	0.411924	-51.022238	-0.155420	9.577065	24.832958	-22.231303	1.278873	25.741643
-0.117532	-0.581350	-0.066139	0.016347	1.542160	0.175896	-0.027274	0.850593	0.980311	-0.227500	-0.167716	2.395568	-2.175379	-1.108051	-0.007956	0.548322	-1.098936	-0.802592	0.166600	-0.338968	-0.543762	-1.873331	-0.220139	-0.078326	-0.811182	-1.720964	-0.129927	-0.060671	-0.355025	-0.711560	0.016398	0.013429	-0.095932	0.280762	0.200771	0.092674	0.409069	-0.162663	0.092889	0.504563	-0.012372	0.564985	0.104823	0.598682	-0.537877	0.994690	0.382372	0.044414	-0.596394	-0.532261	-0.022330	-0.057904	-0.825826	-1.389573	-0.282628	-0.105620	-0.227512	-0.120721	0.158779	0.060240	-0.183218	0.174707	0.153135	-0.006013	-0.137441	-0.315917	-0.057861	0.149667	0.192589	-0.351679	-0.072745	0.656204	-0.034064	-0.082927	0.079068	0.563510	-0.501167	-0.218739	0.060670	0.020918	-0.642814	-0.517282	-0.210333	0.041165	-0.155651	-0.262042	0.036186	0.029423	-0.076606	-0.411784	0.034604	-0.014594	-0.079315	-0.368348	0.061414	0.025493	0.096607	0.099079	0.175791	0.199404	0.123010	0.582143	0.178939	0.436510	-0.290617	0.659663	0.316353	0.283818	-0.541718	0.347788	0.296437	-0.098327	-0.064823	-0.135709	0.087770	-0.084670	-0.017566	0.563398	0.303021	-0.023814	-0.006151	0.813747	0.341386	-0.007143	-0.058302	0.656932	0.254104	0.037682	-0.137469	0.447774	0.035723	0.320137	-0.098269	0.429972	0.023372	0.749028	-0.465175	0.206560	0.044720	0.497254	-0.109210	0.180380	-0.020265	0.106778	-0.207825	-0.252579	0.030067	-0.128273	-0.057779	-0.274946	0.034379	-0.119725	-0.029000	-0.334822	-0.045606	-0.045301	-0.027724	-0.028892	-0.081902	0.059236	-0.005551	0.083209	-0.065127	0.218484	-0.097175	0.441172	-0.000071	0.421336	-0.214709	1.237445	0.002886	0.645390	-0.264344	0.796585	0.033832	0.394184	-0.348592	0.851729	0.013063	-0.020258	-0.090370	0.779470	-0.003065	0.062385	0.112864	0.067275	0.105120	0.038859	0.033213	-0.488358	0.104532	-0.042902	-0.189742	-0.865658	0.003448	-0.079186
-1.594783	-2.483204	-0.163365	-0.385150	-6.064007	0.167339	1.730306	-2.049055	322.704864	110.721742	102.978823	-2.175379	1474.037778	533.301159	256.602987	26.551534	867.601809	187.080134	-339.450372	55.467415	-509.742084	-1131.508331	-582.248735	-7.370513	-1085.203777	-1316.029889	-297.207349	-21.785623	6.157748	10.781331	3.579004	-0.084698	104.031834	94.731187	45.612251	-0.350955	486.716883	154.024521	156.037675	-1.126616	517.183307	-271.637622	-197.021008	-0.383915	78.470113	-591.959037	-531.920098	0.256135	-106.913176	-425.988980	-269.115768	0.071401	-90.544865	-206.414178	-83.746449	-2.434001	81.862835	46.950647	-24.840933	10.535941	289.810873	-39.437218	-41.900912	2.603856	359.339393	-301.211287	-231.209700	1.111613	143.974134	-422.833360	-326.267596	-0.228247	-12.578282	-226.066792	-157.342811	0.079634	-9.475992	-68.570737	-28.800745	0.148797	-7.066738	-6.963780	-1.966250	-0.206697	15.999659	-32.705565	-63.090178	-30.597949	96.683496	-26.628840	-160.036590	-4.191274	173.696232	53.660443	-148.736929	78.247505	62.436697	40.711495	-36.079479	61.013657	6.200741	5.663354	-2.709989	7.995102	0.543528	1.176862	-0.085942	-0.421107	0.831984	3.961310	0.422661	-0.481179	-42.339944	-105.961936	-7.545820	-104.614019	-78.218800	-66.880031	-20.756915	-167.399866	15.402586	131.155548	-13.993041	-50.540266	36.059530	308.320116	0.800826	161.462581	29.498194	274.815046	2.394437	173.039943	8.520295	133.424475	0.418865	61.792896	14.418361	44.288404	-0.150061	3.641970	-17.353551	-36.148909	0.601564	-21.345418	-25.359879	-162.505636	-1.457340	-81.222124	-31.242630	-278.214682	-5.541155	-184.670754	44.258087	-256.061987	-6.681470	-166.958533	35.683855	-19.433163	0.667180	58.992832	56.024913	108.266990	6.064598	157.573775	123.940058	122.041750	-0.091171	91.397589	-5.408434	-20.671878	-0.122352	0.730780	-1.241758	-15.073199	0.030745	-0.777292	-2.821177	-52.714579	0.134028	-19.495072	2.191962	-202.477742	-1.790534	-55.364888	-70.458462	-445.700466	9.133254	-148.753805	38.294201	-547.598674	4.022617	-85.099448	354.331733	-442.812706	-12.330145	63.868383
0.742448	2.209881	0.182133	0.116074	22.205144	23.323176	3.611810	-0.131065	209.753778	158.688379	61.838881	-1.108051	533.301159	486.185775	107.062477	6.358434	333.611555	388.860371	-151.894816	23.375564	-158.847671	-362.402156	-265.265000	-0.789919	-559.478389	-657.066329	-165.755092	-11.675189	10.133645	28.666330	7.175743	0.039885	128.860713	135.988337	44.371665	-0.055866	293.344420	224.305619	55.341407	-0.129690	221.487739	-11.540275	-200.520940	0.052371	21.503732	-235.145145	-302.381636	0.303959	-58.371582	-222.657099	-147.225344	0.140973	-54.246453	-122.339936	-49.681972	-0.996854	145.825817	184.417445	14.835208	5.673210	249.859865	78.583638	-48.319001	1.276489	202.931512	-115.665457	-256.115960	0.663965	60.970780	-222.105722	-266.364444	-0.206372	3.143279	-134.645467	-105.258330	-0.253460	-5.877614	-44.588164	-18.741427	0.133124	-3.487449	-6.383150	-1.318108	0.250092	183.592190	61.638862	-81.801463	7.131165	71.320729	-61.747832	-165.425492	14.752404	66.261242	-14.575888	-147.782245	39.131392	25.911603	20.056341	-36.605188	23.781073	7.117758	4.320266	-2.601319	3.594505	0.398178	-1.398141	-0.486390	0.574465	0.461120	-2.302470	-0.672101	0.641198	21.839653	-136.718819	-37.406201	-42.947674	-57.093300	-43.710336	-20.898683	-60.856321	4.911455	56.962308	-9.750680	-30.868160	15.110959	187.836486	-2.284864	44.942660	15.479202	150.683070	-0.719456	71.753064	5.031015	72.000573	-0.068373	27.086841	8.919361	30.319734	0.159756	1.808390	-6.402318	-11.365023	-0.246843	-12.726717	2.120316	-68.234289	-1.280156	-35.084285	-13.947931	-105.188555	-3.166308	-95.460835	9.582317	-73.517186	-5.766975	-113.399826	21.383782	39.233015	-2.389162	-5.929651	51.146214	105.733775	3.791214	46.831354	89.537624	112.801711	0.033286	25.247137	-3.749705	-14.957966	0.050872	-0.549267	1.618891	-3.303589	0.011665	-0.034462	0.875585	-5.178085	-0.019721	-10.260433	-14.391577	-62.627195	-1.278786	-51.973375	-40.264927	-163.897287	-1.370623	-101.921096	46.926846	-184.692056	0.181126	-71.965837	241.213805	-101.549280	9.313185	3.896414
0.140033	0.105064	0.004465	0.066124	-0.318120	3.637602	1.804938	0.278145	34.390193	28.770040	64.875966	-0.007956	256.602987	107.062477	290.877639	3.279438	216.798829	63.453586	186.210479	9.577525	-176.086766	-346.794351	-120.201039	-3.310014	-519.193608	-617.937830	-147.674640	-9.842484	2.778889	15.628926	8.742415	-0.010235	24.315873	65.395277	67.764144	0.020493	73.887224	82.897942	238.009921	0.059063	36.378408	-130.012123	178.061267	0.133889	-85.673847	-301.569488	-131.425304	0.044343	-85.175495	-232.119237	-118.314125	0.002573	-62.111408	-121.976813	-45.222984	-1.852736	63.371745	116.895429	76.117228	3.398594	56.463915	28.766212	126.842397	1.343837	28.046475	-172.177863	51.835310	0.529585	-49.732086	-283.878904	-131.550804	0.095959	-36.270972	-156.718673	-87.080624	0.027416	-7.647514	-45.111293	-18.060265	-0.026832	-5.178466	-6.289507	-1.227184	-0.030291	47.223393	23.622910	18.734887	44.301902	6.132144	10.092169	-27.825584	64.256520	-47.488694	-57.363891	-81.281964	49.191650	-10.830307	-41.519432	-34.984788	15.590318	-2.623771	-8.705986	-2.910007	1.245521	0.129815	-0.219037	-0.004502	0.257456	-0.333581	-0.968095	-0.184879	0.058365	-77.785546	-144.161307	-17.139238	-9.120700	-80.867918	33.703909	-16.625285	5.206539	-42.604784	90.330806	-4.188598	59.554546	-6.305537	90.473828	5.710389	138.034804	-1.893743	53.418174	2.655734	74.369594	-1.156251	17.376144	0.068494	15.720338	-1.065932	-1.365399	0.001365	1.108576	-22.867309	-88.441441	-0.431465	-18.178016	-22.362268	-133.753473	-0.845276	-42.300017	-30.890898	-175.213697	-1.004897	-59.421686	-31.294423	-122.056782	1.630862	26.016193	-12.120539	-3.087865	3.045477	139.860642	-8.131601	19.138214	-0.055593	112.481673	-3.313352	5.948993	-0.108914	40.841298	-3.572431	-13.555733	0.027160	-0.046638	-1.626003	-15.520120	-0.003560	-1.449086	-11.060851	-49.000184	-0.019776	-16.125779	-36.715201	-135.397481	-0.831905	-38.468694	-80.793804	-238.932837	0.617722	-30.406717	-22.020991	-241.417549	-0.041813	67.873075	66.472721	-100.494313	3.073307	150.176293
-0.689931	-1.278941	-0.072181	-0.160095	-1.397271	-1.724534	-0.107437	-0.581906	5.393481	0.577581	1.340775	0.548322	26.551534	6.358434	3.279438	4.735730	8.490172	-5.173899	-8.334302	5.866417	-13.470308	-24.061200	-9.557537	-0.298128	-16.244509	-18.128823	-3.702441	-0.339531	-0.419481	-1.399300	-0.018299	-0.033661	1.171708	1.082731	0.587450	-0.093609	7.150712	3.525821	3.255873	-0.264019	5.423018	-5.093915	-3.395912	0.194015	3.100520	-8.884330	-7.715910	0.390625	-1.394670	-5.730161	-3.734188	0.087709	-1.662537	-2.440268	-0.989971	-0.068385	1.507721	-3.261680	-0.488444	-0.108696	5.407739	-0.093577	-0.384092	-0.007533	2.667913	-4.332928	-3.740028	-0.271678	1.306273	-5.349101	-4.631218	-0.290253	1.202434	-3.594583	-2.070353	0.325037	0.170557	-1.291791	-0.590197	0.269765	-0.070316	0.612668	-0.024419	-0.018630	0.240187	3.819052	-0.840693	-0.473195	2.595470	-0.727002	-2.595700	0.673998	-0.348368	5.025655	-1.882691	1.488282	-0.195126	4.062151	0.119980	1.177207	0.202862	0.576625	0.143200	0.186597	0.222714	-0.121796	-0.046036	0.125751	0.440247	1.283008	0.235449	0.033620	-2.575181	2.470845	-0.614464	-1.065934	-2.247913	0.153880	-0.228281	-2.615566	-1.122131	6.472993	0.055893	-1.556588	-0.499094	8.772870	0.163190	4.824753	0.857459	7.708873	0.032412	5.331447	0.484292	2.694823	-0.016646	2.186451	0.595744	0.352641	-0.030290	0.345066	-0.585973	-2.168352	-0.055211	0.169773	-0.608355	-4.619321	-0.075091	-1.913639	-1.573498	-7.462418	-0.115954	-4.888715	-0.310010	-6.868366	-0.280584	-3.957781	0.209208	-2.200941	-0.279513	3.991061	-0.341862	1.623537	-0.123808	6.919142	0.752050	3.316290	0.005454	3.975688	-0.061460	-0.097308	-0.040990	0.850356	-0.077487	-0.079113	0.013627	0.742431	-0.569516	-0.986361	0.047163	-0.529910	-1.481101	-5.539362	0.037991	-2.680006	-3.156620	-12.528137	-0.065758	-3.855580	-1.610943	-13.932343	-0.169088	0.992569	8.040640	-12.175748	-0.874833	4.740085
-0.004252	0.366131	0.060566	-0.021380	-3.025979	0.024870	-0.501690	-0.253264	66.574494	53.521511	34.683593	-1.098936	867.601809	333.611555	216.798829	8.490172	1514.909600	394.127102	-113.670777	35.962653	36.239873	-947.188899	-606.106383	8.520372	-1386.612959	-1645.568486	-426.472920	-24.788188	3.374830	3.175225	-0.082486	-0.033513	38.981874	41.521644	24.971809	-0.095378	243.914812	139.371382	127.112071	-0.319536	410.456550	-108.648008	30.211220	-0.206673	210.417426	-541.646214	-389.957309	0.243858	-61.602987	-521.538688	-322.143535	0.087016	-127.249209	-310.107893	-128.218100	-3.408234	32.434183	-44.439081	-15.516363	-2.465118	185.077722	-25.771771	5.099291	-1.435728	238.502068	-184.160498	-35.500624	-0.307521	68.017072	-373.109848	-216.519534	-0.410616	-10.254503	-279.303676	-163.568575	-0.085425	-12.240169	-103.626577	-42.494690	0.188839	-10.926769	-16.083940	-3.456679	-0.065836	1.948094	29.937531	9.754681	-37.089820	102.626143	36.620969	-60.911267	-11.887520	97.368287	12.153465	-88.415735	33.206205	3.966433	-13.685037	-42.128715	20.691673	-0.427032	-10.966640	-4.896054	0.543929	0.605527	-0.905676	-0.304037	0.267203	0.331537	-1.220083	-0.296162	0.227399	-48.262065	78.067363	24.001161	-82.442192	-83.563740	60.544872	-11.187396	-105.650651	-12.259826	255.185628	-5.743501	-60.325080	6.258243	338.674881	7.040618	106.169080	13.282193	234.629994	5.030361	134.456647	0.575839	103.878392	0.458997	45.335172	7.753724	30.305631	0.093155	4.348343	-33.297186	-38.614887	-1.146281	-23.316998	-30.852549	-135.563807	-1.602132	-72.012366	-52.295921	-206.852773	-2.584179	-159.580016	-32.190661	-126.247413	1.761267	-137.592923	6.662693	135.608635	9.072824	70.948949	27.317872	171.497813	9.781268	159.050239	82.311685	98.949217	0.744866	107.617804	-6.676955	-25.906048	0.022030	-0.153302	-2.704360	-26.049104	0.002461	-2.198695	-21.925377	-66.787451	0.007706	-26.160728	-61.481716	-219.996044	-1.294870	-86.398402	-134.494727	-436.109623	3.586306	-162.640767	37.655405	-455.188180	6.926195	-68.917665	307.546956	-238.777290	-0.498584	195.221040
0.066306	1.306366	0.216363	-0.041491	16.037509	14.157630	1.913801	-0.185149	40.402941	105.976604	12.399211	-0.802592	187.080134	388.860371	63.453586	-5.173899	394.127102	885.439697	23.764287	9.993772	230.405586	242.518575	-185.992761	10.604621	-654.015052	-806.383927	-253.703076	-13.006815	6.831233	28.149320	6.230921	0.006835	84.454650	124.113063	40.451077	-0.100426	174.289173	301.356137	31.592293	-0.063819	194.902210	183.269131	-128.217068	0.120077	96.555490	-126.934122	-244.561032	0.149128	-33.650960	-254.561150	-182.126772	0.106944	-72.780018	-195.060431	-84.352584	0.166223	130.484209	127.938544	40.956291	-3.007084	214.635487	147.187738	-20.348113	-0.393456	158.286555	2.124119	-218.311092	-0.447861	40.798325	-170.658438	-259.244151	-0.429528	1.766382	-172.360685	-124.732572	-0.066486	-8.242351	-74.184394	-31.283428	0.009295	-3.583217	-10.208845	-2.326551	0.211129	239.535726	67.719523	-56.856298	7.026895	109.984755	-80.650879	-164.420507	15.208354	40.287574	-46.300175	-167.380541	13.661729	-7.713253	-21.517337	-49.662448	0.584555	1.626577	-7.002692	-4.305496	-0.388043	0.549096	-0.761820	-0.198015	0.679656	0.032140	-2.297371	-0.522521	0.548692	46.736384	-37.738162	-48.336051	-19.115971	-44.224528	5.964530	-35.153169	-15.659425	-8.865372	86.737482	-18.273107	-15.654187	-3.063079	168.158170	-4.447911	11.718664	4.241917	111.329218	-0.789298	37.362342	0.600934	47.383325	-0.254918	13.592309	3.743690	19.592735	0.040963	1.424560	-14.364620	-9.240786	-2.632108	-13.274796	-3.305772	-33.285378	-2.960259	-24.438484	-14.047845	-46.321464	-3.866020	-63.253506	-16.453392	-9.078991	-6.277974	-71.416708	6.994431	97.107046	-2.290718	-24.439356	37.829003	142.430913	3.175256	19.744348	57.834860	128.524201	0.504704	28.803108	-6.871073	-24.079946	0.071850	-0.022162	0.129031	-9.164465	0.063871	-0.311475	-1.529291	-9.917440	0.011026	-12.485376	-36.755371	-44.924500	-1.309955	-60.254899	-46.080930	-79.107102	-4.387153	-111.592741	71.439018	-93.376803	0.660178	-85.720815	243.072118	62.457219	29.274940	2.874448
-0.018493	-0.169498	0.011843	0.017274	-7.235591	-5.347964	-0.670796	0.253616	-112.839010	-46.912327	0.185039	0.166600	-339.450372	-151.894816	186.210479	-8.334302	-113.670777	23.764287	564.649104	-23.104078	111.082819	137.420904	253.847773	-2.350607	-368.416823	-394.218107	-109.169571	-3.740483	-2.315012	0.996016	2.422699	-0.021674	-44.034256	3.496502	42.663809	0.021100	-144.166778	21.730632	215.251868	0.047465	-150.512034	-4.658644	433.977651	0.078605	-139.144687	-165.619634	170.903556	-0.017567	-89.034507	-197.651253	-39.220346	-0.033625	-79.498960	-140.821403	-46.640524	-2.351271	-15.858698	25.239881	99.370261	-2.746339	-83.376503	51.773074	222.168576	-0.166575	-148.665444	-66.194987	291.567363	-0.350242	-142.270928	-221.917805	43.617778	-0.077182	-59.734753	-167.819944	-51.592451	0.038279	-10.206621	-60.487899	-22.605978	-0.044419	-6.972426	-9.225826	-1.823156	-0.056681	-24.824606	46.676143	113.224871	78.306120	-49.742681	36.157664	102.427126	88.703181	-169.737454	-153.930200	-17.292049	23.359374	-51.671042	-106.736446	-35.482056	-8.184897	-7.680704	-17.710240	-4.173087	-2.199175	0.006391	-0.316763	0.041870	0.244572	-0.418060	-1.283331	-0.160946	0.086480	-97.830166	-84.262319	-8.050702	60.710985	-84.891980	94.881909	-15.028333	123.048723	-95.159450	77.404285	-3.415901	130.335109	-29.067993	-11.890371	3.229038	98.664667	-14.596250	-49.424282	0.994152	18.139352	-5.713880	-30.976433	-0.127545	-4.679248	-5.428903	-15.977760	-0.070287	-0.168917	-40.769437	-116.418186	-2.831404	-14.464120	-32.961907	-105.462413	-0.259965	-10.540915	-41.337494	-93.088378	2.664012	28.041794	-65.319184	-18.821262	2.107458	140.065570	-44.178488	20.278005	1.023327	162.908902	-44.108161	-13.084097	-2.333015	77.369113	-59.993554	-17.147174	-0.043450	31.673130	-5.462031	-20.562926	0.025554	-0.399965	-2.857954	-25.870398	-0.010548	-2.117900	-20.488972	-63.944821	-0.021731	-17.217138	-66.130908	-125.061686	0.156314	-25.444409	-90.881416	-154.934594	-2.408117	43.678643	-66.254456	-116.135898	-0.914419	140.604759	-51.404428	87.933790	3.794860	173.477217
-0.109735	-0.111308	0.002370	-0.031684	1.052650	0.845078	0.043220	-0.202173	11.811754	7.161358	3.923535	-0.338968	55.467415	23.375564	9.577525	5.866417	35.962653	9.993772	-23.104078	20.097480	-20.154372	-56.923025	-31.483917	8.991129	-57.914957	-72.543080	-15.943690	-0.961586	0.181895	-0.944031	0.034490	-0.003803	6.936783	1.933866	1.552212	-0.017173	14.788460	2.613814	5.219670	-0.115057	12.028232	-18.238177	-13.300436	-0.046802	14.640171	-22.039513	-20.371141	0.161892	2.314643	-18.024171	-11.289319	0.082585	-4.231713	-10.521834	-4.280351	-0.152184	3.856888	-5.204188	-1.216120	-0.390048	11.705076	-7.389202	-3.617237	-0.116700	5.322004	-19.033806	-12.186331	-0.116935	7.760880	-10.320938	-8.863425	-0.207381	5.867721	-6.114077	-4.080477	-0.019392	0.343610	-3.300163	-1.083967	0.117778	-0.340898	-0.174252	0.050681	0.033992	5.513026	0.452779	-1.950584	-3.654527	2.421666	-12.090263	-5.065171	-3.755436	6.502596	8.801123	-1.497568	-1.118077	2.973248	8.245191	1.361156	0.922344	0.817816	0.737887	0.171745	0.335732	0.188583	-0.395031	-0.112127	0.052467	0.290990	-0.035749	-0.007804	0.113206	2.797876	9.914730	-1.972491	-0.389651	-0.390914	-3.392112	0.103874	-6.577203	0.417054	8.092440	1.080028	-8.364450	-1.100206	14.383392	0.185657	4.473586	1.662495	11.919501	-0.027949	7.771053	0.370180	3.197204	0.012731	3.024073	0.317799	-0.386921	0.023266	0.233105	-0.850665	-1.552605	-0.201437	0.969096	0.900945	-0.677986	-0.057237	-0.060862	-2.917820	-6.549912	-0.059843	-5.979063	-3.054038	-5.853811	-0.703244	-9.955371	-1.511318	-2.400365	-0.284505	8.826352	-0.476542	0.871681	-0.223602	12.125263	-0.958707	1.065041	0.005050	5.690766	-0.273072	-1.417938	-0.024188	0.279445	0.250819	0.061040	-0.014665	0.414438	0.503129	1.380289	0.006539	0.175571	-2.148694	-5.114938	-0.075271	-3.473013	-8.111455	-18.320050	-0.349038	-5.514570	-7.408988	-15.209898	-0.275783	3.726069	6.014553	-8.046193	-1.969872	15.312151
