54.463675	51.745922	2.620928	8.120587	121.065335	101.004861	5.874478	21.106606	-13.685089	44.031738	0.887600	2.681157	-122.914960	4.448985	-4.045985	-16.417534	-34.240762	2.449564	1.682033	-7.402612	3.216274	-26.626702	-3.573931	-2.022830	-5.451689	-44.424940	-5.684609	-2.797549	13.161694	17.716528	2.257807	1.011431	42.193118	52.600149	6.089021	14.529549	3.207330	58.594203	1.709520	19.389669	-54.158759	76.714885	1.152425	-6.934083	-26.230099	17.597057	-5.555369	-3.089851	0.112325	-28.034751	-7.595000	-3.647525	8.256252	-63.091283	-9.335800	-5.738360	4.265080	3.618470	-0.106804	-0.850269	8.875109	12.318618	0.151909	4.815384	27.808141	29.372931	1.546589	17.375962	-25.790365	18.087579	-0.591641	11.842195	-38.358114	-8.217083	-4.631667	-2.129916	-5.551437	-12.104156	-2.481316	-1.657345	1.563838	-23.869780	-3.264221	-2.397428	7.393443	23.451196	-6.717739	0.235434	2.748927	-5.768084	-4.334710	1.352133	5.569556	4.038806	-0.795095	6.891298	-9.325191	12.083176	-1.309054	15.190394	-24.795253	7.396274	-1.008090	1.747621	-8.544930	5.983900	0.067799	-3.173977	1.572506	11.867496	0.841955	-0.192789	0.832837	20.561707	-19.831924	5.671086	10.945080	4.951158	-3.267395	6.896424	-6.570221	17.068034	2.939393	-2.731858	-14.637235	19.692906	-2.420215	0.666024	-4.696001	2.653899	-1.909596	2.538248	-7.453941	25.490922	0.639914	-7.615322	4.234001	63.718811	3.540961	-5.653331	-44.992788	-6.276146	-7.507555	-9.826730	19.212334	17.970355	1.209757	12.190965	-14.370511	13.933673	-3.234408	11.038351	-25.658654	4.996574	-10.421422	3.644045	25.321219	-2.267546	-4.109244	2.810054	16.077999	13.681341	2.557166	-13.237872	-15.132983	46.777042	-0.348999	-25.315098	-29.428032	-22.807316	0.144009	-34.550439	-1.337901	-48.129771	-3.987621	-16.169059	-16.817514	-12.988716	-21.884332	20.020792	-35.089149	45.908406	-17.415938	32.271348	19.143510	66.007425	1.683071	9.721481	53.080519	28.236539	5.668801	-6.554004	-5.828496	-30.499123	0.978393	-18.701858
51.745922	85.492438	5.452223	12.149858	99.660526	101.649793	8.009641	22.460803	-32.049623	30.939674	3.898429	-4.083071	-126.609616	8.461488	-3.842774	-18.654026	-18.128235	-10.808623	-3.652116	-6.998370	4.271699	-37.132414	-5.245105	-1.881200	-3.186523	-40.791311	-5.656062	-3.110594	21.071871	66.392706	6.594793	1.403212	41.368932	70.046991	7.340767	18.703547	-11.458335	58.648364	2.818572	18.600192	-56.808661	81.767998	-2.057302	-8.067795	-23.317264	13.765511	-9.805435	0.487311	1.303935	-9.002004	-9.174266	-3.002199	21.619481	-47.173976	-9.070222	-6.181280	5.386135	22.902703	-0.226417	-0.499199	21.535885	23.244327	-0.027371	7.586746	26.589071	33.232148	1.806433	19.558277	-32.846999	18.116518	-1.544740	8.350676	-42.083942	-2.848946	-5.960881	-1.755406	-5.464693	1.846597	-3.395874	-1.380077	5.350069	-14.475275	-3.548017	-2.277343	13.324507	41.756571	-7.300390	0.845198	12.778617	9.871198	-4.185706	3.331988	11.615759	15.703323	-1.971504	11.584666	-20.824702	18.157696	-1.837542	15.637816	-33.037345	13.310336	0.695476	0.151629	-8.227152	12.612368	2.638965	-3.790003	5.668355	24.457246	1.026196	1.864234	5.100250	26.032147	-25.396350	9.390172	25.946304	0.201708	-8.916873	11.771136	-1.978572	2.779796	-1.735758	0.183785	-26.907261	10.109694	-3.264891	3.555323	-12.321804	6.623132	1.453337	4.133150	-9.494986	21.227590	3.796616	-8.527579	1.965046	66.218773	1.340656	-4.062759	-62.721349	-25.335447	-13.015506	-12.907361	17.980274	21.555587	-3.209888	20.945967	-13.901495	21.264357	-3.987933	22.266513	-34.863212	-1.610686	-10.513282	7.197950	6.264851	-6.429015	-6.159279	4.958400	18.743819	3.227901	3.657091	-11.182279	-16.213452	44.106753	-0.289873	-24.201301	-45.806872	-52.860202	-1.233324	-45.164577	-12.093371	-80.282423	-3.637031	-22.165103	-20.465457	-50.621334	-21.794321	32.348434	-33.335202	23.703487	-28.451165	54.894262	-0.164800	98.339742	-9.310440	17.910168	74.831532	57.890091	9.953973	-5.282816	8.476537	-33.750948	1.872913	-20.187918
2.620928	5.452223	1.366162	0.342282	4.576898	8.726055	2.158989	1.061150	-6.303392	5.597179	2.027728	-0.735670	-12.471040	4.650604	1.135513	-2.120152	2.664251	0.951196	0.544195	-0.858478	1.445549	-5.147063	-0.621045	-0.277862	-0.978105	-5.491652	-0.635385	-0.262748	2.942713	14.683640	1.561588	0.011953	3.129820	7.420729	0.965966	1.012626	-1.753065	1.837518	-0.033468	0.496531	-3.346447	1.063278	0.056148	-1.548732	-1.157310	-5.397426	-0.333975	-0.815606	-0.315111	-8.158104	-1.189037	-0.524649	-0.731569	-7.260074	-1.026717	-0.464493	0.852158	5.943573	-0.026045	-0.075580	5.077406	3.338206	-0.005312	0.507576	2.492303	1.440607	-0.037267	0.589319	-2.190728	-0.498829	-0.066793	-0.926355	-3.685803	-2.812126	-0.398222	-0.791439	-0.629039	-3.102294	-0.384487	-0.213663	-0.229603	-3.462888	-0.394204	-0.240298	-0.314286	-2.911305	-0.879041	-0.109315	3.171643	-2.155336	-0.353017	-0.023944	3.471139	-1.718032	-0.021700	0.429284	-3.048889	-0.519115	-0.494326	0.591421	-4.816098	3.399423	0.615356	-0.450748	-1.216646	6.123350	0.892173	-0.472631	2.059924	9.468373	0.379352	0.992686	-2.747575	-4.454285	-2.142859	-0.341182	1.203659	-2.257138	-0.074820	-0.239338	0.877125	-3.929285	0.414958	-0.973453	-2.138814	-1.883564	-0.361630	-0.741476	-1.817980	3.165444	1.560717	-0.820182	-1.564609	3.881667	1.126552	-0.970675	1.347792	8.511515	0.228772	-0.906003	-2.237155	-2.381426	-0.982320	-2.068750	0.331652	1.147902	0.404430	-0.196556	-0.574714	3.061318	-0.019368	0.613461	0.967083	-0.758750	-0.761245	-0.234689	2.728921	-2.944699	-0.450208	-0.841811	-1.455269	-3.860213	0.045502	-2.085680	-4.044738	-5.129488	-0.174790	-3.849430	1.409171	-1.334484	-0.123640	-3.721995	-0.426187	-2.709793	-0.377176	-1.423027	-1.596380	-0.617315	-1.636044	0.529943	1.104937	0.325795	-1.538067	0.647785	2.928823	-0.414000	-1.088792	-0.076081	-0.459988	-1.744431	-0.059196	-1.245404	-4.615891	-7.028897	-0.199641	-2.719426
8.120587	12.149858	0.342282	2.035933	16.075815	14.330237	0.507578	3.810440	-1.899439	2.586689	-0.548388	-0.109845	-16.844829	-2.180054	-1.527915	-2.374638	-5.175980	-3.266982	-1.085736	-0.882721	-0.134481	-4.032475	-0.653899	-0.239971	-0.152121	-4.287388	-0.674840	-0.383665	2.278411	3.337445	0.309190	0.241548	6.152386	8.217626	0.730467	2.825546	-0.326029	9.567193	0.472574	3.179372	-8.859060	14.359812	-0.248099	-0.710197	-3.876281	5.786057	-1.147104	0.390960	0.316177	3.677574	-1.037908	-0.324608	4.111205	-2.178291	-0.936259	-0.742083	0.581696	0.658802	-0.016182	-0.083426	1.193061	2.191704	0.036592	1.036434	4.143199	5.284357	0.318299	3.203956	-4.827904	3.983749	0.018021	1.811018	-6.200653	1.496041	-0.658332	0.002735	-0.742730	2.282873	-0.394479	-0.149900	0.986929	-0.462397	-0.411555	-0.234162	2.467920	8.566390	-0.712148	0.189255	0.416919	3.376681	-0.464037	0.532497	0.660113	4.057005	-0.188349	1.840792	-1.997539	3.410488	-0.061037	2.614499	-4.154281	0.627514	-0.262459	0.269761	-0.997935	-1.186513	-0.039183	-0.390706	-0.188645	-1.044140	-0.009123	-0.162821	2.762761	7.134330	-2.961370	1.764530	3.539169	1.397035	-1.382731	2.045930	-0.766478	2.628193	-0.529661	0.380096	-3.291289	2.459061	-0.393444	1.059222	-1.329388	0.190365	-0.554517	1.397950	-1.024670	1.845546	0.023484	-0.167221	-0.544716	6.096645	0.144163	0.013374	-8.748791	-2.998116	-1.771756	-1.050456	2.683840	2.619992	-0.873949	3.601087	-2.378441	1.298298	-0.728916	3.345667	-5.894409	-0.291948	-1.387712	1.280845	0.330386	0.010390	-0.807365	1.311755	3.629018	2.441093	0.529853	-0.583628	-1.253179	9.393768	-0.001949	-2.327286	-8.510280	-7.712634	-0.189485	-5.651357	-2.201256	-12.093554	-0.504287	-2.772640	-3.190250	-8.152642	-2.714145	5.162438	-6.284688	3.504288	-3.473905	9.004671	-1.825877	16.481567	-1.040212	3.042477	12.649430	10.349151	1.670461	-0.442454	3.087748	-3.183527	0.378641	-2.418613
121.065335	99.660526	4.576898	16.075815	1072.582469	498.373066	18.456204	168.749836	583.594494	525.326637	-17.347943	209.875466	-1214.310868	-89.350619	-88.254934	-105.939499	-548.358059	-102.102243	16.662358	-82.832814	-9.161954	-45.682146	34.653876	-17.460012	34.827860	-128.118521	-2.012953	-23.284897	10.944715	17.836362	2.335064	1.660977	353.799312	142.450319	11.879427	72.599877	365.733060	280.787394	-2.116086	204.547855	-509.911659	577.078656	35.421741	6.544340	-333.054458	207.877756	58.229713	-65.783395	3.759647	-172.609970	21.144253	-19.023527	21.199507	-520.070215	-38.812477	-45.313049	0.247353	24.128975	5.180572	-1.041945	97.650981	62.907541	1.093455	21.466590	343.656545	182.005402	14.149079	126.043452	-224.016401	226.233089	24.589249	78.574430	-437.453770	6.475750	4.095904	-46.329814	-56.466212	-133.939313	2.809242	-14.292042	-17.884495	-244.622824	-15.483849	-9.679175	64.917764	208.154571	-9.954485	0.349714	21.145696	97.541546	-20.309444	-1.158385	175.398208	73.002523	6.845924	30.644378	-40.374076	15.573005	-8.086373	93.936087	-379.091425	53.136179	-17.353459	22.524526	-126.581081	31.297871	-2.820270	-1.523866	-2.300123	3.342571	1.169614	1.820212	134.950373	173.256736	-150.583630	51.499883	92.166033	52.181068	-55.172314	20.591038	59.007489	-42.397529	15.523628	-32.942599	-25.842641	-48.875687	-15.062143	0.126769	-119.364512	152.512134	-11.125189	61.675608	-85.598063	179.082250	0.388223	58.836077	3.163823	236.996122	4.034981	83.392705	-327.921412	4.475451	-81.196945	-18.668662	145.258507	98.799492	-24.941242	87.722308	69.590050	6.581371	-31.197731	43.813744	66.751732	-2.332588	-61.771220	0.278363	135.880001	14.340471	-23.553019	17.471632	70.141308	13.839508	-0.955151	21.520263	71.857786	306.538638	-13.065294	71.939692	-287.574667	-228.039349	1.735190	-307.936545	60.201210	-440.636011	-17.046748	-103.716576	72.751552	-200.468688	-148.051596	179.119666	70.122902	141.210916	-183.523219	120.056395	181.035610	86.658294	-43.565666	10.570301	155.315475	-61.889970	0.492591	-45.694750	36.200408	-42.399526	3.486291	-32.694901
101.004861	101.649793	8.726055	14.330237	498.373066	343.328132	20.120297	90.097440	119.995320	271.056330	-1.564485	89.627750	-589.263297	-15.943164	-32.460757	-52.475609	-207.744735	-30.535199	3.472278	-37.983629	4.191654	-70.699188	-3.111555	-11.012092	2.079295	-101.433807	-10.464157	-12.562163	19.997217	74.645113	7.940669	1.461349	169.819158	122.971186	12.529119	43.422494	93.524764	164.772884	2.032269	89.505247	-244.807540	267.457989	9.554107	-9.639998	-138.900719	74.520072	4.538714	-30.023477	-2.190401	-84.271238	-12.414466	-17.029139	21.513442	-204.025073	-19.646476	-23.877539	3.363965	33.234037	1.443724	-0.512590	59.494985	43.587637	0.488415	15.053090	137.248684	91.999872	6.883837	58.301753	-112.979245	90.208812	9.414358	31.097731	-181.724266	-13.794921	-4.680548	-20.651657	-25.300936	-58.983518	-3.299996	-7.893531	0.649689	-105.936753	-8.637731	-6.854950	34.004158	114.134221	-14.683318	1.561885	22.153425	35.918678	-13.838432	3.076960	65.203992	30.023820	0.674277	18.571853	-30.075874	12.229782	-5.372444	42.569510	-149.378775	25.837818	-4.091865	0.887977	-53.449669	36.199998	2.779707	-9.333994	10.151138	51.821465	2.929406	3.384899	69.428655	69.372152	-86.929969	22.230088	50.411118	21.695086	-28.029800	18.085655	12.280361	-9.148055	6.240915	-9.722068	-27.205623	-6.268754	-9.703649	-3.547168	-39.191579	51.298215	-1.862797	14.853717	-43.739908	80.039766	4.432473	3.104233	6.482349	144.430862	6.984034	3.656916	-149.295720	-27.238515	-44.783706	-26.183504	78.666756	41.995354	-10.070247	40.134933	14.058779	15.084451	-12.537257	25.773795	-3.292132	3.561242	-32.558751	3.182760	82.363028	2.987202	-14.515859	11.887298	25.983133	11.125471	0.555040	-7.438726	-13.118125	111.295918	-4.321028	-20.153428	-103.059542	-101.786325	-0.846452	-161.661662	27.532591	-208.766089	-5.049362	-61.047884	-4.859188	-89.206662	-69.328170	74.411344	-13.720701	85.992032	-80.905337	68.627629	96.060296	80.754477	-19.336884	19.034556	98.380220	6.222918	3.349221	-23.849843	4.365287	-39.120843	6.665593	-33.015661
5.874478	8.009641	2.158989	0.507578	18.456204	20.120297	5.404461	3.885581	-4.048516	16.098619	5.450896	0.968796	-34.978092	5.442880	0.016687	-4.610153	-2.748005	-2.564966	-0.516840	-1.152106	1.040376	-12.836859	-1.610595	-0.359501	-3.087503	-14.986818	-1.739760	-0.558975	3.322922	20.795334	2.211442	-0.055128	10.956417	13.632415	2.247059	2.215438	0.577134	6.804344	0.221494	2.647324	-14.087366	7.099709	0.199214	-2.821665	-5.959239	-6.698638	-0.908101	-0.854299	-0.982048	-14.891960	-2.930988	0.336711	-1.966029	-13.947975	-1.874418	0.717874	0.654207	9.270187	0.129220	-0.279794	10.003171	6.056858	-0.181442	1.027219	8.357148	5.010038	-0.088128	2.163901	-6.967230	2.898733	0.618357	-0.261842	-11.527721	-1.411088	-0.666311	-1.439107	-1.384792	-1.519347	-0.559705	-0.034353	0.074866	-2.931572	-0.138671	0.389149	-0.522904	-7.528181	-1.278990	-0.236502	4.633217	-6.244989	-1.340883	0.252248	8.093763	-5.895719	-0.063843	1.229262	-3.434298	-1.719341	-0.925544	1.772997	-12.151795	6.132779	0.730360	-0.356408	-2.888582	8.769712	1.251887	-0.681398	2.764515	12.668141	0.573909	1.229133	-5.314830	-9.819061	-4.261096	-1.161606	-0.143071	-5.460690	0.056825	-0.568393	1.478899	-6.913677	1.720971	-1.514485	-3.192543	-2.507009	-0.497676	-1.474463	-4.138150	6.505807	2.124823	-0.897730	-3.457801	6.409654	1.607055	-0.345740	1.671657	13.381547	0.274288	-0.798858	-1.803082	0.641451	-0.840517	-5.091340	0.130349	5.012740	1.722874	-1.597606	-0.494769	6.424997	0.772575	0.421603	0.751521	-0.132186	-1.990556	-0.593897	7.720676	-5.535472	-0.807031	-0.989285	-2.502258	-7.075460	0.141461	-3.182841	-7.454018	-9.266500	-0.111573	-6.794008	7.282114	6.153446	0.214461	-7.589513	-0.706351	-0.606350	0.113665	-3.530306	-3.225487	1.723767	-3.494979	-0.749258	0.569592	2.904147	-3.591863	0.067607	6.575748	-3.255035	-0.968092	1.449188	0.210892	-6.542093	-0.356353	-1.607075	-12.187056	-18.314432	-0.327324	-6.555444
21.106606	22.460803	1.061150	3.810440	168.749836	90.097440	3.885581	44.836063	53.369518	61.073683	-5.149192	54.653036	-205.789601	-35.894531	-16.825232	-17.335117	-79.030791	-27.818589	-1.166759	-8.639704	-3.420112	-14.928572	2.831455	-1.066693	2.996846	-18.468062	-1.196069	-1.586335	2.603440	3.140343	0.301098	0.335029	60.705412	21.890639	1.325722	14.859205	42.624584	44.527392	-0.350091	39.342479	-86.976845	90.127600	2.328965	5.648958	-49.685803	25.374453	5.987396	-2.454640	0.014555	-15.310682	0.401782	4.073532	5.527462	-67.118987	-4.290327	-3.823723	0.229790	9.016772	2.190911	-0.088017	19.920530	17.456488	0.367514	5.313419	39.010384	35.880910	3.038967	24.897876	-51.699239	45.171738	5.479712	20.092093	-70.081864	11.201147	0.623386	-1.545545	-8.452636	-4.122309	1.523159	0.537365	-0.263102	-30.806198	-1.241540	-0.089057	17.027001	47.578510	5.847850	0.056113	4.397535	28.644458	-3.189488	3.085667	19.991943	21.935651	-0.143201	12.972244	-14.076752	8.312299	-0.723934	19.018130	-58.810464	-1.432722	-2.724368	6.416437	-19.825708	-2.626101	-0.471040	0.821554	-0.864957	-5.014331	0.091820	-0.470619	40.381309	17.138344	-19.230918	7.131636	8.429856	-3.856763	-9.265729	5.459546	1.108495	-15.782103	1.318412	0.287277	-3.279315	-5.288781	-4.755107	3.608243	-17.619655	13.364456	-2.989228	6.480444	-18.447820	13.913262	0.157573	12.160844	-6.118849	14.387283	0.323844	11.161734	-42.047043	-2.798066	-10.662778	2.304587	5.865668	10.890625	-5.583167	14.401617	-6.590070	-2.613571	-4.893109	7.193742	-1.710774	0.453485	-6.322749	-0.338985	23.514893	13.410328	-0.934848	4.574824	5.330827	11.907778	-0.149134	7.760646	10.663607	40.763794	-2.448959	20.957571	-52.344296	-32.161384	1.293501	-41.169767	-2.998985	-67.976189	-2.520561	-11.330301	-6.747078	-29.865270	-21.282371	26.110177	-2.261349	15.489627	-16.047829	20.030815	19.604897	16.961214	-0.883664	6.577886	28.035369	-0.056072	0.793590	-5.170991	19.696676	-1.864505	-0.099236	8.068001
-13.685089	-32.049623	-6.303392	-1.899439	583.594494	119.995320	-4.048516	53.369518	2363.661132	639.842208	-28.498318	310.278440	-688.492267	-47.522648	-249.448510	92.441801	-1650.718205	-462.460405	-136.548790	-152.889788	-116.700344	-114.020905	66.662556	-33.920444	12.464773	-278.416546	20.454967	-31.685308	-17.160974	-87.277366	-9.167464	-0.347994	163.537278	-23.946182	-6.867554	10.092757	997.550719	105.930012	-17.810909	212.865760	-413.910982	758.526463	35.500689	168.334007	-757.705670	773.851326	51.715802	-95.830053	-14.601086	-6.525813	64.961326	-7.388704	-14.358868	-884.578657	-7.536727	-37.519309	-4.989235	-20.551746	3.676841	-0.227095	11.862100	11.289027	2.477788	1.005499	533.564067	122.036253	7.595134	120.178931	5.429630	294.098511	32.178355	177.191212	-773.615913	32.972112	-18.044974	-47.159358	-132.305085	-235.318023	-17.189695	-20.784264	-35.879488	-407.943730	-40.630940	1.224107	68.844069	228.697806	22.856660	-5.297228	-10.489995	249.233721	22.329996	-24.344044	272.113917	219.468143	26.991613	7.407392	16.726510	5.574616	-5.525267	174.325799	-610.410471	135.638512	-34.408175	113.664720	-211.033741	3.550532	-12.039434	19.257995	-33.785657	-115.024335	-3.858529	-2.781025	199.288628	261.038827	-100.340224	43.651727	88.799932	127.401103	-70.672971	-31.988208	147.298787	-28.984866	-7.853387	-86.272944	89.156123	-91.911279	-3.123793	24.409138	-195.050671	288.797371	-12.916090	146.342129	-121.643844	197.754001	-20.122492	260.809934	-59.457327	20.573131	-19.254261	263.886668	-197.346922	55.945928	-113.160291	-2.483982	131.099214	54.445934	-68.095451	86.738579	239.701100	-111.742760	-30.417263	8.667584	309.628718	-61.148883	-42.929796	-51.002473	100.043537	-83.884978	-27.295964	-24.101380	-20.756161	-35.983788	-4.485191	190.685494	228.054920	523.097749	-14.572456	510.596167	-285.987275	-223.993077	-5.375095	-331.264887	106.174618	-388.489312	-25.990833	-60.504732	252.959427	-206.309187	-142.951914	134.097152	214.573296	-40.264411	-223.085078	85.671997	98.423896	-145.583567	-40.253871	-33.670904	28.743767	-176.968421	-16.347807	-6.667204	405.801783	427.751805	-0.138511	211.369857
44.031738	30.939674	5.597179	2.586689	525.326637	271.056330	16.098619	61.073683	639.842208	674.568582	2.745901	178.468813	-765.760899	228.633072	-83.321491	12.630850	-576.868765	-44.143968	-11.227162	-63.739246	-26.390026	45.003842	32.206403	-17.243513	79.826197	54.988564	4.184993	-15.967816	9.357959	58.616919	6.302462	0.043183	148.249865	73.426203	8.957854	26.187781	263.291389	146.337212	0.070874	119.068500	-342.789394	307.897199	0.787890	53.004389	-270.396229	119.792500	15.231735	-57.364453	-12.519555	-155.895091	10.031092	-35.799642	27.048966	-374.907045	-21.565363	-46.698331	1.535804	36.162548	2.553004	-1.265671	54.441773	43.687413	0.706282	7.032442	230.500504	89.942855	1.704305	58.947442	-93.862952	106.153937	9.096729	40.295877	-238.550620	-18.248275	-8.130910	-35.082292	-42.008859	-129.870105	-7.607061	-13.676959	-16.803853	-217.255439	-16.745205	-6.879357	17.894053	70.592386	-37.704567	-5.311488	17.745020	8.853323	-24.153766	-16.972836	150.763609	-10.440900	6.732136	-14.621115	-1.819178	-44.949570	2.667743	19.697645	-219.199061	13.354216	-6.925621	-0.045548	-81.065537	33.293606	1.810765	-8.805596	9.736551	48.076969	2.915101	2.688137	62.839161	67.422563	-135.255796	-1.140728	73.511807	66.256669	-56.087242	-13.572969	75.570777	-25.706384	10.397090	-53.571966	-49.989807	-99.726726	-9.170543	-34.017539	-104.661257	91.633891	-4.714267	39.302003	-58.035430	127.982916	4.071232	30.566935	13.394908	165.919056	6.522294	41.918772	-140.757336	-3.568455	-73.553652	-50.025495	169.027624	73.847557	-12.353436	23.675974	145.498039	28.250269	-26.960896	9.076345	54.437020	-8.824386	-56.226483	-23.714090	44.181769	7.414257	-21.894467	-11.788631	19.163701	-5.483227	-1.844348	31.547094	64.409767	228.089101	-0.995269	78.562013	-41.907828	-53.221243	-7.038778	-241.421335	116.846739	-208.558144	-12.538675	-81.313559	96.205849	-75.931334	-115.531813	61.795835	134.758041	68.224686	-169.423274	29.604346	133.850652	-15.345903	-43.304412	-12.685327	26.710289	-52.750408	-11.476070	-25.752695	61.104193	133.846321	12.235509	14.342183
0.887600	3.898429	2.027728	-0.548388	-17.347943	-1.564485	5.450896	-5.149192	-28.498318	2.745901	41.066193	-15.055891	-15.863569	36.238126	43.274358	-7.952685	-11.543091	-3.416873	-0.675706	1.194581	0.174348	-33.505963	-1.066824	1.094620	-6.639013	-40.112293	-1.223126	-0.306645	2.234769	27.605069	2.757021	-0.160145	7.488486	15.929368	3.095197	-0.344831	19.426501	11.767143	8.188428	-0.409057	-10.300716	0.449486	5.094523	-0.830518	-25.214126	-22.302305	-9.692522	1.342347	-4.331904	-43.128237	-5.240088	0.569660	-14.501615	-66.772173	3.097866	1.842032	0.032559	11.616923	-0.314804	0.334030	13.753668	7.866131	-0.413938	0.435974	32.893247	6.304967	-0.382199	2.056246	2.502793	4.987035	1.274332	4.338697	-38.318744	21.426846	-0.660204	-0.408789	-4.509975	30.348712	1.312600	1.852395	1.784980	21.518248	5.135983	5.018538	-4.726494	-21.227885	-9.961416	0.897468	6.169021	-42.184904	-9.541018	-0.163471	35.594240	-44.034043	-3.384631	-0.417422	21.149798	-14.757868	-2.441506	2.470360	-29.309825	0.974069	1.568093	-4.509966	-12.615229	10.170238	1.467506	-3.444539	4.932677	22.258894	0.253395	1.440044	-31.316624	-9.570874	-14.413433	-2.483921	-9.564897	2.923945	-9.009507	-0.732098	8.914896	-14.705417	3.573946	-0.837391	4.576605	-6.860122	1.040865	-0.814594	-13.219482	21.541726	2.481824	2.268759	-15.110435	-0.168584	1.039582	-7.533972	1.732687	7.830540	0.975394	-7.910297	-3.078083	11.594849	1.920156	-7.574421	-3.276050	30.913113	6.077775	-3.883967	7.068270	30.164791	0.407758	4.075070	0.761610	3.949757	-1.779395	3.419126	-2.196140	1.741351	-1.347208	3.140630	-11.564706	-2.523813	-0.194402	5.195268	-17.779405	-25.852842	1.880529	-3.008419	16.358242	13.941929	-0.384255	1.513958	0.713215	14.911116	-0.159264	4.562164	-0.295369	16.397858	-0.862078	-1.697278	15.145367	1.464426	-7.394910	-6.781378	0.021533	-19.143667	1.920001	-0.748107	-14.527001	-7.458714	2.246943	3.924916	-21.069380	-14.953752	-0.021622	18.252261
2.681157	-4.083071	-0.735670	-0.109845	209.875466	89.627750	0.968796	54.653036	310.278440	178.468813	-15.055891	245.068629	-425.792591	-81.800597	-69.023858	116.836165	-341.374762	-120.367970	-30.001172	-22.491294	-23.537744	-53.245774	1.586782	-4.020070	-3.333039	-88.596949	-21.407713	-10.511202	-2.595119	-13.963455	-1.398476	-0.226417	47.781713	2.727908	-1.316738	10.663719	86.612588	41.678203	-6.610416	80.142431	-108.836279	133.277548	-4.532249	76.167139	-124.025361	81.938983	8.582241	0.497394	-2.285286	-13.511985	3.509610	5.073013	-3.003069	-136.779226	-14.042889	-11.813132	-0.289325	9.858882	3.849620	-0.738082	13.018326	27.479515	1.257088	4.125538	18.949008	59.472990	4.094776	32.420583	-62.039889	78.270426	11.210919	66.069607	-95.268258	29.698418	6.027542	18.126033	-10.613967	-10.495831	5.797400	1.688461	-7.997382	-78.101505	-0.921524	0.458254	56.254145	161.148147	30.031428	1.050288	6.522564	159.176571	1.725719	6.975927	-13.282055	133.087773	-9.235594	26.818816	-59.626012	40.648489	1.977348	53.145270	-51.323318	-15.271757	0.818011	41.593191	-19.464040	-32.903996	-1.462873	7.441702	-2.820648	-39.113546	-0.336518	-4.291830	134.512102	37.364634	-23.654538	38.464170	25.649492	-3.998102	-32.093935	12.719024	-18.781640	-23.110656	-9.187169	5.730831	-24.900384	23.330572	-8.230534	30.923882	-5.313845	-1.346375	-0.522328	48.966045	-17.795786	-37.305605	-0.714329	68.868755	-34.611687	-82.884639	-1.747024	33.969159	-105.066244	-54.688561	-39.471470	54.370090	15.110653	-50.647095	-21.657038	60.053602	-18.082675	-58.494733	-11.619626	5.600941	6.922304	-8.868215	-2.889709	-5.251221	67.280494	-17.145326	10.407476	14.133648	4.079441	-29.958861	0.854518	91.980128	19.760202	51.258766	-10.240646	138.401470	-140.470766	-156.516786	0.494644	-68.044598	17.148471	-171.003099	-10.356860	12.423145	-6.600685	-47.117929	-48.205359	42.207607	-6.832352	35.688406	-21.577686	19.906867	41.908785	-12.919597	22.775075	-0.334612	34.372496	-30.905871	1.973938	21.813477	145.609726	128.813805	0.815819	118.988237
-122.914960	-126.609616	-12.471040	-16.844829	-1214.310868	-589.263297	-34.978092	-205.789601	-688.492267	-765.760899	-15.863569	-425.792591	2349.461569	-79.315993	8.736128	-20.020040	760.035453	-317.284297	-111.148731	33.189203	-86.270624	-244.820716	-66.676245	-26.011518	-98.946913	26.980065	4.895828	-7.773791	-25.463447	-113.954486	-12.057682	-1.609925	-406.256572	-194.118701	-18.371682	-81.998902	-379.446070	-370.821906	-3.079011	-280.118642	859.050395	-647.390137	-41.418549	-43.627451	435.981569	-7.442105	-50.473213	76.964352	-32.303895	433.573955	35.641661	-3.413432	-2.283201	956.428912	123.674664	18.507815	-2.491692	-89.423944	-10.361845	1.353257	-147.099802	-132.174403	-2.975461	-27.893809	-381.800666	-281.705267	-15.319051	-164.759631	429.745065	-231.128991	-16.123471	-146.557756	470.994096	170.482568	5.409504	31.513145	15.020890	312.938900	24.470669	15.683423	20.519682	428.319568	38.184090	0.456174	-110.982311	-345.372165	-24.479309	-1.641203	-52.181566	-228.300603	26.798240	-4.353692	-195.088731	-143.593867	13.127152	-54.471080	212.276107	9.755595	5.828931	-128.251654	418.316297	-1.142865	8.832365	-56.875381	96.150303	-42.550023	-3.541531	-2.189798	-19.222647	-38.078812	-3.774403	-7.838966	-221.342304	-136.137745	189.922436	-106.178018	-128.567561	-1.779185	109.282567	-50.161417	-30.957925	129.306763	-5.500730	24.302552	197.274667	107.624557	29.269515	-14.680722	153.200668	-67.361001	-0.311426	-89.866232	85.588772	-133.416726	-9.900078	-93.955860	-9.638448	-188.458223	-6.862250	-86.949138	475.551804	130.145976	156.605088	-37.021034	-206.789833	-44.019950	32.904086	-171.076566	-28.607769	-8.547732	24.032824	-72.714815	61.534331	33.405857	41.515570	1.894368	-202.579818	55.913723	-7.757692	-18.598681	-83.558327	66.003874	-4.122141	-89.200633	-13.099137	-315.729176	11.108686	-159.918000	423.360089	412.869824	14.981137	408.788558	-105.519004	671.211141	21.773897	66.574188	-46.451219	334.094444	194.276543	-254.695831	42.428477	-201.678878	211.255486	-141.811307	-273.991467	-111.931043	2.592088	-34.666346	-225.724406	119.942167	-10.398742	1.620761	-25.375626	14.248807	-12.391111	-72.527690
4.448985	8.461488	4.650604	-2.180054	-89.350619	-15.943164	5.442880	-35.894531	-47.522648	228.633072	36.238126	-81.800597	-79.315993	795.297206	89.400870	-15.207298	-61.194573	891.387756	62.873615	34.194507	58.480325	688.848231	50.058894	52.183528	162.745957	513.023799	45.193342	45.914697	8.367178	78.990350	8.139794	-0.159746	-28.442984	21.709056	7.143313	-3.802960	-10.894651	33.185462	21.696063	3.864229	-17.549535	4.447257	1.151956	11.032254	-8.007747	-125.682882	-63.788712	-2.128321	2.879522	-291.553150	-54.351010	-17.593371	-55.214999	-496.476150	-52.334444	-23.076325	0.429008	48.135872	2.500894	0.733500	6.287718	19.397119	-0.411706	-2.148546	13.432252	-15.643138	-6.536854	-3.549109	32.503447	-130.033013	-46.460454	27.981132	84.981341	-341.861178	-61.487000	18.222789	10.045875	-394.982802	-41.918470	-4.186002	-38.643452	-405.772673	-41.419542	-12.648861	-41.179803	-77.126334	-17.724162	-0.902176	8.352513	-87.823717	-10.333629	-18.063383	10.264146	-59.348760	6.452237	-42.089243	-86.761456	-10.625189	-0.587002	-50.254359	10.973201	40.166450	9.195630	5.363247	39.326495	102.973118	7.517244	21.176661	35.368764	125.333155	3.063973	15.578200	-109.033937	-104.935274	-8.947869	-36.985158	-3.244628	-5.904458	11.339259	-28.467646	0.677941	9.580825	3.816129	-48.018370	-105.095800	-19.368592	-12.637795	-67.247108	-22.677202	14.761596	16.990872	-44.056285	30.825108	145.873049	12.940470	-22.100589	101.261787	324.470651	12.197155	26.225971	-11.422967	-11.535832	-13.102179	-50.672695	70.749533	2.655785	19.804945	-44.729356	38.550208	42.573261	-18.197814	-14.081468	-39.707703	-2.116377	-22.009853	-34.337965	35.832112	-46.814045	13.172745	-77.702836	31.570853	-2.652297	8.446213	-99.244084	20.494987	199.830898	15.697949	-34.266322	65.267561	23.059662	-3.697344	-64.503175	110.606603	62.033319	-25.656873	-20.279139	27.571645	117.077394	-57.348717	-42.051060	7.234299	69.889321	-23.931583	-38.618917	44.497777	29.329269	8.876894	-50.475345	-60.283509	-14.466827	-5.114162	-61.108777	-97.472473	60.270440	7.978264	-53.193743
-4.045985	-3.842774	1.135513	-1.527915	-88.254934	-32.460757	0.016687	-16.825232	-249.448510	-83.321491	43.274358	-69.023858	8.736128	89.400870	171.769917	-53.836137	141.548096	172.806617	95.440315	4.201848	31.835416	29.761121	12.620018	8.529268	8.163530	1.236380	12.428009	1.962551	0.804796	20.261737	1.985204	-0.108699	-15.914077	0.786801	0.428244	-5.242937	-6.273679	-1.857904	14.164492	-26.450498	66.328515	-55.628914	30.637861	-24.598513	7.273864	-101.248737	-4.699803	-7.105135	-4.148664	-112.219123	-8.097867	-7.442873	-31.342455	-104.826562	-6.802518	2.472729	-0.340975	1.981581	-1.437045	0.704746	5.655660	-8.626946	-0.628775	-1.946964	53.741456	-19.156143	-0.935441	-8.978619	46.263400	-20.680278	3.449188	-6.495130	-43.225326	30.721662	7.416159	-9.950687	-13.118774	38.637867	1.222946	-4.109876	2.787405	57.300658	3.352526	4.244088	-23.572082	-33.265081	-8.628192	-0.044996	4.585183	-56.768512	-13.177200	-2.142612	51.034116	-70.876484	2.053732	-5.115917	68.928376	-29.997743	5.330717	-1.032951	-48.476074	13.955660	4.364064	-13.430183	-41.117304	48.176925	2.056717	-7.625038	9.613456	59.431195	1.147934	5.677409	-58.304140	3.516699	14.180639	-0.932604	-24.580598	23.724423	1.356868	5.224608	14.133040	-21.212889	14.342840	8.753543	42.270919	-42.434309	11.163072	1.675822	-9.057534	56.585563	5.164775	-2.880334	-38.351473	49.927472	2.104891	-29.091385	17.332556	44.151752	7.791211	-16.238902	38.847884	-6.791915	17.178929	1.420994	-23.280526	18.535530	10.553234	-10.721837	13.760950	11.043684	4.146648	9.443118	41.989758	-21.715243	9.685241	10.813229	3.437806	2.473768	0.086771	7.224606	-35.024893	-23.677694	-4.219467	-18.339518	-65.927209	-100.013138	4.590458	-56.963107	7.284326	10.724843	-3.039484	66.054637	-12.952504	43.157887	-0.507889	42.948340	13.510585	8.473408	33.472127	5.637019	58.322398	-39.323378	27.623470	-16.351953	5.550314	-63.895976	-9.644001	2.995997	-48.142763	-22.906833	-5.370418	-0.909558	-126.205754	-149.900894	-6.295852	-42.610865
-16.417534	-18.654026	-2.120152	-2.374638	-105.939499	-52.475609	-4.610153	-17.335117	92.441801	12.630850	-7.952685	116.836165	-20.020040	-15.207298	-53.836137	223.013225	-184.926913	-56.964516	-48.678240	48.932941	-30.953101	4.782811	-15.419579	1.997733	-12.780345	-22.549215	-23.653245	3.553323	-6.081300	-20.911366	-2.201232	-0.472940	-50.714878	-22.982118	-2.265963	-8.547184	-61.735993	-31.615533	-5.801498	-3.776743	41.647383	-76.254471	-16.841986	57.145103	13.455128	-14.765860	-13.714677	34.675529	3.036652	31.197081	-11.062920	13.337439	3.917724	36.900948	-9.855166	6.654846	-1.819930	-5.998837	0.028415	-0.203967	-20.567752	-4.622295	0.265940	-1.920106	-95.498624	-7.822857	-1.023850	-14.613704	-12.032885	-41.611670	-11.181414	20.187676	101.916344	-60.180611	-7.058369	35.486948	29.863009	-19.715372	-1.750352	9.357285	-4.673303	-21.862465	-0.375725	1.944726	30.030966	102.263711	17.975950	3.152718	-2.762487	108.296638	0.388959	7.525228	-88.705660	76.490611	-9.226271	7.697237	-102.157578	28.860253	-0.610220	4.312113	119.221382	-20.238506	2.972948	31.279680	72.722414	-39.904096	-1.574522	10.464989	1.548287	-37.777312	-0.934242	-4.168074	71.929829	-12.244272	8.900053	22.207915	4.870485	-16.296509	-10.083832	9.490621	-43.345810	24.893227	-16.105250	15.940309	-82.732227	71.081243	-4.782612	22.324796	36.630665	-72.461051	3.371314	23.885131	57.783769	-99.947226	-2.437039	37.991848	-23.801478	-123.968011	-1.553232	7.364201	-29.153649	-87.672422	-17.097097	38.424464	-3.686108	-97.718029	-8.699917	33.847872	-38.981463	-55.299988	-0.334655	-4.871305	-54.709948	-3.579525	12.045071	-3.231788	-2.592314	-51.871366	11.941040	-7.053817	11.652821	-40.363760	5.049511	54.037748	-1.023520	-17.471347	-0.163963	89.807856	-54.510126	-86.508655	1.407655	21.657082	5.262333	-41.518213	-4.815913	25.032252	-28.773014	11.180033	-11.074571	-7.821053	-77.122322	39.233929	16.196929	-6.466694	-21.889718	38.642620	42.533278	-14.896403	11.870375	26.583912	15.253879	28.411431	125.080869	178.406670	12.098085	101.059966
-34.240762	-18.128235	2.664251	-5.175980	-548.358059	-207.744735	-2.748005	-79.030791	-1650.718205	-576.868765	-11.543091	-341.374762	760.035453	-61.194573	141.548096	-184.926913	1612.830048	208.541185	105.186416	73.539246	111.517205	-26.683516	-45.571749	-2.349722	-50.116397	203.248078	-0.505027	-3.949458	6.760708	51.713585	5.326233	-0.367044	-164.305546	-35.716167	0.810690	-26.361209	-700.224705	-169.185932	3.643732	-196.332430	407.780481	-657.439520	-28.109973	-174.691767	688.799804	-572.996680	-13.795165	55.175757	16.537946	118.434249	-38.185692	6.808844	-18.266286	851.129002	12.670218	26.745575	1.946933	2.946821	-4.175756	1.100207	-26.843421	-42.328880	-0.842657	-6.986509	-389.798825	-156.816231	-8.557976	-111.288664	105.165028	-278.811602	-28.979143	-198.262417	651.046281	-80.268908	18.097111	-4.808123	82.938240	152.225418	7.696067	10.660876	16.163561	343.111159	25.543364	-0.828369	-74.847001	-257.471074	-12.721007	0.809537	1.297714	-200.685277	2.987164	16.147726	-185.998325	-180.116377	-2.983497	-15.710476	58.383889	-47.808919	8.385079	-162.024402	478.113455	-83.925312	22.713171	-111.806444	122.169586	35.360907	9.186851	-14.449462	22.143493	107.696787	1.429424	13.261302	-159.163166	-175.437263	115.622376	-48.828014	-67.100991	-81.769097	71.180109	20.208196	-62.578135	-1.967668	10.510132	75.095609	3.964991	-8.706544	10.276216	-37.766983	160.055619	-237.665192	8.992196	-129.676802	80.718020	-140.891296	16.439514	-208.946150	50.624351	-25.487457	13.632372	-182.362008	245.789113	47.692774	92.360707	-0.217706	-110.948550	-25.826286	46.030829	-86.439906	-116.314686	82.083435	33.415648	-4.950977	-164.905409	24.925126	26.396634	43.672814	-117.105098	42.867605	5.193300	26.359761	23.137177	-22.728448	1.914768	-168.062640	-179.439018	-487.713027	9.712408	-410.447159	223.255735	202.780038	-3.966721	252.554202	-95.591215	329.679659	12.950238	57.770599	-145.653440	141.292662	124.645259	-105.215470	-127.020283	-33.975757	167.767195	-73.649849	-86.686753	65.163962	10.083785	28.957928	-28.291584	90.314956	2.835361	10.796440	-359.515790	-409.228284	-10.317289	-195.945111
2.449564	-10.808623	0.951196	-3.266982	-102.102243	-30.535199	-2.564966	-27.818589	-462.460405	-44.143968	-3.416873	-120.367970	-317.284297	891.387756	172.806617	-56.964516	208.541185	2122.168886	200.353498	99.492910	240.669169	1766.847690	109.642347	147.258478	324.013118	1109.021634	86.086935	131.971604	-0.357431	22.383317	2.862115	-0.165002	-40.329559	-12.667547	2.674467	-4.379708	-238.879968	60.556203	12.836097	7.754810	-51.559128	-15.732823	26.362479	-4.191806	191.372799	-242.856828	-60.015505	18.936702	61.981892	-458.482391	-142.789805	14.127995	-99.522049	-917.214870	-171.712233	17.003740	-1.348625	39.227796	6.597098	0.718146	-26.675541	6.089486	1.142666	-1.699249	-232.943099	-24.781654	-11.123203	-12.619657	9.688894	-290.182276	-97.504509	62.234394	394.493490	-901.700496	-127.087946	64.311354	102.689264	-1035.540597	-112.080257	-4.217946	-79.967761	-968.567687	-118.842200	-27.949452	6.842643	115.782378	90.276059	3.140491	-1.597989	216.691922	48.975994	-1.473211	-229.827596	255.349336	10.522725	-15.085205	-343.202068	186.695681	15.506463	-30.315693	178.348542	116.027506	22.926336	67.853693	169.703910	177.840684	7.025592	66.194217	44.975023	144.866423	2.630115	27.469381	164.793561	-77.923296	129.977197	-12.800290	-3.769030	-43.078340	40.184914	-17.535261	-120.734954	42.090255	-23.024320	-29.658369	-211.002281	156.669203	-16.448727	-54.775506	44.602308	-50.179156	43.798169	-75.124457	123.080240	256.618077	19.052661	-2.638606	204.741028	594.185978	11.382778	81.606975	168.231525	-112.824612	-50.651526	41.659974	2.181149	-253.726082	-9.823437	-42.753178	-112.139127	-166.645167	-16.600907	-55.230044	-81.175674	-60.203835	33.165572	-68.950830	204.527895	-136.807467	68.609341	-137.976168	116.025429	-32.936792	16.244910	-223.551906	41.262419	334.324779	13.500303	-81.009136	-21.824324	-190.785368	-2.156430	37.893822	154.097130	78.155373	-29.554654	46.621650	-13.618886	125.029902	3.459323	-34.457758	-170.697716	84.745794	153.625122	-52.295983	69.439464	51.982617	56.660844	-72.469569	-57.274351	-138.387040	-9.278564	-146.986655	-259.226718	-193.825204	-7.481755	-172.798081
1.682033	-3.652116	0.544195	-1.085736	16.662358	3.472278	-0.516840	-1.166759	-136.548790	-11.227162	-0.675706	-30.001172	-111.148731	62.873615	95.440315	-48.678240	105.186416	200.353498	119.339742	-6.602533	37.114697	140.112872	41.305141	2.126303	44.622752	122.689448	33.279401	3.960403	0.563222	9.858422	1.111638	-0.148980	9.849100	0.555724	0.049144	-0.037599	-16.279942	1.971161	2.986985	-2.547135	6.922384	-27.047526	29.961517	-18.093874	23.288247	-112.830341	30.615187	-13.720846	1.515598	-149.679145	5.751698	-10.371250	-20.717742	-166.931411	-17.045080	-5.801211	-0.061079	3.278310	-0.059089	-0.170302	3.480449	-4.181735	-0.251727	-0.796331	30.415780	-11.633849	-0.736518	0.266309	20.230755	-34.571021	-1.271983	-3.736932	-4.882065	-56.864674	2.725455	-9.537805	-4.655873	-72.091924	-6.411678	-6.672981	-6.340237	-56.935597	-9.032144	-3.326897	-13.488998	-16.882762	3.930126	-1.825622	2.627787	-8.808364	0.094157	-3.320236	27.000276	-19.404544	5.416659	-2.679778	29.315229	-19.065357	6.106960	-3.428184	-33.599041	24.496978	2.483884	-5.139459	-23.760112	50.283552	1.415676	0.128197	6.735231	47.011384	1.706592	5.569080	-24.872058	-3.177773	17.746738	1.711618	-7.124721	8.030666	7.933315	-0.267307	15.205234	-24.944790	15.464199	0.889402	22.927778	-52.480226	11.364784	-7.744772	-16.723600	41.604891	8.654739	-9.173771	-21.118734	82.230862	3.677669	-10.442366	27.290903	87.895534	8.855921	5.855268	12.834531	-13.246324	9.357725	6.771034	-4.020124	-4.536787	5.985837	-9.629320	19.933713	-9.170413	7.276513	-0.374230	55.184979	-23.647731	10.545044	-1.305208	8.544433	-16.894705	2.026148	-7.778897	-22.815789	-40.124478	-3.247871	-28.229573	-29.294656	-56.581816	3.127951	-40.401980	5.587993	-15.471646	-2.840840	42.731006	3.843666	13.878724	0.243022	20.436985	29.555625	-11.968813	24.258561	4.190263	51.276610	-45.592366	19.637266	-8.559721	17.840900	-55.558634	-17.903034	-0.301835	-38.687882	-44.077313	-8.826725	-11.535945	-102.469047	-145.690773	-5.849338	-56.690906
-7.402612	-6.998370	-0.858478	-0.882721	-82.832814	-37.983629	-1.152106	-8.639704	-152.889788	-63.739246	1.194581	-22.491294	33.189203	34.194507	4.201848	48.932941	73.539246	99.492910	-6.602533	83.315777	2.732897	72.759345	-9.392808	23.999521	3.907870	60.503499	-3.335253	9.987998	-3.529710	-8.206031	-0.927984	0.114758	-25.952381	-13.935813	-0.401738	-4.504789	-80.293831	-30.173611	-0.874136	-23.230813	29.974976	-108.181319	-11.676267	-10.195488	72.491376	-106.706271	-14.808332	34.713197	6.735879	-17.823299	-17.067864	28.165553	8.175197	48.078201	-10.466189	14.724915	-2.264133	-2.305633	0.258637	1.293860	-8.944974	-9.764257	-0.631451	-0.963568	-70.547447	-24.793683	-2.896610	-12.880701	-20.120284	-60.584351	-14.384705	-12.441765	105.192965	-80.119096	-10.505834	14.381161	31.642617	-27.227470	-7.345150	9.865179	2.185650	7.287552	-3.263355	6.469211	-3.799584	-4.765164	7.592771	3.478019	-4.536092	2.256116	-4.532895	6.094181	-53.838790	-8.131375	-7.408586	-3.210703	-56.197721	-5.273362	-3.071971	-22.644429	89.614446	-20.792243	-0.157491	1.888688	60.029165	-12.947312	-0.400107	5.221911	4.145568	-7.647176	-0.829177	-0.670234	-4.431695	-51.644799	18.389427	-7.809189	-13.830820	-31.041074	3.045704	1.396185	-28.093070	17.324107	-11.057497	8.436207	-58.356145	32.933892	-4.328895	-6.058146	28.174700	-64.782443	0.240808	-17.653947	51.806951	-45.277592	0.519003	-15.911481	6.096016	-21.584377	2.663104	-11.662574	13.585916	-18.649143	3.858593	0.824411	-24.114791	-24.540656	3.087474	-6.023052	-32.468680	8.018487	5.282423	-2.726360	-81.331037	10.749153	12.696848	1.816472	-21.430248	-15.754486	6.034144	-11.492114	19.584963	-5.760843	3.395718	-20.853048	-10.576503	-28.359529	7.750418	-4.841670	11.642565	35.022299	3.248981	32.533106	-19.714977	42.862841	6.938388	2.617010	-34.084939	3.449972	9.150250	-14.365758	-94.562786	20.088344	19.343514	-9.754738	-26.371112	57.248638	19.247555	-3.166148	12.293983	36.765240	6.002545	2.671918	0.672852	29.315528	8.012845	16.160444
