992.155463	342.688551	4.269498	174.565449	466.897300	125.313349	0.457512	140.104957	-146.265720	-44.496515	-4.812137	-58.881428	-80.478053	1.194189	11.289650	-131.114284	137.525151	111.385509	-8.055378	-61.175455	-33.520935	34.190703	-30.762821	-13.053001	55.437267	60.625195	-23.879761	-8.345507	489.991521	0.444111	1.906926	80.446479	414.362711	59.077556	-2.741636	134.120135	-27.385207	126.604635	24.803274	-21.954123	-8.385334	102.470902	37.769044	-48.215856	31.073224	-25.592881	-55.219111	-6.565550	-15.554159	-43.541879	-58.091739	1.705260	-4.702055	-115.949036	12.556523	-68.348611	97.161795	198.146697	97.546289	-54.248022	64.114701	75.056068	14.036460	-15.992560	-24.459070	117.890346	-4.201490	2.243897	-26.181840	42.339352	-87.536030	-17.843002	92.109332	-26.014812	-104.123675	-2.343500	37.163730	-7.741921	-58.807684	7.218757	-82.895556	-59.489863	-62.124682	64.170912	25.939999	295.134185	42.738064	-24.572579	9.114111	-24.278634	-59.683354	-3.368174	50.555961	-89.582607	-112.331995	20.324973	-15.560177	-20.953920	-83.051190	-19.396505	120.396448	-16.020136	-14.636942	-8.918564	53.106011	-26.833732	-80.291482	6.279664	277.656494	-48.044211	-137.957683	76.266879	-50.080963	-163.660925	-188.133421	-18.575875	26.091350	-129.567705	-127.446788	25.954872	137.987546	-61.798365	-38.591254	-37.863116	11.130554	-32.525514	-8.995398	-71.252633	11.001520	-78.439632	-21.582845	-28.733749	15.530776	46.631815	-40.062528	2.844675	154.101648	170.191618	133.506478	-0.714600	-69.773169	-132.926796	-128.044184	-18.938803	13.399810	-47.026775	-53.715893	-1.809752	132.616410	-24.752975	-6.183830	7.591317	90.656866	-33.871728	-7.258395	-134.076975	-14.426747	-16.101110	-4.804669	-97.157216	-1.093002	117.302086	28.305827	-22.805556	-1.789485	88.177441	50.115993	-1.752492	-59.602765	-52.615151	-41.148620	-3.540894	-3.722582	-1.541514	-6.934685	-2.013881	57.130596	-16.231403	2.555395	60.244446	310.327795	17.968382	4.545694	29.482254	17.715490	-55.225113	-19.012465	-244.914533	-44.510123	-91.756502	-11.256264	-112.628794	-28.405656	-69.069693	-3.727897	-33.415311
342.688551	432.471582	8.011561	113.944234	80.173821	82.924251	0.595117	42.139220	-80.702012	-21.515850	5.231181	-34.696075	87.877006	25.442079	79.061453	-63.949331	8.704185	28.396092	62.527800	-55.431673	-69.121713	-83.513395	-23.329170	-19.043105	-91.480542	-106.556519	-26.435604	-37.341984	331.847282	171.295803	4.821595	93.675088	133.655686	69.173417	-0.596232	64.013400	-29.383274	39.520343	18.643449	-30.964535	61.203561	12.678466	33.921486	-14.508616	-30.570999	-30.804930	-48.295948	-4.711807	-46.026612	-34.415566	-57.779886	-12.922320	-163.264734	-50.498121	-37.556589	-61.619695	137.473553	179.625129	15.597540	31.403616	35.414279	60.800873	-1.025807	26.080572	-71.902257	43.987400	-3.338708	-16.048736	-9.298320	72.891198	-27.556352	-7.944335	-16.087896	139.065749	-59.800153	-9.966795	-22.234092	158.949373	-45.689422	-1.992371	-64.192178	108.442471	-115.176906	39.961756	35.174638	161.427651	-28.771688	-4.956357	2.452571	4.085284	-57.735608	18.695602	-36.028602	14.338983	-39.444881	10.336557	-36.274289	33.254355	-9.309302	-15.897965	-53.330963	44.744251	-21.161929	-17.301395	-24.407303	12.142534	-65.357151	2.419635	246.894415	26.740488	-102.540968	47.718617	-24.426887	-115.433602	-98.989428	-14.764140	0.805890	-49.086779	-77.236552	-2.837543	26.421474	9.946986	-27.762310	-15.121577	-5.344298	10.270493	-9.611516	-16.113659	-33.758222	-17.637960	-14.406474	-13.293324	-3.099710	81.924377	-3.860916	-0.398496	125.667112	155.777950	87.181582	-0.354276	-32.870895	-60.680501	-72.865407	-8.286490	-1.310040	-15.522028	-25.524421	-7.034612	-6.075861	8.884495	-8.562878	-18.513092	51.984455	20.384048	-8.136615	-28.608216	29.011049	38.737409	2.351751	-20.480039	5.027608	86.464898	18.018146	-9.478266	4.733049	46.233280	23.095449	-1.146130	-34.964755	-26.366081	-19.779957	-2.343220	-5.285340	-0.715085	-3.463388	-1.760666	-25.868640	-11.231349	-2.830744	-2.570478	97.465463	6.965161	-7.352426	-37.413496	97.459281	35.641237	-11.126305	-65.596778	0.938632	-3.939288	-4.607348	-24.225576	-14.677584	-34.420705	-0.852349	-15.294894
4.269498	8.011561	1.204292	3.273001	2.084131	1.216850	1.130800	1.895071	-2.046623	-0.485349	0.242053	-0.624002	7.611012	-0.272415	1.182602	1.006985	4.670394	-2.012628	-0.924337	0.918060	-3.265521	-4.596315	-1.814404	-0.649377	-4.696848	-5.446529	-0.862386	-1.412990	2.665165	0.801276	0.881775	1.931685	4.988125	1.242015	0.753429	2.416958	1.919899	0.112358	0.072168	-0.025279	3.945129	-0.894763	-0.777943	0.251214	3.882153	-1.333713	-2.905790	1.836642	-1.280487	-0.780872	-2.040327	0.652783	-7.998942	-4.592278	-1.419804	-1.309846	0.368223	1.630027	0.130166	-1.118005	2.377327	-1.045719	-0.114522	0.359813	-0.006970	0.464144	-1.112686	0.657316	0.867671	3.360430	-1.489488	0.156402	-0.532954	5.239037	-1.689893	0.171492	-1.011974	6.345619	-1.307292	0.871471	-5.267134	3.307901	-4.152974	5.443303	-0.938769	0.186940	1.301863	-0.353410	-1.545683	-1.377427	1.059478	-0.466532	0.217940	-0.528015	-1.681556	0.949188	-0.586310	0.978122	-0.876283	0.108885	-2.187669	0.053462	-1.275087	-0.385311	-1.210456	-1.953987	-3.033282	0.030852	8.218889	-2.461331	-2.770121	3.107381	-0.564305	-4.328299	1.803372	0.315547	-0.654415	-3.156133	-0.346913	-0.470200	1.721083	-0.717476	-0.661164	-0.537024	1.277103	-0.712639	-0.431676	-0.900670	-1.010214	-1.577132	-0.927364	-0.339762	-0.257028	2.278615	-0.835016	-0.252503	5.129234	2.376526	7.659703	-0.029823	0.396898	1.153376	-1.317215	0.263952	0.353893	-0.420135	-0.564976	-0.097503	0.160530	0.212442	-0.347577	-0.806328	2.019349	0.321815	-0.366369	-0.792810	0.603076	1.157834	-0.063864	-1.024091	0.640640	6.175324	2.013908	-0.442020	0.541660	3.478550	3.014348	-0.039995	-0.887857	-0.819813	-0.620037	-0.052039	0.106031	0.043663	-0.104463	0.132338	-1.317866	0.088534	-0.085968	0.107488	1.734015	1.161876	-0.115700	1.193520	0.727641	1.342700	-0.186958	1.264371	-1.020515	-1.168688	0.028944	-0.867939	-0.293478	-1.075092	-0.064416	-0.498355
174.565449	113.944234	3.273001	60.671070	74.067030	25.736846	0.671701	39.170237	-37.623304	-11.787884	1.451958	-15.349359	19.256282	-0.647850	21.655864	-26.021558	27.981916	18.037573	19.443278	-14.875228	-13.982002	-10.867122	-3.727110	-4.185822	6.473982	-13.928860	-5.761507	-9.632761	90.918763	5.951140	1.879648	39.554577	87.443518	17.417715	0.252723	55.600085	-1.980215	21.593120	10.175599	-3.441699	19.199412	15.654420	18.819407	-12.321951	4.878816	-12.717350	-7.886903	-5.926257	-12.304923	-33.293146	-17.245559	-4.593442	-31.411839	-49.116789	-7.352642	-32.305329	4.924058	60.450513	14.202206	-6.439583	17.157339	12.270444	2.774064	14.310056	-1.652690	25.159114	-11.357818	6.104716	-2.216023	21.928212	-25.109869	-4.740127	-10.465569	40.469532	-26.978609	-4.154313	-4.927912	51.840049	-19.039983	-0.937145	-40.715836	38.272616	-36.276336	17.963349	-4.502584	79.107482	0.611548	-5.140959	-15.745654	12.278585	-7.580677	-2.396778	7.795864	-4.299804	-31.087505	12.883944	-8.426569	18.151299	-19.607736	1.363866	-12.915436	14.739043	-11.746831	-2.553702	-3.029257	15.683958	-25.405098	1.666545	70.701206	11.921499	-25.968140	20.699916	-16.214523	-42.435949	-37.285092	-2.866287	-18.099606	-24.571446	-22.791906	-7.543888	17.057116	0.920866	-6.110124	-4.388145	8.627824	6.765436	-0.716593	6.160151	-6.568471	-2.402436	-2.456124	0.745411	-1.333600	32.410117	0.410199	0.419823	27.765504	49.770459	53.646234	-0.592239	-15.446560	-28.299121	-30.341779	-2.829121	-11.504627	-11.413234	-11.765987	-7.668702	-5.021293	-4.275078	-1.984437	-17.117628	29.876893	2.106827	-0.294165	-10.031751	13.719112	17.697713	4.129586	-3.706454	2.355778	43.314267	10.656373	-3.406022	-0.624073	22.189764	15.251355	-0.469449	-13.848160	-11.955063	-9.203371	-0.896334	-5.062990	-0.569519	-1.518622	-1.785714	-25.835366	-7.054395	-0.300157	-10.385676	45.230362	-4.706322	-1.617119	-11.103244	46.658561	2.026196	-4.530680	-22.703949	10.044478	-9.447457	-1.698095	-12.461841	-6.201965	-15.499176	-0.767136	-7.478684
466.897300	80.173821	2.084131	74.067030	1583.014325	295.786732	15.699982	339.082594	398.987387	7.185933	-8.901985	85.331607	-578.808775	-183.714345	-92.741526	-242.344874	343.628242	-88.666499	-131.475101	-91.754067	12.691673	-165.644562	-78.037389	-12.647921	-274.195986	-170.544215	-39.383332	-15.560161	-134.539522	-218.409247	0.119287	-121.810966	858.417076	-58.272077	12.834260	97.484582	634.403672	76.995290	-26.195996	131.926672	-210.876233	103.388550	-92.011322	-89.924527	260.488332	-30.860610	-101.316947	-25.931472	87.354618	-120.688482	-36.727611	-8.580801	-60.972529	-37.370498	12.384514	-96.094318	-286.526259	208.999460	98.724218	-186.799609	87.127151	114.828318	76.837173	-195.040248	402.854203	45.372431	-94.361729	93.558577	3.273536	213.453858	-200.210862	-12.297908	248.769161	113.246219	-119.921348	42.745337	107.001613	58.136663	-55.929702	32.390002	1.882613	61.486639	-124.185085	-37.701566	-75.348887	572.445961	149.271849	-56.218040	-157.134327	288.864315	40.244614	-133.181469	316.984873	-49.504183	-149.876422	34.213007	194.582641	55.881680	-133.813859	12.461190	349.301728	60.036416	-10.999250	25.815275	148.108211	51.413005	-105.144353	34.616189	352.361171	193.732236	-73.141280	81.251385	-98.847837	-152.403999	-242.783251	-32.612930	-84.304504	-200.026755	-180.723024	-86.935591	360.884272	-94.715379	-43.735052	-195.768662	370.087984	-34.651748	-4.948800	-109.246325	194.839361	-76.081090	-1.793936	-41.285153	117.786598	88.561689	-44.323876	11.614801	159.622578	319.231506	155.797683	10.037033	-120.654576	-301.045930	-225.140120	-29.581349	-40.554829	-89.243950	-90.465542	-40.151392	293.378562	-31.767233	3.393913	-208.992123	424.342441	-60.381041	3.078408	-319.969573	6.829636	-84.839047	-8.638006	-168.022856	-1.841837	19.470984	-1.863306	-37.192984	-0.328310	85.473896	32.772741	-1.516090	-86.658334	-86.179999	-62.928948	-4.402891	-13.058571	-0.842392	-11.160236	-2.498432	150.763544	-17.255912	15.443923	3.664136	652.403438	6.017420	4.295457	-47.602159	22.173930	-137.614690	-36.007059	-385.696251	-114.397466	-156.604487	-8.930992	-186.195192	-22.712786	-77.548450	-5.427546	-48.986246
125.313349	82.924251	1.216850	25.736846	295.786732	161.402216	5.114052	79.189041	20.986915	24.101653	1.221105	5.065822	-79.700499	-36.407272	-15.159252	-43.499660	81.953290	-39.080508	-39.403078	19.337798	-11.041331	-90.780412	-45.892247	10.909156	-130.446157	-111.990392	-24.809377	-34.661727	14.316380	-48.756509	-0.106441	-25.092373	284.173878	20.957857	3.816713	57.184625	135.017282	13.313092	-7.520375	27.906777	-57.416464	-10.744604	-28.157681	-18.896345	18.227952	-15.188634	-45.171550	12.311550	13.291353	-0.359829	-34.200133	1.937044	-119.001465	14.895319	-31.857764	-32.241421	-73.063279	13.867485	12.745606	-62.028919	85.027593	0.399797	15.988763	-44.098140	96.156822	5.312691	-35.109656	31.249783	-25.840195	72.056301	-37.609394	-8.787925	-15.268016	106.185132	-21.707656	-3.055133	-5.267139	81.210146	-28.854221	3.602709	-12.903905	25.050802	-99.906999	32.631066	-23.512062	232.144250	30.422678	-20.915965	-39.525717	79.761910	-0.766135	-40.518217	50.970943	-10.040229	-54.611163	6.337708	18.685534	47.247951	-23.544033	-1.500038	-37.033849	27.625534	-7.820430	-9.210134	-16.913862	15.553411	-47.847414	5.890328	176.788112	30.574090	-42.084970	28.249181	-29.930066	-7.890767	-85.333912	1.256487	-10.174677	-42.768523	-66.165613	-26.828139	79.060105	-24.588813	-19.920790	-62.922196	80.882411	-9.061139	-4.902140	-25.825063	-6.323895	-22.744752	-12.335971	-11.143245	13.078799	70.580851	2.207135	5.428669	72.308149	108.672403	89.875659	3.466075	-39.545437	-96.470948	-73.653293	-5.288768	11.825468	-18.602677	-28.765890	-7.052642	55.165503	-7.574530	-4.241688	-60.627313	105.653375	-20.215779	-3.585879	-79.220871	20.570645	0.402546	-0.030827	-39.001752	4.662706	42.963622	13.886724	-11.630379	4.793884	35.743465	18.811457	-0.591121	-35.285106	-30.151270	-22.099463	-2.193489	8.193230	1.426839	-3.959509	4.617848	41.472375	4.213916	0.150472	14.009496	115.084291	7.321353	-2.036836	-20.181329	47.880423	-13.587365	-4.375469	-87.188133	-14.151865	-51.706315	3.008212	-58.717386	-13.025053	-42.948380	-2.102289	-18.472764
0.457512	0.595117	1.130800	0.671701	15.699982	5.114052	4.975622	6.122156	1.977945	1.818686	1.901386	0.924291	-4.027196	-2.931836	-1.128019	0.447946	20.494366	-2.316388	-3.170895	10.715668	-0.968839	-9.475748	-3.634474	-0.203629	-12.151177	-11.667426	-2.278335	-2.696797	-8.886179	-6.351527	0.638295	-4.891117	17.415131	-1.635244	3.635649	1.139481	22.137275	-0.213147	1.933562	4.535674	-7.873909	0.490396	-2.362893	-2.215811	3.616638	-2.926982	-4.083412	2.305697	1.218918	-6.684501	-3.034974	1.628443	-15.916970	-13.747911	-3.840371	-2.677173	-8.391788	2.089461	1.747729	-6.448106	1.072516	-0.386874	2.079271	-7.861529	13.768453	-2.836845	-2.994220	3.919790	-3.037300	6.754125	-5.500537	-0.106351	-6.673974	9.834662	-1.734344	-0.110536	-0.179963	5.939593	-2.002782	2.866664	-12.269357	4.788124	-10.321290	5.845522	-2.390738	11.718283	3.012193	-1.137140	-5.207908	3.557941	1.303250	-5.012999	8.338453	-2.098354	-4.341773	-0.665890	2.416944	2.903762	-3.195817	0.892922	-6.112614	4.578526	-1.363389	-0.604783	-2.358456	3.354259	-5.785337	1.323529	9.160736	9.406609	-6.584768	4.495549	-3.649270	-4.809025	-4.822644	1.110969	0.852795	-7.725355	-2.788701	-1.490632	1.342997	-1.513045	-0.991073	-5.648234	6.207114	-0.183953	-0.692334	1.205103	-2.066280	-3.456856	-2.249372	1.295269	-0.430484	2.433153	-4.367005	-0.176534	5.886620	3.441233	9.467573	0.366194	-2.995507	-1.523337	-5.327964	-0.278850	4.070790	-0.242169	-1.985683	0.626716	-2.239130	-0.130664	-0.727902	-5.783117	2.355569	0.512181	-0.452677	-3.590029	3.617962	1.237479	-0.825504	1.792070	1.386025	7.142005	1.819421	-0.266465	1.275538	5.513774	3.823080	-0.128419	-2.451985	-2.268711	-1.717195	-0.142118	3.100474	0.539669	-0.287932	1.401846	0.272802	2.460400	0.010225	1.848713	-5.374564	1.665795	-0.504650	-6.285154	-1.263945	4.706276	0.316548	1.265567	2.016422	6.395560	1.584693	2.440115	3.972780	4.024875	0.075635	-0.707385
140.104957	42.139220	1.895071	39.170237	339.082594	79.189041	6.122156	124.266631	49.151286	-10.614905	-2.327580	23.698190	-80.183440	-39.458678	-17.330488	-33.226871	70.005601	-22.567783	-26.392894	9.208822	-36.212359	-73.940494	-26.625670	-6.097906	-82.732781	-90.111724	-13.517254	-19.079007	-21.744813	-64.424216	-0.231746	-13.245099	221.688395	-20.564792	1.650556	80.009391	143.476967	3.645273	-11.429956	49.192324	-44.953102	-1.089857	-31.059845	-21.653207	65.840743	-29.284728	-39.748742	2.690517	0.696391	-58.083119	-23.251099	-6.147144	-71.100919	-27.749149	-4.675851	-49.196394	-92.873070	36.939115	19.553765	-52.682126	21.149097	5.338729	13.831723	-38.541206	126.963715	-2.545140	-47.003342	39.014505	-4.251635	41.299350	-73.354457	-2.553796	21.153942	69.789010	-22.340726	3.863784	10.645802	76.914197	-11.492500	1.280896	-26.893850	72.257287	-53.663659	3.206043	-37.329078	145.008813	19.763955	-13.928345	-59.678368	85.271133	17.035531	-42.020438	79.321820	2.797066	-52.866192	15.216895	44.223360	59.328360	-29.435420	11.632106	23.830458	46.457707	-5.653230	2.030250	6.271122	27.776458	-39.458672	4.484963	120.015725	38.766786	-0.722533	19.173909	-37.686063	-20.820961	-61.437185	-5.293733	-48.988021	-24.788242	-34.134038	-31.082887	77.200308	-8.847422	-6.614490	-50.122650	109.124557	-2.937660	0.323354	-9.150560	20.510540	-13.921555	-7.217583	-5.182884	13.645144	53.367074	1.408149	2.228051	49.445330	82.055706	88.119366	0.466661	-35.988858	-66.803423	-56.892436	-7.412378	-27.103934	-24.899828	-25.218552	-16.357722	36.746377	-16.780887	-0.963532	-61.189886	122.597324	-21.580385	0.124579	-56.918560	20.179379	-7.146978	1.533538	-28.788747	2.229798	36.980623	10.910655	-8.745421	0.737752	35.384143	20.535936	-0.423555	-26.427076	-25.781130	-19.313264	-1.146862	-10.725436	-0.864066	-3.382476	-3.081484	-11.724065	-12.059918	2.263985	-17.995262	145.737146	-16.038970	-0.684656	-7.451289	58.987392	-37.046080	-9.978980	-63.405458	-8.901247	-45.538042	-4.971701	-44.957095	-11.071944	-30.223871	-1.730008	-15.525765
-146.265720	-80.702012	-2.046623	-37.623304	398.987387	20.986915	1.977945	49.151286	1290.903823	171.516642	5.085598	324.712825	146.809677	19.032216	-109.633956	241.547031	-891.846967	-113.582680	-129.556745	-203.724097	-92.292227	198.512893	50.555803	-43.084338	252.166411	270.378574	12.973131	149.040576	-197.333845	2.406175	4.997955	-21.126550	-94.221528	-52.965581	8.941220	-86.830225	488.972135	-4.375613	-10.557886	75.599435	272.864002	86.394068	-119.592134	157.337398	-123.766823	56.702715	-31.502245	1.732461	33.579375	-237.753760	45.884183	-1.993424	523.971674	-236.834325	27.075848	-12.088039	0.705965	162.710670	19.075296	60.273456	-247.384560	136.353453	67.519916	-84.891315	89.759205	71.850591	42.344338	-57.874589	163.641611	15.579052	-168.164950	23.584750	81.002791	-210.729369	-145.127817	40.682900	87.602606	-347.100545	-22.610718	15.903157	93.946901	-200.752319	139.377890	-217.518949	92.322055	266.783302	45.734342	10.741678	-93.536772	127.586561	46.235379	-49.969322	72.070961	-23.243057	-28.530588	14.015436	26.613010	-72.771801	-168.942646	49.207544	59.831690	-23.513021	-37.658561	55.504495	118.254122	30.030623	97.405368	18.153439	-259.737453	84.998355	25.731753	-37.017320	10.347611	-225.379272	-115.426798	6.048806	-33.383635	-189.833571	-105.818456	22.383053	15.841601	-79.825137	-27.951874	-19.971212	42.214583	-20.638697	-24.562409	27.186775	41.487124	-59.261452	24.021634	31.927240	52.445720	-71.704340	31.591997	11.453067	-89.219060	-91.893972	-180.998865	3.492134	-24.848173	-186.315281	-85.752656	18.267764	-38.082890	-28.827399	-19.980178	17.904560	-46.744434	-14.890445	14.045692	-24.640101	44.241273	-31.455938	-1.615663	-63.485025	23.484818	-121.043987	-22.080363	8.494999	11.201540	-108.340721	-52.403933	36.704314	-2.352682	-28.917253	-34.568052	8.763159	-18.177090	21.186526	-40.244370	1.009048	-16.975856	-0.271194	0.804535	-2.937594	-57.884935	8.296623	11.560850	-35.116489	99.927177	26.390767	7.958417	-108.888215	32.623256	-15.398186	2.553856	-97.252016	3.528534	-17.283155	3.358397	12.323622	53.130001	112.840796	-3.007088	55.185011
-44.496515	-21.515850	-0.485349	-11.787884	7.185933	24.101653	1.818686	-10.614905	171.516642	138.797037	8.041724	99.582847	-89.308987	93.407461	-6.380639	90.800067	-214.642040	-19.549420	-29.523643	-18.732430	-20.455117	18.638996	8.202304	2.332895	83.367268	55.106236	9.654464	15.713602	-32.098537	9.538495	2.380083	-6.088425	-58.816666	5.196786	6.691191	-37.573242	23.140910	18.243200	8.380949	9.217907	-29.324226	36.875554	-24.114165	34.418280	-79.444123	25.001707	-18.833915	-1.114581	13.786602	-44.344372	-0.559440	-0.179842	75.184442	-31.863987	9.572878	-18.201048	18.918537	24.323079	1.141921	25.560744	-59.479204	24.312730	14.719946	-13.836565	-32.765156	11.370414	8.755856	-18.351840	2.394909	-0.815802	-10.749989	-4.106933	-24.794678	-6.249757	-26.518088	-8.029256	9.604695	-38.103558	-1.432584	-5.169655	-14.059773	-23.063938	14.822011	-41.674379	31.682191	41.547025	-3.485554	11.693421	-22.899887	-1.042729	-11.616757	-0.983311	-32.003953	3.996288	4.100768	-7.556071	-14.825510	11.041263	-14.815370	3.371329	-52.788112	4.192498	0.865061	-2.190508	-7.286451	5.342057	35.311174	-1.836936	-91.488372	16.018825	-19.313197	-13.074244	7.917868	-30.603862	-29.941688	14.209220	2.145550	-11.551026	-20.480492	12.587950	-58.911845	3.314798	1.235713	2.292455	-26.107316	13.193645	-4.018905	14.718241	-18.893606	-13.051108	6.935354	6.520651	-7.746896	-64.386739	7.551619	-2.187475	-53.908260	-52.366797	-49.893400	0.523050	-0.777249	-21.390444	-13.829616	7.527057	4.474896	16.762744	-2.386293	9.128194	-63.360733	12.416071	2.271678	-3.587431	-31.321872	7.780911	-3.340690	11.972238	13.523316	-21.491078	-3.527406	24.996111	0.926964	-43.976788	-11.301962	13.502391	0.113193	-21.032947	-15.164337	2.198011	-8.398598	3.157695	-9.961916	-0.303053	3.188991	2.818732	-0.004319	1.545599	-40.074585	9.439485	-0.719904	-12.101885	-73.872392	3.725932	-0.057557	-27.025572	7.490400	38.498255	9.652112	33.877208	14.771901	44.706128	9.967239	34.331416	25.842735	62.415228	-2.326317	31.706726
-4.812137	5.231181	0.242053	1.451958	-8.901985	1.221105	1.901386	-2.327580	5.085598	8.041724	10.663381	1.311457	-8.904317	12.120951	34.016755	-3.062449	-12.338889	11.947099	18.577971	-4.280552	-7.735465	-1.506892	-5.455311	-1.101877	-16.580182	-11.736302	-3.536731	-3.472473	6.420962	11.266519	0.457124	7.807060	-8.179243	7.901751	5.436023	-2.443503	11.527268	9.200560	21.314977	-1.792349	-6.981787	14.194759	17.428212	-3.400590	-22.907588	6.711683	-2.111355	-2.712245	-4.224860	-2.304961	-5.338072	0.717092	-11.225144	2.651103	-5.936309	-5.417602	9.621264	9.388117	0.380911	7.300079	-3.413274	7.197524	5.767363	-2.218860	-1.287700	5.427979	8.549292	-1.713409	-7.961060	8.495627	1.974150	-2.761143	-16.967551	11.503273	-4.577736	-2.678474	-2.594280	10.272238	-5.183851	-0.573107	-0.494755	14.502875	-13.498485	-6.285425	6.400987	21.199130	-0.172232	1.739476	-1.639063	0.175310	-5.001066	0.236151	-9.080813	-0.195500	-4.454953	-1.060863	-8.933986	2.459889	-4.446969	-0.283220	-12.682453	3.393350	-3.040554	-1.460038	-3.349130	7.788556	-2.358139	0.415443	-1.988750	21.557571	-9.791335	-0.922659	-0.710606	-8.046602	-8.919816	2.295113	-1.486107	-6.348883	-7.601904	4.070732	-14.432992	1.301810	-3.246091	3.393480	-7.898625	14.730188	-0.401494	5.292848	-4.040614	18.664630	4.389611	2.260337	-3.273295	7.906530	2.041878	-0.337437	-4.741100	5.507000	-2.887557	0.254085	-4.934016	-9.559581	-5.896121	0.672447	-0.395304	0.560316	-2.732585	1.449183	-16.650593	3.614193	-1.047468	-0.716129	-11.502260	13.955501	0.191514	5.730323	4.965102	16.989664	2.150711	10.400338	0.120582	4.913918	1.334035	2.437020	0.785482	0.777948	-0.181064	-0.074675	-4.967394	-3.415397	-3.275349	-0.195297	0.021322	0.863412	-0.588192	0.300173	-15.759013	2.257253	-0.329292	-3.142767	-27.129075	5.851274	-1.594663	-11.504103	0.580535	20.997863	0.270747	11.746599	6.366695	28.446066	3.668825	19.717924	12.588965	25.081527	0.276257	4.860780
-58.881428	-34.696075	-0.624002	-15.349359	85.331607	5.065822	0.924291	23.698190	324.712825	99.582847	1.311457	199.761871	-78.617878	23.752510	-36.084192	157.516765	-326.372870	-42.568475	-39.759974	-50.980326	-41.088966	36.164785	29.375379	-10.874792	87.473447	46.011491	10.442387	54.951097	-57.381916	21.220621	0.321046	0.484342	-69.526978	-22.153351	-3.082017	-16.719923	62.087587	-17.764810	-13.489757	52.218621	-0.794321	25.624034	-41.705868	70.200864	-71.155925	7.296634	-10.199668	-0.914918	-9.132070	-102.771753	9.054847	-6.229483	117.264629	-86.380836	11.035017	-18.336654	25.837871	48.443676	0.820534	48.421798	-93.148139	40.300153	17.371272	-7.998004	-9.376150	23.456028	13.433724	-14.614576	5.580586	-1.191552	-46.732057	-2.491606	-7.763637	-25.271796	-41.389946	-5.152072	14.692189	-60.801622	-0.121522	-5.806619	-5.269974	-27.854394	34.328365	-67.023784	50.948201	99.976156	-13.654294	21.879599	-39.387012	41.650092	-5.691676	-11.959211	-5.935301	1.787914	1.996157	-2.680458	-22.453236	14.774644	-37.560426	6.239547	-36.918576	22.185981	-2.202184	1.345554	6.524299	24.038671	48.193430	-4.670232	-97.144596	11.989393	16.071689	-21.684686	-3.400145	-55.490257	-68.638681	9.559119	-23.043582	-15.230698	-35.480721	20.859361	-36.663173	-5.073941	-2.789933	15.766889	-13.490016	1.682240	-5.515336	17.957776	-12.121980	0.010797	21.761204	10.092029	0.461795	-20.249363	32.975856	-0.839175	-44.048211	-48.959694	-40.262693	-1.096324	-15.039822	-58.965249	-32.024438	5.281135	-24.554524	-6.798513	-2.378990	8.687078	-58.861014	-3.775988	2.547795	13.439794	-11.723207	-3.075748	-1.477880	22.801976	4.364636	-28.835295	-4.065686	25.986569	1.014744	-33.727093	-11.902904	17.821586	-1.694531	-12.642426	-11.205606	3.728109	-0.495590	10.186398	-8.619915	0.202046	-9.541935	-0.886224	1.516701	-2.727365	-63.873203	-5.797994	2.487985	-29.831996	-50.939422	-25.897027	-0.534240	8.351632	-6.791442	0.941727	-1.903666	70.519470	3.118894	28.239621	-1.403491	36.715562	17.724190	58.983977	-1.577856	34.127959
-80.478053	87.877006	7.611012	19.256282	-578.808775	-79.700499	-4.027196	-80.183440	146.809677	-89.308987	-8.904317	-78.617878	3493.859536	101.799135	-185.183675	509.893501	171.842929	-300.290376	-504.216692	42.900030	-1141.798633	-218.499927	-263.021289	-140.423003	-472.700982	-180.432556	-119.262303	-22.592727	280.853725	133.356835	8.687900	162.157958	-135.743758	95.404702	-0.399086	252.453713	-490.875576	-121.993771	-28.968542	-108.243892	1332.695258	-233.973089	-187.224225	231.964294	342.567748	274.185444	-231.842823	228.068811	-333.411992	727.140915	64.583816	21.572302	102.585271	339.823677	-157.482808	504.967021	216.238147	-189.134972	-23.538492	75.977705	324.298475	-132.147668	-51.355112	267.478311	-333.571280	41.288769	69.854047	-7.480275	200.433321	-244.500734	84.589643	33.439965	109.813620	-408.121021	-79.464876	25.326340	-130.096364	-474.767493	-113.958670	-81.177504	857.423914	-551.721603	-71.364775	177.975127	52.402923	-184.628886	38.355895	-17.577184	156.725525	-192.213513	45.045953	-4.117357	-91.316313	-58.369606	0.799788	31.732919	-114.709288	-237.180855	-68.269933	14.148438	-92.283113	-295.717432	-146.366260	1.997959	-117.904082	-290.566311	-81.701542	-34.224451	373.519135	-326.178332	308.827877	-167.210688	10.799906	439.079590	180.088010	54.877444	-10.678433	33.332413	23.938990	65.207343	-92.018779	-101.779298	-23.062007	223.663103	-248.580794	-129.888707	-41.154324	25.984930	-119.669221	-79.355480	-119.516981	11.447917	-40.504357	235.188070	-35.468647	37.049277	-1.289073	111.059759	66.996216	-3.041170	-62.344716	154.690707	-199.674806	43.056088	-52.244712	-38.470763	-102.833058	27.924603	-147.026044	-79.091867	-5.287613	188.185799	-112.001977	-80.580424	0.478142	116.383174	15.397494	-168.368369	-58.507352	-55.159070	9.670315	-93.456688	-63.738714	-17.474140	-5.523017	-18.911554	-57.493562	0.129373	-229.059419	-179.661881	-191.974226	2.125734	-48.763433	0.473149	-28.205306	-8.896598	-267.228778	-8.280575	-12.434855	47.865833	-101.443959	93.223706	36.350451	226.532782	279.099723	45.957943	59.082880	94.503942	54.014470	-175.348821	-11.187217	-148.355616	-2.414577	-56.284054	-9.248962	-61.855970
1.194189	25.442079	-0.272415	-0.647850	-183.714345	-36.407272	-2.931836	-39.458678	19.032216	93.407461	12.120951	23.752510	101.799135	422.231345	58.206071	156.987985	-323.226270	235.689590	1.817952	55.546248	-173.917723	35.682032	-21.983175	-9.271708	15.855623	5.630118	-16.060681	4.262030	108.897525	80.181771	4.215640	28.944669	-125.973073	40.860852	-2.707014	-18.252176	-176.772692	35.937769	21.849133	-38.717536	-55.563863	79.520115	21.512578	3.057980	-166.611199	109.929002	-24.162373	-7.624432	-65.270489	73.955564	-33.470623	-1.682550	20.606749	-7.950839	-38.181088	4.593464	131.606311	69.327566	1.490181	60.973836	-46.891194	53.986175	-1.019325	28.780110	-157.883925	39.252474	41.899644	-27.861107	-31.031906	-12.936143	36.538263	-11.732733	-64.162425	-36.738939	-9.464672	-22.151683	-38.935177	-31.586026	-34.746713	-17.504071	-28.937254	-5.427961	-10.928874	-4.074864	56.683422	-34.174790	-20.701496	17.612247	10.111376	-46.003536	-20.495342	30.462423	-112.318183	-8.325683	22.089178	4.022552	-64.646223	-26.006793	-0.937511	4.953359	-98.811794	-2.572389	-12.312815	-6.024090	-40.507252	5.478064	36.257403	-7.823203	-81.638493	-6.647142	-21.515912	-29.429414	31.601940	7.792955	-8.354267	-0.391749	-8.089480	5.481647	-4.073049	34.922299	-144.221402	27.298246	5.812049	47.831397	-128.727368	41.949202	-6.028717	42.945016	-52.352659	31.450171	-7.578001	21.629819	-32.603418	-30.979434	-15.036690	1.738808	-42.204277	-28.199296	-80.544250	-1.954341	8.772812	-3.556051	-10.386510	5.529527	-26.369581	18.472556	-4.971231	7.654446	-157.426579	25.516459	3.624095	24.834688	-116.773660	24.833619	-0.853551	76.857407	23.296500	-14.226448	-6.324187	75.337607	1.243245	-45.137472	-22.519514	26.756884	-2.701932	-23.891662	-21.370522	2.596545	-53.592756	-4.314052	-18.473773	0.959592	-17.814135	1.994834	-3.094789	-4.902798	-161.315603	-8.434946	-4.508463	-38.417534	-213.142326	-19.797207	7.833425	-8.523941	62.937592	74.069622	24.014782	142.322278	68.448981	57.455174	9.789116	93.412872	12.757578	54.802475	0.406420	48.547191
11.289650	79.061453	1.182602	21.655864	-92.741526	-15.159252	-1.128019	-17.330488	-109.633956	-6.380639	34.016755	-36.084192	-185.183675	58.206071	279.840002	-121.039760	-42.733790	119.733717	278.876772	-89.789298	5.020660	-15.458763	2.839607	-12.719977	-93.093482	-113.967651	-21.707758	-30.733352	108.122766	101.132570	-0.064387	60.464544	-80.956329	40.649621	5.644644	-10.069868	-36.894253	38.694981	89.490349	-35.312966	-48.593786	70.186210	169.794410	-54.282113	-172.078399	13.303245	45.583201	-54.957360	-57.788251	-17.842409	-33.700829	-12.541124	-135.876120	27.891395	-33.688989	-51.048542	109.140244	63.828744	-7.170718	74.604610	-17.847100	50.401537	7.234561	35.017817	-60.255643	25.148999	30.098457	-17.590708	-38.155040	37.729793	21.476479	-11.650639	-106.796840	109.117921	24.142316	-19.357115	-41.183452	156.523933	-19.042831	-11.471607	-58.309078	163.934715	-75.826517	8.460559	46.682331	40.828267	-26.041574	17.655817	26.192112	-3.583404	-38.657409	44.825984	-89.797627	48.489791	-6.374415	7.195923	-65.898332	54.979918	18.158451	-9.630225	-75.105830	26.323657	4.091278	-13.493123	-25.624353	24.737737	-21.417602	-4.295285	79.361424	66.363194	-57.738392	8.358089	8.643441	19.817642	-32.388453	-5.237311	-3.981542	17.111054	-19.025449	18.207209	-78.496992	30.159022	-5.370840	40.373860	-62.778340	93.059060	2.511608	23.215629	-16.965255	121.202591	24.144082	4.230287	-16.606339	51.133615	40.620171	-4.568823	26.100063	55.730964	42.462953	-0.907404	-19.821417	-23.149796	-16.102022	-3.011492	-11.764225	-2.078121	-5.864175	0.629903	-81.720048	17.535996	-3.260769	20.144890	-64.988980	72.901444	0.159283	56.624450	26.436502	107.058612	16.540223	46.002865	2.130332	55.078710	30.158971	8.161417	0.856000	16.100642	20.496191	-0.110782	-23.296167	-9.178161	-5.373021	-0.954971	-2.411959	0.604382	-1.571815	-1.873456	-91.890744	-1.596656	-0.374210	-32.444870	-122.836426	1.961560	-8.882143	-26.324166	21.927405	83.276944	-7.202007	82.066801	17.998888	118.172044	5.780894	100.084391	13.446814	54.382647	0.911669	21.302900
-131.114284	-63.949331	1.006985	-26.021558	-242.344874	-43.499660	0.447946	-33.226871	241.547031	90.800067	-3.062449	157.516765	509.893501	156.987985	-121.039760	557.172944	-526.759718	-89.567091	-202.021345	194.030354	-332.912068	-67.878397	-46.772367	-30.470125	-45.570976	-62.215297	-21.523652	23.526035	16.251875	59.690933	5.391638	54.458160	-121.686576	8.529461	-4.532524	61.906997	-220.393688	-67.596361	-40.112738	8.516794	80.930350	-48.509649	-128.806087	152.003020	-61.125751	63.969478	-101.319655	111.613231	-102.308286	61.546508	-9.755145	11.233482	5.438679	-29.323484	-46.290153	38.200465	73.560547	-32.185996	-15.188019	78.073705	13.202540	-12.029421	-15.072561	117.351123	-142.109394	7.212277	9.732991	8.326494	-28.857651	-62.469670	19.232963	-7.427272	-68.615476	-29.947557	-32.367864	-13.762812	-28.345002	-83.320025	-25.964106	-14.109793	40.376876	-49.868546	-11.771758	-1.471308	-9.524198	-79.635068	-37.168926	6.577097	21.033865	-72.137732	-0.072635	25.456742	-46.927480	-18.291514	18.604547	34.296769	-91.685652	-11.982295	3.468890	20.791297	-164.224228	-4.682949	-26.333297	6.171930	-36.453572	-28.938765	17.810590	-16.179562	-91.765966	-55.143113	53.640828	-56.976391	-26.080285	67.135097	23.374481	15.346468	-64.849541	30.539448	41.423387	6.381942	-157.623616	1.841852	13.202280	119.764037	-109.952729	-20.290534	-2.978055	112.860511	-72.219300	-8.042888	-16.431013	36.624890	-15.506344	18.219817	18.134893	7.941334	-69.434996	-97.283464	-25.867215	-3.970773	-13.169107	82.184731	-7.887559	16.983555	-64.564821	15.275764	3.973403	-7.771091	-221.908186	-24.595741	1.730060	26.775295	-90.489737	-18.453246	1.579165	171.383139	33.162625	-46.986943	-14.810462	115.932696	8.067088	-44.989886	-21.185558	35.690447	-1.908236	-29.282322	-21.404855	4.800023	-50.192305	-7.661863	-40.291264	0.317874	-28.385000	-1.942784	-2.885105	-8.119457	-222.553188	-28.166248	-6.281120	-75.567440	-283.501750	-85.501265	0.712806	23.638983	94.652505	-3.939797	13.853626	288.465279	89.543231	42.229854	0.565614	116.306140	21.671994	71.871851	2.651395	48.282359
137.525151	8.704185	4.670394	27.981916	343.628242	81.953290	20.494366	70.005601	-891.846967	-214.642040	-12.338889	-326.372870	171.842929	-323.226270	-42.733790	-526.759718	2918.554465	-203.252257	-110.554096	207.175885	435.424301	-695.061578	-310.157970	37.037236	-1235.037746	-949.701235	-215.284492	-243.463249	-25.516933	-204.503648	-4.015460	-114.822724	545.149958	-35.427116	21.151691	93.928156	256.932405	-6.860499	-6.456912	12.041729	-98.947047	-245.081335	4.750738	-277.084757	973.182545	-296.427653	-112.035351	63.108199	205.936073	199.616408	-116.378303	59.041917	-1037.597801	272.137314	-220.356492	116.612410	-254.202285	-222.931283	27.379464	-226.312517	286.577524	-186.181997	11.663753	-118.050406	352.845629	-104.078943	-105.562462	90.306505	-184.500338	181.627095	5.223470	-34.799582	118.315796	286.574949	79.289563	13.118249	-2.088314	482.948016	-95.651747	54.686543	-11.429555	336.034722	-409.731793	381.758855	-132.250819	118.137960	197.077940	-72.487184	-21.123009	126.719416	142.406989	-124.576900	162.921233	51.151996	-103.528126	-33.095646	149.070500	139.297313	59.541897	-45.456924	303.254952	94.789350	8.937194	-56.601246	-2.860185	-11.176006	-310.090559	14.038640	744.156471	169.097291	31.674642	204.195751	-33.355419	464.631065	125.902336	-14.818948	59.155652	28.213140	6.353952	-82.300919	381.996611	-103.740767	-20.727167	-217.508754	288.162982	-44.746606	-6.438413	-200.535361	130.627641	-9.691711	-68.535235	-69.163577	56.616557	175.145298	-98.799234	4.128955	271.726722	530.501824	381.406321	17.364569	-139.352118	-58.331934	-216.280835	-37.495470	106.950476	-86.938595	-105.697352	1.041641	491.002421	-86.738696	-16.966562	-135.766002	262.580578	-82.493948	-12.936371	-395.897577	-26.327470	-2.313710	-11.445651	-211.492905	0.438564	127.338170	39.654934	-56.816160	13.972178	146.153677	68.492762	-7.258227	-194.043854	-145.566138	-108.745602	-4.504909	68.745068	5.397031	-20.634412	22.634936	545.340225	65.359052	9.431250	154.379302	519.882082	134.766347	9.745543	-108.486015	-145.316914	-73.282063	-18.967919	-542.644531	-141.460145	-94.756182	-5.800364	-220.643806	-15.629838	-92.434300	-0.305400	-81.135221
111.385509	28.396092	-2.012628	18.037573	-88.666499	-39.080508	-2.316388	-22.567783	-113.582680	-19.549420	11.947099	-42.568475	-300.290376	235.689590	119.733717	-89.567091	-203.252257	575.217272	194.017219	8.184625	66.665253	489.526194	70.630653	37.401742	269.967623	299.682605	-1.780610	108.334917	63.567984	19.112954	0.799957	0.044065	-66.137719	44.794308	0.098801	-29.237068	-57.088036	74.845020	62.811743	-25.410740	-145.938932	104.429275	125.251809	-74.254638	-243.772770	25.923755	53.794345	-69.144195	-39.284824	-86.664790	-41.089505	-8.727620	290.786669	-144.617683	-4.313898	-30.583736	59.164548	56.901395	15.525918	5.281313	-40.546059	64.897415	9.605988	-16.220905	-31.990008	14.648436	77.328226	-18.567266	-34.966413	-68.071356	-10.518428	-5.993814	-62.235963	-152.242023	-51.560160	-15.755237	-35.359612	-114.590709	-22.389339	-18.404649	-35.228886	-37.398876	92.669063	-95.503045	44.993662	-48.407329	23.155342	-1.619942	5.807772	-43.188794	4.094469	-0.329321	-36.441758	-77.425734	-39.699769	23.395896	-18.414369	-77.727518	-38.969981	14.799151	-28.306398	33.770627	1.998470	9.560890	0.747979	113.053295	48.819059	5.243466	-177.520734	45.391909	-49.029402	-25.470953	67.128090	-50.633453	-2.004870	-12.825372	-9.911373	-20.636169	-9.685510	11.911446	-82.396841	23.451370	-5.673055	16.376985	-53.777700	49.516851	8.776999	48.152330	-22.932439	30.992042	19.139976	21.593566	-19.318007	-88.873891	-17.308626	0.467130	-45.204770	-93.737313	-159.412544	-2.942526	45.766515	-4.072269	-12.641611	0.686330	-26.540737	9.787160	-2.520557	1.263558	-79.479867	16.043016	-0.656423	-14.722039	-42.129200	15.041393	6.249254	27.013770	16.747712	-12.334345	11.067784	54.576283	1.216680	-75.093455	-10.654998	17.240245	-4.751107	-46.279382	-22.118775	-0.059331	-11.306594	12.893422	-2.140588	2.221832	-16.683524	1.824663	-1.230667	-5.161245	-73.475845	1.849618	-4.823865	-33.618607	-81.580524	0.462359	-6.293991	-32.900341	-3.137398	52.946532	-2.102334	79.644793	34.401178	44.557277	5.696439	91.395694	12.011363	35.872908	0.974331	25.411299
-8.055378	62.527800	-0.924337	19.443278	-131.475101	-39.403078	-3.170895	-26.392894	-129.556745	-29.523643	18.577971	-39.759974	-504.216692	1.817952	278.876772	-202.021345	-110.554096	194.017219	548.993216	-179.072425	238.398274	199.247419	189.393354	-13.070589	178.410033	93.730694	13.773766	43.713399	104.686898	122.835855	-2.294624	77.191125	-130.705535	12.996083	-4.918720	-23.047584	-56.246555	17.349891	75.069434	-38.565997	-74.724584	88.790499	272.646027	-63.742624	-231.486891	-28.258444	222.325639	-98.923654	-53.205786	-145.036185	17.736297	-36.466774	97.190271	-49.142585	1.673440	-84.700680	111.112567	38.132954	-17.900663	105.870747	-44.317668	31.604568	-8.807822	69.925710	-75.188480	-22.066920	48.323221	-25.794758	-19.501283	-41.488301	61.296287	-6.263500	-127.313155	40.176471	71.098544	-20.337281	-55.611667	90.271443	19.512048	-26.963369	-70.142071	121.508664	15.916736	-64.385309	47.392564	-102.787309	-49.451359	32.410436	48.497651	-31.909331	-35.976666	85.313820	-94.944761	50.299290	19.756535	26.098503	-80.093296	38.967226	59.835917	-4.482947	-99.024165	31.291647	22.302823	-11.221260	-27.507296	49.438239	14.847046	-3.946576	-70.068560	59.629797	-76.113825	2.503415	42.580320	-24.551057	12.307358	-10.139923	9.002010	54.067179	21.189283	14.789988	-120.890738	56.243321	3.841011	50.832291	-99.327548	116.117633	11.075282	63.466487	-19.109940	138.566411	43.104968	25.468514	-29.994185	1.885422	46.160721	-3.469593	-25.818414	-41.860209	-24.211784	-1.565125	31.517991	49.307938	44.268310	-4.052602	7.907882	18.478946	14.205076	0.696297	-100.389341	23.312660	-2.139783	12.058457	-131.434400	82.917272	4.780302	96.885895	14.154765	143.022116	30.517905	104.162925	1.967495	58.410356	34.381987	20.072799	-0.361683	-5.069673	18.136696	0.114741	2.340928	27.296512	11.306875	0.398944	12.707103	-0.061425	1.489495	3.270751	-96.294296	-0.692439	1.413657	-35.652166	-257.143323	-32.290409	-12.977616	-32.827596	-39.661735	87.275063	-5.716110	166.380867	54.190811	148.282378	8.000405	149.277748	11.093232	46.158841	1.564962	29.074846
