550.378786	996.125332	39.210411	81.297524	132.383154	863.957222	-16.403240	37.701471	154.665112	-35.313328	-110.010814	106.882185	-252.907220	-387.699144	-135.480606	10.660101	-165.133278	-48.464311	-59.973097	-17.073734	51.719993	24.486361	-3.629504	24.276802	-92.534420	-11.478397	3.196271	-3.634404	39.257171	30.897523	-13.960212	2.543793	78.843764	-43.878409	-19.277724	7.610160	265.595583	-59.607489	-49.568396	42.284328	-97.219460	1.384218	-126.159647	36.875304	50.694595	28.638595	-37.075641	24.095484	163.509748	22.282686	-14.838788	35.314862	-138.903519	26.598012	-18.830958	0.112260	-14.126409	-78.849983	-42.822032	-1.356814	74.051424	-88.981349	-16.262906	-3.780389	160.174969	-50.398357	-45.503427	1.071108	-72.700965	23.486172	-75.687455	-16.907794	78.470101	-2.699902	5.189168	-17.950428	38.926642	-34.063464	-20.408944	12.729270	-120.376186	49.577446	-49.055669	17.451229	-54.595570	-10.450937	-99.001282	-9.237576	46.337165	-20.365351	-36.350147	0.681825	-33.879434	-27.941058	-67.508495	8.141347	-28.436080	4.343036	-19.507479	-28.288034	64.365599	-56.312945	-7.891248	-37.617190	51.752887	-86.980762	-46.780282	-3.479242	23.308065	-29.885038	-40.639103	24.183341	-5.883919	12.637549	-111.948439	-43.328493	67.623821	-21.619670	-99.438711	1.660269	21.237109	-1.610719	-73.572397	5.893755	32.056410	-1.959593	-9.165313	-2.241485	52.728469	-6.454523	-20.390062	-2.328006	80.218918	-57.241073	-45.855391	-9.482532	25.808203	-52.821162	-23.246005	-25.326183	141.331653	-34.156806	-58.988202	-78.627728	107.002178	-50.835993	-70.988357	-0.168861	106.189113	0.918455	-32.477770	13.914873	38.791951	-0.649482	-3.009007	0.549666	25.577474	-8.168378	-74.967099	3.562459	77.842567	-13.481904	-84.005676	1.814882	30.156927	-40.022084	-10.907150	-35.554335	315.647649	96.863462	-0.620215	-49.410095	65.928909	127.071256	-48.932610	-2.034585	87.033998	84.792736	19.430794	3.372591	-54.647887	-36.495606	-37.390323	-4.585893	-18.640125	-63.805191	-146.854224	-1.986946	180.916862	57.770429	-71.656317	11.712580	96.186117	14.795989	1.743096	-3.511320
996.125332	6596.334094	433.944539	313.424019	-390.915592	3493.758544	81.797631	-42.640767	790.434473	120.665626	-292.940328	100.905231	-189.409992	-1126.336032	-437.385948	-104.094235	-546.395775	-186.118707	-193.035481	-46.678242	370.287176	144.999208	-2.734893	101.282445	-306.913403	-146.442718	-28.392695	-16.479094	38.025678	647.498643	24.011570	39.719744	103.476099	35.780709	-30.143084	-17.800636	1059.883982	-124.461731	-148.036822	22.823833	-160.775499	-4.081705	-445.713929	32.227699	-13.422495	19.155636	-138.091368	72.789575	647.033439	5.362653	-65.172407	133.104709	-394.339801	-59.673816	-124.719471	-1.904691	-48.973252	-40.694587	-43.469723	-3.966044	108.158032	11.855810	-11.604757	-8.866129	625.856991	-37.879575	-197.661300	40.035589	-64.363224	25.418749	-362.886581	-24.466808	201.808964	-357.975446	-92.792258	-45.294243	484.368634	-245.815050	-118.224761	37.006735	-211.433914	100.018046	-188.750672	-24.124060	200.977576	440.785405	1.727534	39.502751	165.522948	386.540069	-128.653730	10.601450	113.472558	61.239435	-301.761200	61.994802	66.784916	198.934563	-244.047471	50.370510	86.184137	179.053619	-90.395716	-3.826568	27.014775	-130.527325	-105.322809	54.426997	55.342838	15.428255	-129.569904	3.589151	800.874693	17.815405	-535.407239	139.450335	291.103005	1.876800	-447.229496	69.506704	199.454051	16.327235	-329.374437	10.870419	369.113695	37.400089	-76.378814	25.625423	-59.612460	140.810045	-68.943414	43.050290	-33.936967	1.599732	-195.228339	47.288774	227.352494	0.544105	-33.707247	-78.829932	108.970302	-116.407958	-473.884845	94.411801	64.790512	233.108693	-401.408525	213.207388	73.215560	171.767048	-129.460085	18.592979	375.467357	6.885864	21.515944	3.238852	-169.151553	-34.035955	-212.542200	12.767828	-3.586586	-37.797935	-250.614414	18.564716	356.566516	11.648044	-22.639772	-138.547974	-410.636723	-358.206327	-197.297904	-447.615035	-190.213497	181.066669	-448.428922	137.589047	9.123570	470.667652	-17.456098	15.707336	52.560307	50.336700	68.347176	7.619472	-538.674754	-107.950657	-176.146671	7.545835	254.483326	180.864130	-70.644604	22.784091	411.346275	92.074821	74.907388	-14.041327
39.210411	433.944539	203.507871	-12.285050	-24.940898	204.007373	154.738904	-26.045891	76.940233	25.468979	14.307944	-26.965005	55.999123	-90.007343	-41.782759	-2.053260	25.337265	-6.649618	-20.406456	20.732329	87.892592	43.949142	3.709007	32.644671	32.246842	28.150130	8.526466	1.254337	77.550457	275.958621	104.330914	4.118263	35.717221	56.646811	41.121796	2.397085	49.481809	3.007392	-15.878957	0.391355	29.804721	-3.441362	-54.199310	-0.693644	10.278065	2.282014	-10.760471	18.539159	12.797385	3.242808	7.280937	22.571684	5.192925	29.776360	10.162447	6.673389	2.901398	17.313958	7.592849	0.226323	42.876651	-3.830808	-4.116804	-1.185974	33.252600	-5.696883	-36.271837	4.061478	9.849230	-41.269552	-5.951781	8.949408	11.328834	-19.417524	18.178740	8.823169	14.900978	12.467726	-6.616750	13.787830	-6.125285	31.056125	7.733482	-15.346378	-4.275535	-26.298298	-12.004890	2.516026	49.282202	-8.816297	-22.889657	-1.711220	37.791342	8.145605	-18.432166	3.018898	38.951889	-55.433274	44.842296	8.907210	-3.289016	-27.810319	22.325729	11.803279	28.176199	-29.830219	-13.441505	5.260382	18.362944	-74.516685	-2.729407	-31.824071	-42.514254	-46.981983	-84.624847	28.069221	17.726901	1.965850	-31.831826	3.874932	-8.338666	11.395818	16.338802	-0.934874	68.987925	-21.954277	37.261772	1.330338	-25.027693	-22.719964	-10.566079	2.216322	31.408704	-17.243023	-26.594716	6.073055	43.870171	-34.612359	0.054186	-6.612847	-175.839894	-29.665482	-70.587606	22.708219	-13.536120	88.995777	-50.506256	27.164032	-32.037218	57.220643	0.943433	-0.209689	28.331516	2.241027	13.809640	-0.307146	-55.915946	-4.856255	-32.856815	2.180759	25.430206	-2.068522	-17.743022	8.449733	59.452768	-14.381484	4.535965	-4.152657	-197.268993	-194.753649	-39.764343	-82.396368	-29.589788	-37.564899	-87.327854	31.714825	-9.085004	47.498151	-18.453737	1.481737	-9.193149	23.208259	7.940153	2.122435	-111.587321	19.164199	7.540533	4.810185	-11.651438	39.662657	9.602003	7.189945	51.057355	11.506210	14.501439	-0.484919
81.297524	313.424019	-12.285050	81.459275	-7.224651	245.542483	-21.250638	40.844650	50.499604	-24.875774	-29.067787	41.268296	-81.543672	-114.693607	-30.771264	-1.091647	-85.486005	-22.235071	-13.785946	-8.441125	7.437920	6.180504	-0.030605	4.002982	-9.471306	-12.505946	-1.767705	-2.391366	-19.375344	-39.863373	-15.051625	8.357343	5.074224	-19.667597	-12.229806	3.303470	96.525010	-4.468179	-9.730267	12.743770	-46.718485	0.517393	-28.650926	8.691495	-1.588015	-0.316492	-12.613673	2.872816	65.192735	-1.828106	-8.384901	11.059775	-30.461359	-33.500977	-11.103245	-2.703787	-2.358878	-3.285786	-2.570818	-0.257690	5.216556	5.915689	2.434643	0.150107	56.163980	2.131341	-9.490203	4.549174	-18.064987	7.782073	-35.800437	-0.641217	22.614362	-25.466316	-15.338625	-2.705300	40.704217	-32.724574	-7.137711	2.952318	-33.791431	-14.656433	-18.615226	-3.573837	17.905323	42.055479	-6.304542	3.445392	9.126688	16.409229	-14.803911	3.707515	2.820546	-13.511245	-20.739210	6.509930	-10.611214	20.139224	-33.396230	-0.877042	13.025955	16.549423	-12.619371	-5.205490	-5.435175	-19.786095	-10.483137	3.719000	-19.626439	27.911523	-12.719735	-2.130006	48.546026	8.879341	-34.862076	3.124505	17.302386	-14.825559	-36.953223	9.751124	22.467380	-7.755194	-31.855914	3.807406	2.798783	6.586282	-13.939366	1.915490	5.704879	7.601544	-9.530136	3.122039	13.349226	2.299309	-16.106194	2.140468	1.439820	14.107941	-8.275488	1.327883	60.188037	-14.192933	-18.902768	-0.080729	15.784614	-9.906421	-20.376105	12.213445	24.372212	7.023235	-16.312595	6.679408	11.814579	1.029536	-4.202782	1.066753	3.431578	-2.987068	-22.341538	2.315609	19.664793	-2.089687	-25.567203	3.876768	14.290430	16.147235	-4.845021	-4.438157	57.810787	45.182106	-1.573155	2.857582	-1.239546	37.349488	-16.426591	3.310897	8.590166	25.645941	0.794980	1.757733	-21.008834	-10.822287	-13.193142	0.713791	-15.292662	-15.934298	-27.815414	2.594908	42.997101	7.121680	-10.143494	5.502238	18.539079	5.354232	1.257863	-0.453138
132.383154	-390.915592	-24.940898	-7.224651	665.280409	-295.361177	-69.752494	176.033974	245.711105	-425.765308	-124.174241	160.763178	-489.042179	-321.508432	-87.301313	-42.567895	-93.279574	-30.103191	-26.159877	4.491473	-70.791670	-4.091028	2.486674	11.041272	-31.148706	39.794325	19.416343	-3.385811	25.418044	-127.079424	-13.272716	-9.191333	304.417945	-179.212469	-31.929344	42.997943	204.305497	-103.673324	-47.310928	75.600714	-359.359227	-32.396288	-81.476409	20.528721	175.045007	9.322163	-20.942990	25.801618	100.649586	34.206123	4.875823	5.991083	-145.451031	11.744051	7.521613	-16.901199	0.790716	-38.425819	-17.064487	-1.933190	247.998070	-85.456809	8.718501	9.510795	136.799437	7.589427	-51.514038	12.755839	-212.523740	22.901497	-45.159489	-20.384998	133.688443	-108.775764	52.528731	-19.205057	14.599783	-8.170403	-12.367619	0.227427	-216.711656	8.886522	-28.604945	6.470486	-52.531533	-64.287744	-75.786967	-6.619473	122.326227	-158.930716	-18.580093	5.364326	-22.577793	37.492062	-49.678076	-4.050765	-92.726997	92.087234	22.171164	-22.785653	102.844387	-142.471390	56.139429	-15.210810	9.977541	-13.607851	-4.568752	-21.091561	-76.176950	8.714260	-31.084364	30.109896	-173.644906	3.301662	-71.672154	-47.581363	16.440690	-108.896566	3.619571	-10.954932	-158.398896	-27.907139	-49.713948	-1.464161	-64.881789	0.438985	19.935734	-5.227771	228.272524	-29.796730	14.356090	-7.676246	-10.452752	-34.477179	-34.532918	-11.021731	-78.919677	23.319448	-24.838673	-24.881565	-188.703497	18.513651	6.109150	-113.015047	-1.473722	-137.074762	-28.444048	-24.588704	-74.641483	-53.766032	-80.278786	5.685005	13.390312	-10.945739	-0.525503	0.112870	204.323208	-12.436003	-40.617203	1.405346	-17.260409	-30.053955	-72.341821	-1.987979	-104.359535	-44.085288	-14.255194	-33.294365	-22.519229	-144.479582	-2.017982	-106.597230	18.976416	-103.651351	-69.465828	-29.375667	-4.570997	-13.845766	-58.635974	-1.891425	68.963438	-59.355819	-26.960789	-6.444429	180.600654	-62.747864	-94.173552	6.360299	2.107091	-3.253332	-54.373452	7.073912	-71.128134	-43.945615	-3.649049	-8.020686
863.957222	3493.758544	204.007373	245.542483	-295.361177	4105.906657	149.323726	-54.798777	331.229641	1822.222300	-91.322069	98.568594	327.122830	-278.749035	-236.209621	112.817844	-581.221208	-179.701404	-159.819736	-94.630977	-12.404900	21.185635	-9.811398	26.999224	-439.464514	-136.456073	-40.514369	-5.770699	-95.973286	-129.913248	-87.523593	2.741540	-147.333773	-199.077749	-84.580295	-44.803996	571.672832	-201.046558	-67.049928	-59.255092	320.484476	-27.831873	-202.733619	3.073283	-169.225222	67.552984	-84.036893	3.459564	443.465444	63.367658	-43.089642	76.602449	-278.439099	-14.204430	-136.881138	33.918137	-79.066251	-193.408145	-75.935568	-1.976427	-132.232260	-32.927607	2.211027	-19.013552	256.065407	-31.505452	-25.764486	-18.080760	41.032847	78.579923	-147.261736	12.144116	17.183577	117.703133	-74.394369	-23.508516	299.918272	-134.740926	-40.269231	24.999423	-97.843440	63.440961	-182.913117	35.453299	-49.436458	173.132307	79.570450	19.907183	-70.680078	305.461905	52.886502	-5.631503	-23.469161	-3.910851	-141.678025	32.390534	82.787455	-78.713940	-138.520581	-16.712604	86.120978	18.301400	-101.117688	-20.137689	114.639911	-147.233095	-57.316520	28.189904	11.934796	30.623688	-107.262690	126.596065	434.181713	-75.655499	-15.114813	45.366211	104.245286	-81.277495	-279.789077	42.945773	287.311499	-70.792479	-157.072211	5.438116	235.361506	-108.808026	-72.235962	6.677676	-3.196317	-16.492160	-19.482708	3.743742	121.167002	-64.372988	-25.175344	0.348817	44.726183	-3.297121	-26.346043	-12.974710	700.719297	-196.426408	-200.121410	114.704547	135.548949	-5.449700	-111.852921	90.834960	176.950987	59.228892	53.516483	11.779818	120.068756	3.109078	-3.025220	2.632714	4.551676	-30.693811	-101.683332	8.089466	49.976926	-84.193013	-107.111131	2.861733	42.614173	-59.620278	-18.481385	-88.974738	351.035285	288.089404	-56.406754	18.461528	-31.745687	229.500452	11.026367	63.045029	17.077718	176.978475	79.560358	4.745513	-90.581215	-1.412391	5.856541	-5.876328	-45.349640	-92.031988	-12.896360	-5.677640	227.383405	7.839061	-42.137123	12.935463	164.400040	-6.166721	23.900187	-20.381176
-16.403240	81.797631	154.738904	-21.250638	-69.752494	149.323726	286.635891	-65.826544	27.915981	174.953895	158.044811	-71.995574	177.349676	64.854697	-5.656483	19.282720	36.760982	10.137615	-16.188847	12.413514	32.086589	31.918106	-1.919951	19.244681	-21.981044	-13.607425	-5.975410	1.382108	62.180682	253.218416	91.170321	4.949114	-10.521662	110.543324	64.704883	-5.301878	-28.338502	17.926344	6.290624	-21.914862	122.701456	-11.459645	-26.227766	-11.226614	9.330604	-11.425846	-8.769493	6.514784	-25.599557	-18.927286	-0.133548	0.127368	-6.886228	11.353495	-6.005459	11.484808	-1.142365	12.582701	5.185710	3.241608	-11.357688	-10.344119	-14.967184	-0.002993	-22.650631	-16.155386	-20.013552	-5.649887	58.903379	-52.432459	15.735855	10.961940	-6.479488	32.505826	15.234126	6.491223	-36.142507	24.445491	10.583735	1.586888	6.994866	97.119364	26.313981	-7.943629	-61.082505	-49.113641	8.479840	6.826963	-12.566953	-0.259925	1.371774	1.225326	-9.485480	22.553415	0.874291	-1.868313	42.857799	-60.032531	58.243312	5.907938	-13.614447	13.278712	25.828716	5.858832	40.181280	-1.895635	10.580177	-2.367102	-13.978102	-64.732260	11.189757	-40.463417	-133.608690	-36.926740	-17.545127	36.366968	-45.546666	43.296108	5.132072	8.730350	-35.526442	30.962436	37.698402	2.214234	81.248233	-27.866482	42.318653	2.502745	-21.870184	-39.743325	-4.716647	-0.744382	75.317609	-22.558390	-0.302807	0.840783	3.208996	-79.572285	-2.204946	25.634166	-167.505331	-7.301143	-39.886678	40.390736	-42.268941	89.996013	-31.831855	14.234277	-40.717238	63.295950	15.719684	0.398444	26.384698	8.862473	15.755897	-0.244731	-40.568220	-1.625134	-2.416604	-0.048661	44.253315	-6.450050	13.800721	1.924877	10.943610	-17.810408	3.781280	13.220426	-159.562010	-163.813887	-27.497928	-31.789624	-47.663655	-39.037839	-53.633266	31.823250	3.676751	27.940296	0.727149	4.424737	-13.137593	47.251066	17.453613	5.239556	-47.097389	41.354334	47.864142	3.738321	-25.375116	17.915835	19.984762	1.662998	-16.010183	-5.617665	6.545242	-1.871405
37.701471	-42.640767	-26.045891	40.844650	176.033974	-54.798777	-65.826544	182.291740	51.471312	-270.847688	-69.811816	180.053861	-306.709444	-214.304622	-49.478528	-6.598359	-95.298732	-15.004338	-12.446520	-1.917898	10.865057	-6.550502	9.839468	6.430352	42.086683	31.696893	18.450550	3.100546	-20.021507	-114.129332	-16.284698	-3.128340	64.890909	-94.814687	-20.147968	28.062371	109.635487	-35.506134	-17.454200	86.384750	-180.535850	-12.813988	-41.790419	39.171841	23.415427	-9.326399	-14.146312	4.476003	45.631903	-11.669381	-4.023175	-1.623581	-43.526128	-69.685811	-3.445125	-16.531602	1.773986	17.287486	6.918920	-0.688654	45.675583	22.312795	2.518160	2.080017	79.459354	12.728258	-27.643800	19.580972	-65.464959	-17.405629	-52.602885	10.346669	57.214527	-103.528781	-8.977343	-9.033381	71.580746	-71.548079	-18.781588	-5.312335	-68.568753	-127.062004	-23.973423	-26.533981	55.513581	65.005395	-6.857108	1.532593	24.636693	25.657850	-41.441185	3.146494	-6.755932	22.910848	-42.993132	5.697733	-24.844873	65.723932	-38.627704	10.367177	45.958205	3.123853	-1.997721	7.079135	-36.120367	-4.594448	-12.227892	4.362230	-57.762202	24.017007	-16.628695	5.375897	83.882170	2.993356	-60.530815	-1.258144	10.859846	-26.712099	-30.088298	4.036096	-47.850977	-7.476459	-15.625690	0.667930	-11.917990	21.313267	-2.336097	3.261945	71.940194	35.351455	-1.633026	8.746756	-62.482354	32.987205	-24.232792	15.664731	-13.312139	117.128771	-4.256216	27.065698	19.254819	-20.684448	-24.005989	-2.190119	-5.359065	-19.661444	16.452587	4.476179	-62.523767	-3.232625	-9.224863	2.979773	18.356980	-3.351576	4.362408	0.657789	72.239462	-5.770160	-23.216147	2.411245	-6.487434	-8.539673	-32.371174	2.699213	7.622245	36.611403	-0.871522	-1.983815	-34.398594	-17.765309	1.224107	-25.238765	-19.206960	-33.158527	-39.943379	-10.952695	-57.624435	8.709946	-35.280722	-0.298239	25.409695	-16.832509	-16.905889	-2.137064	81.291200	-13.232745	-41.737986	6.956915	66.570128	4.510637	-9.356273	6.143459	-3.987311	-9.156567	2.894148	-2.871252
154.665112	790.434473	76.940233	50.499604	245.711105	331.229641	27.915981	51.471312	1443.636417	-762.162094	-148.184757	217.352061	-3.677331	-1090.762124	-251.028120	-90.246586	-752.307005	-170.020966	-133.324592	-83.134532	260.866278	152.166132	1.783224	48.622678	21.925081	4.562720	-3.990471	-2.447843	-22.618306	-51.403311	-38.847184	-0.740312	185.437612	-221.247203	-49.277899	-1.850069	1122.887082	-193.524225	-66.435560	1.034916	-270.367305	-70.964471	-292.064490	-9.622266	-280.162793	33.806756	-113.747632	19.690175	454.958783	44.157723	3.328370	71.968095	-76.759994	24.018960	-44.492470	34.486725	11.903313	43.737335	6.758757	-3.613004	165.433509	35.869007	8.596221	4.584460	583.141375	24.842549	-51.202564	38.380422	-287.192258	277.487567	-173.076621	-18.494273	-41.165159	121.464234	33.730384	-40.061410	146.067842	32.759083	-8.511307	10.058220	-254.328102	370.219528	-60.715749	58.718647	135.607914	74.849046	-74.995743	9.650952	147.173549	-110.753162	-44.925138	13.620681	152.783869	-112.005387	-69.599937	18.312208	-140.175433	137.414482	-23.118946	-16.733069	110.878275	-129.863047	48.514831	-53.467037	151.528340	-157.763238	9.810890	-44.377648	-207.754961	16.366709	-2.338307	-74.769000	31.970644	-49.523441	-174.169180	1.797576	163.946580	-121.356983	-104.387001	33.124043	137.303677	-108.426167	-167.168006	0.952312	-112.006615	-107.718201	-71.512499	-10.082237	163.998298	-130.619929	0.377989	-11.081208	209.579009	-125.719612	-58.022713	-18.541032	-175.221184	-305.778302	-36.951596	-136.779419	-103.161115	-29.783549	-34.291767	-144.081250	69.178628	-38.365033	-57.743817	24.422788	19.787841	-7.962644	-169.720558	11.937216	-27.665814	-19.431785	-65.621818	-0.175626	98.311254	-22.966875	-49.869811	-3.589164	59.215514	0.274502	-72.799496	-4.595145	-112.711146	-73.555776	-20.889603	-61.132762	93.128350	39.040143	51.691636	-227.911114	-30.196118	-128.690106	-85.330264	-22.393793	-37.411959	19.158973	-98.713964	3.435232	-32.511076	-103.100936	-59.989281	4.116465	133.855223	-140.773699	-55.126211	8.464502	35.613348	-7.787499	-36.131593	1.761833	-78.185257	-12.778258	-5.185954	3.280852
-35.313328	120.665626	25.468979	-24.875774	-425.765308	1822.222300	174.953895	-270.847688	-762.162094	3471.060986	232.272526	-390.441465	1368.247129	1990.695072	347.321602	207.284713	207.348290	78.189412	122.499579	-29.919262	-777.602454	-202.035429	-13.619441	-91.336969	-549.123077	-138.058321	-58.091873	13.019248	-175.192748	-429.849806	-127.709638	-25.919255	-494.248773	-322.037954	-76.640175	-90.686375	-858.305309	-190.767315	91.023144	-271.157149	1100.997053	-54.236225	381.887992	-121.435385	-111.580447	-7.183674	101.986292	-98.652989	-394.711608	54.304842	-25.406147	-40.119809	105.267496	37.378424	-82.591683	65.173441	-77.331440	-247.979858	-81.092696	0.806070	-449.727886	-10.956779	-47.922965	-23.604535	-591.311951	-36.502930	101.443023	-101.185810	542.960663	-246.759542	228.861694	29.543685	-224.977936	268.331297	-55.514165	-2.575817	-64.285248	83.195890	-3.736867	-34.082302	458.290554	-159.456949	-44.031580	18.784102	-261.937938	-201.065055	161.939260	-2.897700	-335.466006	291.025512	180.863819	-34.040422	-189.818651	207.960280	58.790257	-9.778131	295.818649	-236.632374	37.117169	6.740793	-255.314959	263.331071	-89.920614	38.956553	-43.964739	123.120929	26.422998	-1.771308	286.448509	-35.951937	42.966236	88.094933	43.170165	-179.523004	418.580125	-40.255038	-210.375865	-12.766504	43.601855	-44.174971	273.220431	7.171744	144.074576	-12.225722	299.887216	-68.608026	35.010818	3.752414	-428.210921	3.505410	-16.468553	-5.587760	10.897449	-19.387345	192.292213	-18.744322	171.415255	9.903488	100.272751	48.735779	901.481968	-257.271650	46.633164	130.318537	91.693573	-203.950267	33.258791	-32.094046	371.779617	-44.709152	314.368100	-18.851264	-25.852143	4.989067	38.638679	-0.975089	-306.743597	11.541510	66.130086	0.297166	-25.988399	-36.988259	245.046958	-4.983739	42.420146	-29.361179	48.887203	5.949917	806.963218	478.748012	0.454177	502.278649	290.789270	466.360364	450.044395	68.028300	301.366613	1.467120	319.892733	-8.126129	-265.183962	45.292534	18.569020	-10.974367	-279.977245	31.372762	209.758986	-25.754020	-133.105005	-108.565977	144.096088	-17.904855	9.931686	-40.880303	8.609934	-18.695279
-110.010814	-292.940328	14.307944	-29.067787	-124.174241	-91.322069	158.044811	-69.811816	-148.184757	232.272526	286.464456	-125.011555	265.147334	322.218634	156.183221	7.004859	101.321036	50.467598	35.818627	4.897753	-155.318495	-21.210141	-3.955593	-20.924491	-84.585516	-23.668742	-11.401646	-0.708728	8.687152	66.592182	25.732594	0.005381	-57.635472	96.836827	47.966700	-10.506986	-186.604119	49.283857	61.835563	-43.391422	133.365878	-8.926347	102.494872	-25.071913	-22.798761	-26.823508	31.553424	-19.603290	-151.093262	-18.731377	2.444125	-23.259168	21.372127	7.367055	6.828690	12.251348	-0.139440	23.742284	5.422004	2.942109	-66.694962	-1.735351	-24.309511	-0.073051	-93.473302	-40.546538	24.612797	-17.888306	95.076588	-75.129648	70.944587	1.484591	-53.235467	33.477859	12.697462	-3.073738	-65.464045	23.413888	31.506980	-15.008664	110.119590	-23.327088	35.318478	-7.031639	-60.327747	-37.214670	14.277735	4.952599	-61.369036	17.487536	0.135455	1.325519	-41.630045	24.230539	26.613345	-3.706476	14.686446	-6.402585	48.669046	10.317389	-70.539340	78.709822	10.829310	17.209874	-9.315765	43.398001	27.608815	12.910064	19.536483	-77.520851	18.106908	-18.170317	-135.835747	-20.004977	53.399105	30.247376	-51.966606	56.519584	46.857620	5.785466	-25.167100	39.369170	48.176058	5.801266	2.391018	7.514989	16.996105	4.277020	-76.986803	-4.812770	1.784882	4.323669	-6.698567	15.203677	37.999059	10.232967	5.714038	-7.147250	16.506398	72.267176	-82.095665	9.596531	36.061716	43.471309	-14.392143	42.715378	25.977029	0.393587	-9.137172	21.084852	34.611168	-0.753707	-22.908126	7.286530	-2.893053	-0.285889	-49.417207	3.408300	37.302266	-1.019265	-2.031695	-0.698981	69.498430	-1.110310	-14.247852	22.751856	14.564075	29.713856	-32.253492	-21.112822	11.710564	64.456993	2.467630	-33.271234	44.733571	14.754264	-0.765314	-34.060379	16.532403	3.404497	-30.693719	45.198168	8.589536	4.244998	-26.594694	46.515111	96.638527	1.371490	-83.749625	-23.302898	36.087435	-4.024913	-48.780159	-5.768991	-0.338964	-2.657011
106.882185	100.905231	-26.965005	41.268296	160.763178	98.568594	-71.995574	180.053861	217.352061	-390.441465	-125.011555	417.275448	-409.823164	-507.692290	-129.978308	100.253489	-382.526678	-84.672642	-53.994673	-40.908439	-36.519859	-12.145706	9.673898	-9.356236	-17.127215	-0.916530	10.720689	-2.831563	-44.648399	-172.303260	-34.121422	-5.109378	-10.747412	-163.856480	-36.349455	13.282697	220.025827	-75.657045	-28.688377	105.007349	-67.245563	-16.427149	-103.005272	80.100649	-71.931728	-14.457379	-47.335682	3.103843	122.919904	-25.441628	-7.153019	-0.437969	-144.427662	-129.731101	-29.159426	-26.833868	2.386393	24.823943	12.520523	-1.702250	-20.663367	49.467014	8.909910	-1.428793	107.355412	28.394975	-10.567819	19.164578	-33.483142	-1.053537	-82.791784	17.525003	45.762000	-72.954730	-17.207225	-6.742421	163.630428	-93.169242	-24.940864	4.367753	-179.575729	-111.686762	-53.168239	-25.655679	94.975715	99.981803	-3.221008	-3.022167	-17.116452	28.853885	-37.875479	-2.009651	-17.690762	-26.878577	-39.526311	6.710492	-30.526494	75.833527	-43.760915	5.327432	64.511592	12.695561	-1.049003	-1.721994	-8.115552	-27.408378	-3.794744	7.531654	-128.369205	139.704644	-21.515675	39.173356	152.770648	-25.340909	-34.129337	-5.221531	3.875566	-19.947900	-29.250563	0.945326	-32.520083	-16.079609	-14.189291	-4.532060	-30.318687	14.732993	-18.891968	-1.402529	116.413669	21.611656	-5.205937	4.313179	29.622417	9.591861	-34.816737	5.870469	-61.861325	141.787566	-23.269983	21.858013	98.484132	-36.235080	16.108685	-4.646054	1.771118	-23.282797	53.430555	-1.213603	-73.713961	-16.511285	-1.278285	-0.692821	-5.780049	-7.245869	-13.903713	0.579703	123.441151	-10.883364	-43.851889	-0.059218	91.651901	-15.441369	-61.758815	-3.388453	-30.777628	18.077669	-19.353804	-22.129388	55.435099	76.315941	22.296848	-36.437451	-23.130286	-23.417615	-30.711424	-16.117387	-64.059346	19.229023	-48.494201	-0.928465	-38.767685	-45.103447	-53.762268	-2.491231	155.773321	-36.931559	-86.761442	6.550149	252.608123	9.296286	-28.402954	7.649932	13.367841	-15.555823	-4.805622	-0.543345
-252.907220	-189.409992	55.999123	-81.543672	-489.042179	327.122830	177.349676	-306.709444	-3.677331	1368.247129	265.147334	-409.823164	1970.905579	860.758460	228.040214	64.198989	-46.249616	-111.474965	2.294105	-65.241484	-536.748144	-47.338678	-16.754515	-67.012720	-217.070312	-47.572486	-42.150662	14.472251	-76.034944	-133.023604	-29.614845	-10.673370	-328.355237	-174.982121	-6.069503	-64.594835	-317.218511	-138.150561	114.959082	-238.805066	903.087661	-45.582819	236.889754	-134.885711	-334.370376	20.959862	-3.067938	-73.519944	-318.732596	74.311658	9.421478	-25.713628	307.641283	180.653090	0.758739	58.248423	-1.757070	7.480465	5.193099	3.931339	-295.559968	103.120765	-23.339069	-5.603758	-260.886029	3.272417	129.261853	-50.261945	318.792236	-48.348748	147.275648	30.134624	-340.211333	351.363391	-10.100842	1.048472	-169.394301	137.199908	53.468212	-35.257631	372.667674	40.661707	60.641760	1.819924	-18.438869	-70.738801	101.169277	9.029308	-189.635517	117.699463	116.468714	-7.448876	30.678313	32.106143	95.945439	-1.335575	197.496928	-204.970564	82.024518	24.854775	-227.732803	49.074606	-51.646903	26.685840	97.819871	-60.028359	17.896255	-5.373937	179.648881	-330.659958	66.248697	-56.688817	-17.967002	-161.826037	125.550417	39.139980	-86.099578	-65.103847	55.646761	-17.535285	287.645779	-47.141727	115.426225	-14.299788	112.559801	-125.901846	-14.469805	2.196288	-347.608316	-117.873109	-36.160788	-7.459264	111.541064	-61.774157	88.052471	-0.243685	147.133372	-190.601275	61.520186	53.575069	273.607081	-158.639483	2.336303	2.256992	81.923992	-10.133244	15.544103	-16.801418	231.271773	15.314785	156.666012	-13.313976	-149.209907	2.625798	-18.980574	-1.906174	-334.122008	15.866677	50.128649	-0.423149	28.946158	50.800398	186.248507	14.032182	100.291127	54.343490	38.361966	88.764953	473.572770	254.044947	60.861753	217.950918	229.227766	120.882784	304.155708	30.385474	169.201582	-111.061317	138.138284	-5.427050	-241.839323	6.394625	-80.308569	11.413005	-177.475119	29.327000	142.048278	-3.161586	-122.812425	-54.938345	146.630857	-7.912119	-26.917728	16.543117	3.264782	13.052408
-387.699144	-1126.336032	-90.007343	-114.693607	-321.508432	-278.749035	64.854697	-214.304622	-1090.762124	1990.695072	322.218634	-507.692290	860.758460	2366.683950	496.355828	25.042524	898.754534	383.816443	266.685879	53.893630	-784.749946	-225.806633	-6.429723	-130.526773	-296.105457	-48.507104	-26.011287	8.898106	-102.117187	-301.879562	-57.214584	-21.851672	-293.994519	-130.202309	-10.445749	-47.091469	-1347.980858	-50.039245	90.169980	-204.460051	582.299137	-7.116153	528.822893	-118.475538	240.781942	-38.828161	216.636903	-83.508368	-789.794281	-4.599679	-8.066325	-109.898498	203.952930	97.413070	41.677799	30.991714	-24.992514	-82.812282	-18.001832	8.230043	-280.991141	14.937958	-75.322825	-1.658993	-811.894701	-37.750081	51.522250	-88.117234	476.426343	-417.349302	323.730403	-10.228185	-79.545240	-98.241973	-15.296397	-0.569106	-305.137997	38.926818	24.334971	-63.838483	554.760883	-324.762982	108.768451	-39.029929	-176.602963	-183.151290	99.250127	15.453906	-261.799290	165.945471	66.601554	-11.700311	-213.580266	305.645683	62.897760	-18.182364	260.430450	-169.748740	90.173344	47.350688	-268.916592	289.636674	-36.167077	54.352107	-192.494778	290.995521	51.758159	-14.328694	359.152091	-168.564351	86.327901	-24.665544	-174.191959	-0.565230	261.294696	-0.530903	-310.729773	133.422097	128.142740	-48.626119	-68.423007	145.791508	218.298469	-0.801690	213.245414	122.858606	110.467021	31.473487	-438.067822	190.133013	17.647333	22.040317	-272.586603	174.674597	157.726455	18.905570	261.328774	106.400219	100.305408	109.944276	328.573192	-94.308697	78.608572	44.076916	-105.315126	-140.025543	27.749508	-52.252119	149.218807	-43.028445	251.472504	-17.979035	54.946022	21.320277	86.390784	-0.033591	-343.959985	56.876880	142.232692	1.320874	-278.035191	52.738699	230.839936	9.561529	249.010377	105.232910	70.708800	118.537442	382.132263	216.943993	-16.467789	381.405425	226.593971	342.831722	315.266414	45.870459	250.207619	6.328905	277.518018	-2.264139	10.976314	129.662623	120.571795	-2.589998	-456.136896	109.103919	176.580320	-22.500232	-462.982811	-71.101682	89.109301	-20.710343	78.483271	53.058302	17.031026	0.586951
-135.480606	-437.385948	-41.782759	-30.771264	-87.301313	-236.209621	-5.656483	-49.478528	-251.028120	347.321602	156.183221	-129.978308	228.040214	496.355828	274.127532	-5.758730	150.109815	82.895030	109.640257	6.333320	-281.067518	-76.003155	-2.295344	-45.568184	-93.709627	-22.059661	-4.002109	-6.395266	-32.213622	-115.628644	-17.392394	-6.401207	-61.485364	-36.790677	-0.556383	-9.863800	-264.308685	12.910450	72.646400	-50.922278	70.022039	-7.499668	195.877845	-35.058308	-48.118474	-32.106433	56.343201	-24.579161	-222.453742	-9.483076	8.693813	-26.489759	31.372057	16.587168	39.258472	-2.618951	-5.585160	-13.216457	-5.482239	-0.435502	-61.094024	-1.269620	-16.077659	-2.961365	-109.748161	-27.041865	47.028377	-14.106528	81.098250	-76.746779	90.346803	2.605444	-78.323432	-37.126053	6.213014	-2.410904	-20.523381	-0.816859	37.703691	-10.082255	113.787186	-73.594628	47.679813	-23.938846	-50.921779	-18.616257	52.899281	-5.462151	-49.520869	50.605350	27.007970	-2.621561	-21.662465	63.608945	30.141977	0.103760	2.906697	53.562980	21.006177	22.970441	-90.387132	94.105655	3.995993	29.576265	-27.166032	53.082762	31.555032	14.779170	31.984194	-22.466984	19.883258	-10.211499	-16.547533	-6.950042	133.075177	-13.219437	-28.547205	13.787122	48.995587	-12.381615	12.039310	28.808990	44.784283	2.365084	-65.112312	46.561804	5.212058	2.243867	-91.420249	38.987969	11.312811	9.036399	-47.967405	39.195146	52.918832	15.717014	-16.853719	50.698947	21.734538	61.088408	74.124953	2.477990	41.050055	49.987196	15.179724	-41.046838	45.690933	-22.048520	44.079916	-40.121978	47.422427	-4.380038	-59.460040	-3.466821	-9.051360	-0.536749	-35.524782	2.626015	60.442160	-0.756660	-26.458600	-2.523269	76.233485	3.357704	-25.040839	25.360935	8.184151	40.237630	13.304701	67.185640	-1.051529	135.719382	48.041707	12.788693	104.884650	-1.217573	19.062292	-74.954682	36.796786	-2.607184	-7.757202	11.218424	12.972992	-1.295001	-22.397138	-0.797171	99.058713	-6.676741	-138.621542	-55.496827	27.448362	-6.002054	-39.372050	-6.636171	-7.529512	1.215680
10.660101	-104.094235	-2.053260	-1.091647	-42.567895	112.817844	19.282720	-6.598359	-90.246586	207.284713	7.004859	100.253489	64.198989	25.042524	-5.758730	166.163660	-136.524459	-49.277037	-7.903431	-4.083701	-190.582043	-47.805059	1.290120	-31.061007	-93.427533	-22.927448	-3.257096	-1.610768	-24.269243	-80.517815	-20.478632	-0.526725	-78.974631	-72.059673	-13.778433	-9.759692	-159.945610	-30.483159	8.073151	-7.869960	198.593471	-5.434628	26.770696	21.711249	-11.875657	-24.040554	-4.205637	-8.825373	-49.566191	-17.813436	3.561853	-17.237006	-4.178977	-52.753117	0.012644	-7.452110	-3.556568	-16.511448	3.203272	-0.387968	-71.901198	31.252838	10.077730	-2.590624	-133.097334	34.258503	20.409598	-9.422207	75.667918	-58.876077	18.352859	19.072277	-9.155886	7.594257	-22.519314	17.291742	30.401224	-13.305810	3.936292	-6.495042	6.661984	-123.190454	2.025939	-18.530673	14.405272	-28.871917	28.437473	-5.102279	-49.875368	-3.057893	17.985579	-6.469119	-41.085601	-24.091608	14.349596	-4.884178	22.235274	-63.198411	10.260228	4.254868	-6.868319	22.591034	-10.834479	22.933500	-25.819703	3.039363	1.385308	17.191250	-40.912926	37.651298	-3.545595	59.583963	36.091605	-99.542374	43.274614	-11.456871	-26.840297	-47.493611	18.755227	-11.833733	2.841148	-19.977273	49.535064	-4.631290	17.700719	-18.845223	18.222556	-2.812539	11.585077	-15.297364	5.790897	0.427409	11.252682	-7.126798	13.699048	3.465973	-13.974078	98.732823	-2.384601	58.334389	94.604822	-72.831842	43.919383	18.903580	34.353766	-30.191714	47.547234	-4.645116	9.572440	-8.566974	59.223523	-3.652500	-14.527184	-1.351833	7.420343	-0.054671	21.970063	-1.400028	7.960184	-0.946068	35.626194	-4.583822	4.220812	-0.664022	-10.832704	8.028791	-6.841195	12.931779	147.394305	81.458279	32.198104	68.803127	48.509541	43.789858	61.011386	8.248207	31.759694	-4.353965	22.294237	-2.819857	-44.790961	-18.206840	-21.699807	-4.402692	16.498415	-19.827579	-17.165136	-2.436393	86.732540	-13.379467	-6.851113	1.872842	25.452958	-4.242422	-3.931012	3.535792
-165.133278	-546.395775	25.337265	-85.486005	-93.279574	-581.221208	36.760982	-95.298732	-752.307005	207.348290	101.321036	-382.526678	-46.249616	898.754534	150.109815	-136.524459	1722.734866	394.585764	135.668712	224.422943	568.618080	11.329910	-5.126118	129.582201	-201.312108	-43.249675	1.291634	9.415576	185.509051	407.666201	128.508570	28.547338	116.107581	412.059077	93.656506	30.689573	-610.348990	187.782750	4.480057	-0.325023	-208.864263	55.906021	193.751685	-58.561477	646.016761	56.127075	145.005134	57.580809	-125.425043	32.884135	-12.740529	42.779590	-167.377530	269.840060	60.860400	9.721876	2.270735	32.143832	-1.905856	9.120223	103.623988	-139.726245	-53.097652	8.240195	-264.253708	-112.809550	-21.010257	-14.916867	-2.947687	-122.612101	198.968611	-47.835178	164.279100	-162.929276	80.709387	21.909122	-184.895221	20.730894	-32.291780	50.764656	33.416765	315.476593	101.886830	36.097908	-181.843260	-56.437755	-40.144053	15.710396	7.888754	-35.689225	-30.674205	7.120954	-15.021851	83.337304	2.674414	-16.939085	85.630953	-188.779543	73.137738	-11.627739	-7.224738	-126.429284	7.297223	-3.968088	141.118627	34.107548	-31.421836	-5.948918	149.723675	-265.996522	15.637067	-71.455499	-278.382044	123.714454	-13.152992	56.278955	-50.051811	211.949058	27.067680	5.437200	-95.181576	171.092396	9.753204	15.865429	143.145322	105.726197	41.992911	15.956691	-143.870258	117.830087	-11.762739	4.929693	-61.095307	47.846084	-28.681754	1.991115	159.471403	-239.319488	3.815874	-38.525058	-307.727613	-12.836065	-48.196603	104.701677	-91.197144	52.456690	-109.516659	31.006160	43.030927	64.815354	-0.090118	0.645769	129.620917	33.239717	64.245801	-0.259641	-215.339651	27.299445	36.699780	4.992397	-165.563307	9.744386	38.657721	13.974923	247.491190	-15.677218	40.995122	58.260611	-470.617325	-412.995094	-96.988510	78.528377	-34.787188	103.553270	-107.860294	88.315450	83.997593	122.516496	99.932232	6.334252	82.962785	186.657960	200.897082	2.519571	-485.468752	123.897722	129.374367	-11.953874	-268.053551	33.155162	45.963105	-4.393439	99.954030	59.295359	35.460528	2.426217
-48.464311	-186.118707	-6.649618	-22.235071	-30.103191	-179.701404	10.137615	-15.004338	-170.020966	78.189412	50.467598	-84.672642	-111.474965	383.816443	82.895030	-49.277037	394.585764	239.046281	78.477285	49.904441	90.074262	38.730414	4.434449	21.131956	-42.965919	-15.267255	0.647117	2.948698	22.446690	33.395682	16.176186	-1.022924	11.644969	56.382204	14.060615	3.981515	-195.153452	26.095499	-0.753509	-8.380653	-95.545674	8.092518	89.389086	-19.077254	168.290324	11.720827	82.291761	7.188419	-94.525031	-0.729957	-1.962544	3.281850	-34.686552	52.701637	23.197194	11.860096	-1.593648	-15.299224	-8.600479	2.552900	4.744151	-69.416724	-29.908501	0.965154	-96.765101	-69.527956	-12.945471	-10.469332	27.177577	-79.544642	79.073493	-22.051055	49.984964	-85.676650	32.226769	-7.445531	-73.704543	-22.892030	-5.852121	1.748769	47.429306	58.401789	44.121664	12.953732	-74.399439	-54.562512	-33.114082	7.231795	-11.845780	-9.209287	-2.476880	4.968363	-36.249497	34.840361	5.901139	-3.607549	22.096253	-33.904693	31.923664	1.555799	-1.840738	28.178300	7.826995	-13.424093	16.762135	40.759694	9.008111	-15.532985	53.024613	-48.446112	11.820259	-38.508525	-131.034178	43.685697	29.051719	6.161836	-18.920166	94.352053	30.551778	3.244542	-49.561198	56.356845	21.543573	6.910147	25.923143	40.584423	27.094750	8.070695	-56.025880	53.513164	4.100186	1.924796	-19.913857	35.075395	0.885819	-1.189892	32.067292	-50.434947	4.218843	-20.111909	-43.339361	-4.944062	18.649672	-7.951616	-32.394621	-9.205360	-5.110780	-2.025081	-7.819686	1.715555	20.912124	-1.637880	25.941536	5.790224	23.883034	0.122393	-58.823825	16.213968	26.596215	0.807314	-66.946677	11.992104	17.778666	2.230190	80.024924	-2.055506	11.900427	17.355812	-64.790242	-36.312607	-17.962851	36.627651	4.630389	35.610886	6.345721	7.782206	16.065005	19.500015	40.819342	1.936022	34.415397	65.227085	67.868730	0.276912	-142.603610	54.975857	43.620494	-5.768371	-103.950134	9.984918	2.538562	-3.114005	27.193088	21.886914	8.035956	0.669376
-59.973097	-193.035481	-20.406456	-13.785946	-26.159877	-159.819736	-16.188847	-12.446520	-133.324592	122.499579	35.818627	-53.994673	2.294105	266.685879	109.640257	-7.903431	135.668712	78.477285	76.015897	20.126922	-93.890027	-32.573318	2.461471	-16.827628	-40.371645	-9.478301	0.342589	-2.637295	-13.101733	-52.563477	-8.710153	-2.137494	-18.525263	-15.613415	-3.530149	-0.970876	-147.482016	4.714792	16.832809	-15.616495	-2.992291	-0.395494	90.235677	-12.834677	25.357690	-11.153282	42.550620	-6.861517	-110.957009	-6.856549	2.837578	-11.410365	6.472650	6.916448	23.542011	-0.145968	-3.281527	-15.019898	-2.705698	-0.056313	-20.811097	-7.825694	-6.895551	-0.769643	-73.248989	-15.092068	8.766009	-5.334737	36.695214	-56.178609	42.817166	-0.328632	-8.021555	-55.136385	1.697054	0.309880	-13.751686	-14.433837	10.982733	-3.846782	53.061288	-34.924892	28.610961	-11.503857	-21.000074	-23.455701	16.098350	-0.573949	-20.223905	18.730485	10.920198	-0.790037	-20.572956	35.265391	9.391617	-1.266891	7.854432	9.693800	6.331692	14.915923	-29.887754	45.227923	1.545543	13.113620	-15.439683	29.688342	14.034139	4.146872	13.214664	-15.645434	10.337583	-8.548810	-8.254028	3.636554	52.439922	-7.128812	-21.737377	16.665954	24.393515	-6.341295	-19.135854	20.276264	24.124694	0.934252	-9.152361	29.680024	10.707623	2.862491	-38.137080	30.144147	9.773870	6.435241	-42.856966	27.358529	19.505719	9.739615	-3.144490	20.810187	8.731685	28.464562	18.689683	11.899992	19.577332	15.796343	-18.929145	-19.477688	15.637599	-4.470430	5.841777	-16.894344	21.943605	-1.478424	1.847252	-1.045502	9.002177	-0.139461	-19.759387	3.333082	35.165974	-0.733507	-37.704927	2.164440	23.129800	1.844144	19.706479	13.526906	1.392080	26.970336	-26.593194	-2.135039	-6.738832	58.459303	-2.247386	15.549611	27.537917	4.196344	9.138844	-9.894758	24.329295	-0.142522	29.335796	16.954305	34.081373	-1.190557	-52.169877	-0.601696	30.951709	-4.319213	-72.114161	-20.472856	2.829600	-3.385083	4.565293	4.326509	-1.221426	1.792297
