43.468299	35.981722	4.850560	1.459029	32.215055	62.310823	3.529863	5.365970	-23.156713	37.654741	-3.982141	1.349156	-30.066698	25.477064	-5.833991	1.890103	29.220539	8.361696	3.888647	12.291477	31.111519	-9.509123	6.058799	7.922134	4.616035	-10.903214	-0.753177	-7.962011	38.779557	60.637546	-0.338119	1.173282	18.502642	13.645700	-1.593892	2.921247	-28.096787	8.805010	-4.503883	1.401225	0.230304	10.776003	-0.085671	1.527765	33.202228	-8.368554	-1.468576	9.962374	24.300387	-7.771420	-0.922972	13.174105	-1.715290	-14.780359	-0.572340	-3.682810	9.453966	-14.670173	-9.672231	-0.799087	25.193008	-30.271842	-7.172108	-0.369860	-5.274862	-13.072019	-9.395116	-4.425181	49.648765	-35.721996	-4.033747	-6.957661	31.683393	-26.412463	-1.582055	-7.206620	6.689171	-4.590831	-0.749972	7.188684	-21.455353	-1.229484	-0.595234	17.753771	23.201205	-39.602871	-4.760196	-2.305638	10.642279	-14.569520	-6.813978	-2.694069	-20.499401	-7.167631	-12.268089	-1.931752	42.231844	-11.896946	-1.009951	-4.290084	3.928676	-8.072379	0.360633	-9.660606	-13.972827	-2.335751	-2.206726	-1.745014	-14.509844	7.072091	-0.990047	17.517329	34.894883	18.563953	10.764581	-0.384412	-14.071842	8.312611	-18.510508	-0.601355	-5.690865	7.249001	-7.693038	-0.321930	30.132507	2.270584	9.538793	-0.416834	-18.388626	0.642194	-1.255335	-1.285191	-15.389666	-0.912947	-1.552640	-0.963195	-10.085921	6.805235	-1.075980	0.647808	21.211112	18.519547	1.459822	1.392218	-1.947773	12.546116	-11.653896	1.144088	30.111482	14.424146	3.369038	-1.068031	21.509039	8.221388	10.289262	-0.255131	-32.407968	0.524619	-8.896439	-0.071669	-9.515038	-0.814167	-2.037983	-0.088267	-4.059447	-0.968544	-0.585143	-0.864854	33.953340	11.062678	-1.448901	5.281878	13.727557	39.984100	-1.350093	18.973809	14.089756	21.927796	18.481919	-3.396955	-5.815762	-24.496182	-8.412548	-7.985180	-34.568056	-9.394613	-16.168548	-0.606483	-5.491661	-1.150386	-2.411376	-0.002350	-2.238479	-0.231394	-0.256095	-0.316998
35.981722	104.390304	6.083740	9.295825	-9.589050	87.463752	3.970755	3.511886	-21.920065	63.227600	0.887099	-2.547726	35.878597	65.298799	-3.165676	6.011660	53.658952	22.708506	-0.846664	5.703586	-18.347253	-14.839674	0.776426	-20.807923	-14.274125	-20.682662	-1.363311	-25.022680	34.515435	154.103411	2.469130	23.951465	-8.838953	80.142402	-5.567369	16.493807	-54.494375	17.546316	-14.378376	4.333235	11.047684	-27.441087	-3.201633	4.313467	54.512192	-22.067414	1.030434	7.579628	23.492001	10.709463	-1.706012	-3.019858	-19.656035	-10.150637	-0.999735	-20.055827	-11.279977	-98.381058	-21.585219	0.239825	27.074911	-56.691859	-19.286097	2.815710	5.167300	-43.766917	-20.962733	-1.822903	54.008317	-66.377461	-6.774101	-3.835648	30.283976	-30.619302	-1.057644	-5.009095	16.940669	9.003140	-1.159544	10.022923	-31.993361	25.703075	-1.634501	16.744005	-0.265891	-104.700567	-12.301457	-4.468566	-0.530336	-35.394876	-5.617078	-5.754571	-11.951339	-9.126339	-11.925107	-3.381041	47.127379	-3.276779	1.051432	-2.215916	-0.721574	0.846140	-3.513741	0.922819	-5.673864	0.536968	-3.829521	8.047971	-23.918125	15.378625	-2.298535	15.879917	30.035172	4.143657	8.394639	-0.769040	-31.238886	11.499021	-20.764945	-1.209663	8.077360	23.019407	-4.042618	-0.564848	16.017616	6.842804	4.141113	-0.680801	-21.182981	6.232489	-10.807761	5.895623	14.305721	2.207990	-3.381905	6.307417	-6.835638	-0.059235	0.307537	5.689142	38.544806	14.863451	-4.679654	4.424759	1.174404	24.244751	-16.423179	5.446085	51.846410	28.408978	2.040665	7.491271	-9.574032	11.456707	-1.852342	1.563149	-35.984461	6.628706	-17.797426	1.512226	30.688828	4.301156	-3.129767	2.633798	12.390488	2.557814	0.137393	2.272611	33.691095	20.423064	-2.239094	6.259781	13.368709	30.022197	-1.709208	13.447196	6.035134	24.886584	8.599488	24.134605	-52.758351	16.378497	-27.452921	15.799902	-46.567228	40.533765	-12.074018	2.637986	37.257181	14.808864	6.622137	0.006459	12.455060	1.265231	-0.519487	-0.081890
4.850560	6.083740	1.129839	0.158716	2.839748	9.328045	1.050576	0.468903	1.198718	7.245051	-0.029788	0.288244	-1.053072	3.880862	-1.016761	1.264784	1.799943	0.999563	0.370501	1.154824	2.844146	-0.926379	0.661483	-0.028060	-1.635124	-2.032235	-0.122057	-2.151427	5.467164	16.811706	1.448418	0.089255	1.152966	5.732645	0.704260	0.586112	-4.677335	1.036850	-0.703913	0.478837	0.757620	-0.096355	-0.448225	2.440020	5.187605	-2.413758	-0.381302	1.472509	5.800240	-1.249867	-0.148018	1.693439	-1.315554	-2.615121	-0.085314	-1.786411	1.213718	-3.750216	-1.623766	-0.302929	4.341577	-6.402711	-0.623134	-0.149567	0.957102	-4.110564	-1.210802	-0.584289	9.705414	-7.922421	-1.105948	-0.145296	5.373519	-5.078754	-0.388938	-1.339310	2.063723	-0.949785	-0.130483	1.440395	-2.394460	-0.789001	-0.162979	0.959062	2.228627	-10.387184	-0.119273	-0.467782	1.696274	-3.911393	0.873167	-0.599777	-3.713065	-1.945244	-1.405375	-0.351859	9.089575	-2.482926	-0.261455	-0.717726	0.070421	-1.451704	-0.129242	-1.510141	-2.260022	-0.442136	-0.441137	0.593007	-0.537228	0.071964	-0.234264	3.856846	5.870119	1.818422	3.020737	-0.078231	-3.594095	0.135444	-1.167545	-0.128139	-2.362290	0.501937	-1.169871	-0.063147	6.648763	0.094155	1.720920	-0.073977	-3.493872	-0.141281	-0.610732	-0.240834	-3.120937	-0.214688	-0.497342	0.095466	1.336520	1.891209	0.198748	3.160312	3.704460	2.228176	0.615572	0.138162	-2.399834	0.721634	-1.791759	0.053690	2.634365	1.297071	0.712412	-0.304408	4.513265	0.688858	2.195503	-0.087883	-5.956494	-0.040110	-1.728826	-0.015794	-2.018527	-0.172317	-0.496852	-0.039949	-0.202531	1.109307	0.131406	0.496077	2.534322	-0.484930	-0.976876	0.681951	0.832537	4.155644	-0.209815	2.523346	2.706465	2.612307	4.615158	-1.247879	-1.519521	-5.215516	-0.165399	-1.588754	-6.531574	-1.978794	-3.202234	-0.106626	-1.077944	-0.274264	-0.537071	-0.004182	-0.346280	0.030979	-0.056013	-0.085874
1.459029	9.295825	0.158716	1.527609	-0.338649	4.891669	-0.004968	0.643444	-2.006672	2.203061	-0.217003	-0.155597	5.089839	5.181711	0.186133	-0.372402	6.802877	1.867677	0.076292	-0.212289	-4.581216	-1.979289	0.237315	-1.925825	-5.250911	-2.231297	-0.105207	-3.471999	0.720911	13.976113	-0.382137	3.953379	-1.073374	7.283353	-0.964388	2.256479	-4.342720	3.701483	-1.079551	0.504720	2.818920	-2.715161	0.087500	-0.593617	5.198756	-2.198803	0.406543	-0.785517	-0.393845	2.960772	-0.132888	-0.998239	-5.035258	0.435828	-0.087784	-3.537904	-0.904757	-7.920672	-1.826967	0.361013	0.870076	-3.483131	-1.919732	0.716013	-0.198410	-3.107665	-1.997017	0.222952	2.491872	-4.774247	-0.706889	-0.113313	0.232950	-1.225631	0.006008	-0.285732	-0.336017	2.286062	-0.086819	1.341735	-2.762700	3.808606	-0.138997	3.601360	-0.498187	-8.064636	-1.355747	-0.343601	-0.337381	-2.659476	-1.051401	-0.445722	-0.532819	-0.424292	-1.408246	-0.254740	3.234194	1.051442	0.071891	0.229587	-1.136544	1.392611	-0.607576	1.475871	-1.794563	0.446497	-0.360726	1.310044	-1.207089	3.311740	-0.210449	3.132753	1.742633	0.439866	-0.382072	-0.062663	-2.768693	0.866036	-2.083761	-0.098152	0.989345	1.809603	-0.118040	-0.042651	-0.263975	0.581512	-0.095521	-0.056209	-1.265855	0.873743	-1.893317	1.167530	2.469473	0.516156	-0.672038	0.999107	-1.977010	-0.392592	-0.067954	-0.775663	1.405603	2.496876	-1.052194	0.819274	-1.206075	1.811589	-1.900964	1.019003	2.695348	1.710120	-0.264094	1.330203	-3.327652	0.230422	-1.506808	0.242471	-2.391692	0.769088	-2.387311	0.258973	5.519362	0.829533	-0.455612	0.452697	1.113889	-0.269872	-0.044596	-0.140919	-2.799205	0.401144	-1.865050	1.178657	-1.501640	4.497832	-0.747659	1.806755	-2.735338	2.584240	-0.590606	4.620077	-6.086832	5.046929	-4.254003	3.858787	-2.754901	7.774187	-0.609883	0.542983	6.793802	2.745396	1.556941	0.002939	1.670532	-0.105692	-0.084040	-0.056467
32.215055	-9.589050	2.839748	-0.338649	1509.598145	179.161536	102.665024	75.232315	1434.581182	183.875558	-1.433607	94.977717	-1080.909513	-158.831793	-198.726288	-27.119391	-416.150691	-88.249492	-54.178436	-39.575690	-19.426121	-22.588258	-14.138101	-109.759933	-165.497630	-112.664593	-12.490059	-238.440566	49.597692	338.140389	58.590128	-7.146785	754.295235	-35.190389	150.151208	23.684402	362.699978	173.400990	-56.183854	63.006322	-502.011429	401.364231	-111.636413	59.259145	28.488038	-90.173711	-39.920820	64.394979	138.850179	-38.024897	-10.127127	70.295591	-87.193549	-118.383497	-8.495069	-117.170042	178.507434	532.122639	24.278945	23.273674	419.314787	-250.050926	56.669657	26.539264	-63.643058	165.497727	-83.035826	-29.013822	36.170910	79.689247	-150.168736	65.532073	348.994687	-270.768464	-37.555770	6.694050	-141.338630	-37.481708	-12.868555	65.351906	156.836873	-33.471850	-21.211452	275.975526	281.062218	-169.028364	-16.736770	1.510186	553.724699	-199.356950	-42.252073	-12.059109	-271.178894	-173.095361	-318.827186	-28.845558	178.584341	-176.152105	-102.590683	-30.303262	322.054548	-77.305633	-45.464131	-45.985956	-313.516377	-17.476878	-48.281175	-7.456149	364.197231	93.479951	-21.036824	249.694620	499.838628	80.065610	56.122729	5.658850	124.338814	-41.164506	-219.217639	-7.040832	-304.137929	-59.187520	-202.616253	-8.300439	204.025972	-24.561089	-22.119941	-2.962494	206.468309	-19.844492	-121.151964	2.718674	-212.446688	1.266216	-73.761300	1.478616	63.005346	53.828627	-13.189754	52.539279	101.483569	154.625390	-117.394819	14.983742	-230.281656	-16.117160	-201.744743	0.625053	-225.951012	-42.044177	-79.410406	-8.103674	169.576787	-50.857818	-100.060952	0.443655	266.704996	-12.910787	-196.232695	2.611811	-80.978385	-7.210230	-48.197719	0.617545	-47.376557	-5.384682	-13.363122	-0.777772	-214.795645	-219.379378	-152.589391	-2.902338	-298.745205	-88.038298	-98.369395	5.303586	-265.493492	-177.164026	-54.328198	-0.240547	134.421018	-4.760444	-102.193829	86.654090	249.006648	58.678975	-24.142021	4.259161	-14.501684	-17.825392	-22.490991	-0.242586	-83.454776	-13.612221	-2.027925	-12.269694
62.310823	87.463752	9.328045	4.891669	179.161536	162.617748	14.625615	14.474663	60.808472	138.013700	-14.187369	7.639135	-154.488149	44.051076	-38.033207	4.556386	23.539976	13.893682	-5.694706	16.454550	53.397319	-14.586456	2.537719	-9.967934	-34.880827	-41.831126	-2.917940	-58.501681	72.138661	205.936057	14.635688	10.305355	110.368161	70.583004	16.084155	13.210456	-51.318754	49.459577	-29.438351	13.254940	-56.871548	54.922925	-23.901046	24.092405	67.985638	-38.162189	-9.017246	21.567677	62.364594	-9.554396	-3.525918	21.392057	-32.890368	-32.916948	-2.215781	-32.037365	28.483195	-2.278547	-19.743640	-1.165976	93.932725	-110.906739	-15.035003	4.068614	-1.985064	-42.733265	-34.919109	-9.744672	104.890132	-86.373043	-32.217540	9.789729	110.590713	-100.639473	-8.580660	-6.816250	-2.446848	-12.960899	-3.806971	20.142580	-35.647698	2.504810	-4.364896	62.333214	45.784921	-126.636326	-19.153337	-6.825897	92.277634	-65.636092	-23.844322	-8.597214	-40.690847	-37.148002	-61.544227	-7.735948	115.328180	-49.631046	-12.120653	-9.407042	59.432788	-28.504093	-6.901597	-14.483695	-71.790907	-8.503120	-13.340303	2.288060	10.460284	25.338196	-5.762664	65.342580	102.219211	7.529555	7.996301	-1.137464	4.249576	6.046014	-62.863673	-2.837795	-19.289620	11.599972	-35.028927	-1.491654	89.186580	1.513226	16.391383	-2.003793	-7.380560	-1.463556	-19.542694	1.476469	-56.609599	-2.162034	-16.981263	3.627997	9.400570	20.860903	-3.212192	14.098967	71.109002	8.550847	-24.431190	1.375494	-13.925952	24.460369	-45.724538	3.654197	38.267945	31.825635	-1.588485	-0.688997	56.543228	10.093280	10.215140	-1.186719	-37.182363	-1.720647	-40.591013	0.953206	-21.333348	-1.019661	-14.195591	1.292705	15.733823	3.755709	-0.352093	4.202514	80.139622	22.491926	-8.728598	8.907942	-1.477153	33.233748	-7.335191	20.021224	2.000568	6.241516	19.507469	-2.369468	7.212150	-38.448891	-29.571550	-3.036351	-49.812101	1.841949	-40.172390	-0.359358	-0.608722	2.808355	-4.504817	0.035206	2.692008	0.609738	0.293947	1.141156
3.529863	3.970755	1.050576	-0.004968	102.665024	14.625615	22.757106	1.344737	117.040259	21.467499	24.116403	2.918388	-76.188382	-3.127875	-14.847570	1.838370	-41.403051	-8.652924	-5.019006	-4.799133	8.197513	-9.263540	-1.356793	-14.337375	0.265424	-19.087466	-1.109821	-17.298228	9.468931	59.350456	12.419561	-0.185718	53.018313	10.945811	23.476921	1.856092	2.338973	20.044713	5.132999	3.779981	-39.083363	48.027169	-9.536098	15.488888	5.538231	-10.069411	-4.723469	14.371041	16.738924	-9.434037	-1.046046	3.262284	6.188734	-20.608199	-0.924836	-10.754135	23.384534	14.956769	8.778037	1.985876	44.509457	-44.958612	11.102376	2.054485	-19.441299	2.424793	-4.862557	-5.029477	6.895944	-17.870805	-13.701204	10.902212	46.336877	-33.493012	-3.697403	5.878062	-6.148115	-8.419637	-1.181064	1.840172	31.471605	-9.785118	-1.973337	26.023371	40.347330	-38.883983	6.552244	0.981393	47.205570	-28.705694	5.710441	-2.443133	-48.923053	-25.077456	-32.882310	-2.725849	19.422591	-28.493208	-10.012457	-3.495462	43.582428	-15.264628	-3.713941	-8.660994	-25.414632	-5.706274	-4.381171	-3.843550	50.271811	5.546440	-0.181964	25.262145	73.525175	23.914182	20.085974	1.324581	-7.617202	-7.145281	-24.056545	0.075044	-47.615431	-6.354764	-23.555537	-0.586951	21.571508	-2.321725	1.189325	-0.569868	22.619939	-3.086525	-6.263830	-1.220694	-25.759592	-1.843059	-6.889489	-1.058465	8.355755	3.777638	1.638758	4.955956	16.428667	26.986206	-10.945193	3.214947	-30.726874	-6.494116	-28.616599	5.938813	-21.991810	-0.007519	-7.616541	5.097660	21.313400	-2.614717	0.180567	1.474509	17.154760	-1.210988	-13.475865	0.137715	-17.081257	-1.879346	-6.520369	-0.201411	-6.162213	0.150566	-0.508924	-0.904025	-22.505697	-30.277521	-15.908161	3.276742	-26.098236	1.955184	-11.481193	14.904672	-14.713372	-3.607367	-0.795311	13.606414	10.839139	-15.790927	3.909910	9.518317	5.459977	-6.516237	-8.655295	0.070088	-7.632025	-2.705741	-5.198458	-0.010440	-6.585212	-0.997866	-0.306695	-0.871726
5.365970	3.511886	0.468903	0.643444	75.232315	14.474663	1.344737	15.228199	37.511941	4.637727	-6.887142	17.025516	-55.440307	-3.344207	-9.088438	-1.362801	-3.066875	-1.572207	-1.329093	2.155990	-13.805296	-5.921646	0.007973	-5.762061	-33.125231	-12.344696	-0.826208	-23.060216	2.191531	14.749950	0.494403	1.040759	30.365064	-3.821287	1.878836	4.610186	14.716164	10.313450	-3.811419	6.118220	-18.274472	10.041026	-2.251201	3.003620	16.215313	-7.627671	-1.757201	5.500414	4.623642	2.286510	-0.895187	4.668932	-29.907748	-1.995365	-0.543924	-15.513841	1.408349	33.604466	-1.520594	1.637384	13.975275	-5.702964	-1.459683	0.613250	8.373277	1.097043	-5.078234	-0.563368	11.560530	-5.118271	-3.408681	-1.219895	17.788339	-10.402960	-1.361286	-2.083511	-1.700524	4.591864	-0.526391	14.119757	-10.924903	4.172237	-1.058374	17.088441	6.528131	0.090034	-3.784432	0.223635	22.775864	-3.648810	-4.088569	0.244740	0.399506	-5.659873	-10.369620	-1.007392	17.772702	-3.868227	-2.321557	-2.710850	3.665390	0.449300	-2.257372	-4.223377	-9.774080	2.360900	-2.153756	5.932379	2.976947	11.871962	-1.602696	25.711653	3.963614	4.522053	1.166075	0.931091	14.436675	1.529190	-4.536480	0.654825	-3.298496	-1.839615	-5.392206	-0.377898	15.110109	-0.928391	0.183603	0.031896	-4.811327	0.166040	-8.501101	0.092367	-4.379584	1.561528	-3.462697	0.908835	2.132474	7.225786	-1.177392	9.236241	-4.801707	17.545372	0.439359	2.179218	-2.131900	5.079520	-3.657035	-0.887666	-4.873558	-2.166476	-2.205299	-1.518440	11.291605	-2.212843	-5.234012	-0.512191	-3.355134	-0.367792	-10.074278	-0.023662	-0.185943	0.693819	-1.466690	-0.012420	0.287848	-0.218417	-0.604329	2.162318	-14.612718	-4.210567	-6.173581	-0.309162	-9.011141	0.178380	-1.871236	-0.492791	-6.329147	-16.321860	2.220018	-4.152883	7.345899	-2.651248	-11.388777	1.458261	4.819953	6.610292	-4.310475	0.130658	1.654244	0.829791	0.130708	-0.009212	-3.182608	-0.697930	-0.145194	-0.629243
-23.156713	-21.920065	1.198718	-2.006672	1434.581182	60.808472	117.040259	37.511941	4309.199750	471.834351	241.292368	157.485248	254.257836	-37.634178	-191.594141	47.099485	-1315.113128	-225.189476	-153.975269	-229.051054	-459.333008	-61.600823	-39.999456	-485.232733	-352.345931	-177.724673	-4.079715	-522.355742	41.711403	690.584926	86.337013	-6.718478	503.041002	217.224339	301.963249	-7.803765	1091.624727	103.222420	156.676375	62.820606	-346.000037	767.818438	-223.144841	177.334500	-130.508150	44.410984	-87.537610	73.989534	348.966765	-67.841476	-5.702569	7.331480	10.233030	-272.026457	0.058634	-176.309392	262.691135	1154.072004	81.213827	1.431932	407.864517	-11.459569	194.425533	31.932055	81.700264	-47.299990	-38.951066	-31.439872	7.073086	147.776841	-321.932300	118.448016	699.537747	-366.649978	-60.792315	65.643368	-29.713166	-127.335955	-29.637314	58.601839	440.702292	-192.989372	-16.624004	528.600835	138.162964	-527.693151	-63.607544	-39.482094	792.334448	-382.107707	45.059572	-55.369099	-62.714330	-402.568533	-385.585484	-48.380057	149.538483	-450.702279	-204.842422	-77.371046	679.930910	-181.987092	-80.953829	-89.428388	-283.350100	-43.069281	-90.094505	-18.370702	609.170934	98.827432	-2.787665	427.256063	460.060806	-164.566449	49.467294	-9.443858	159.367839	-19.265670	-168.441813	-30.968952	-448.610834	-75.707128	-237.758394	-10.705541	128.623653	-38.980528	-56.227622	-10.308570	417.540787	9.502758	-179.119251	-0.135440	-209.387255	8.137227	-121.122649	-4.022530	119.553179	43.975292	-14.330651	117.059147	239.444367	212.825230	-81.707186	6.769980	-304.507692	-1.505400	-233.872488	-27.596145	-470.168137	-101.658816	-123.277809	-59.698875	105.429249	-84.538018	-128.733194	-11.625974	479.945173	-9.377830	-222.499906	5.021648	-96.336581	-17.872979	-75.655166	-2.094371	-0.823993	30.647513	-13.055477	-10.812077	-150.627398	-59.004316	-92.845387	12.975770	-454.911995	-128.652620	-125.563110	-43.503710	-656.110337	-373.150928	-77.090762	-204.318598	127.295665	-258.735024	-36.528782	53.230000	336.144476	14.633584	17.068261	17.375995	-20.510520	-55.754039	-57.243984	-0.904602	-126.074697	-12.118478	-2.830031	-40.468049
37.654741	63.227600	7.245051	2.203061	183.875558	138.013700	21.467499	4.637727	471.834351	332.239265	22.474391	14.602230	-2.881988	145.076850	-62.011596	19.968974	-167.685561	-19.799118	-33.883551	-20.695418	69.166323	3.141486	-8.986626	-35.892790	14.780212	-46.070946	-6.642390	-20.807979	70.852452	305.853611	30.833701	4.490720	76.279068	134.387291	58.040042	3.077054	44.379302	37.173262	6.003793	16.069884	-26.010617	151.013747	-55.410588	70.125122	34.116632	-31.302238	-27.453426	36.448705	25.984682	-33.114638	-5.361661	3.717417	10.016921	-63.474134	-3.369969	47.250657	55.389831	136.163574	-0.589670	3.282429	81.129147	-104.494255	7.600785	1.797255	-5.959798	-155.257878	-27.225040	-19.994354	132.256161	-162.788916	-72.932379	55.497281	223.468464	-183.915427	-27.662075	9.113668	-52.060937	-46.285172	-8.674205	-9.244118	-17.135131	-39.691547	-4.363308	102.578409	43.634245	-235.766913	-19.989376	-6.354634	136.581297	-126.268321	-17.718847	-15.406617	-27.275080	-98.164464	-97.132208	-15.456151	182.627825	-133.920369	-30.074936	-8.647626	175.476729	-72.291662	-9.043043	-23.491379	-146.838956	-22.543129	-27.741019	-23.141659	-26.900970	14.682096	-0.488867	53.172675	144.126599	6.539217	15.515083	-1.479218	-22.370624	24.796799	-76.750407	-7.041719	-83.360036	8.672266	-53.972229	-3.451777	158.225916	-1.263777	27.221482	-3.873479	52.476279	-3.814134	-29.460878	-3.575287	-131.434826	-9.711598	-38.642324	-3.563212	-34.284690	2.198827	-6.887275	-3.009856	92.255945	42.618355	-27.417310	4.725809	-107.045657	32.083525	-71.093828	5.970053	-33.544720	33.007547	-6.834822	-12.173510	109.481249	15.103814	20.385339	-5.719309	-0.745440	-4.321979	-69.262245	1.466858	-73.709708	-5.743361	-29.518999	0.356962	12.520278	-1.836754	-0.880541	-1.352681	105.778799	83.061759	21.639057	12.939476	-34.767592	40.617383	-8.547970	33.904525	-70.288814	80.074225	23.712355	-20.518681	9.797400	-50.199796	-32.508179	-15.653196	-46.926392	-27.484248	-74.026810	1.531439	-28.080816	-7.784311	-19.105561	-0.149664	-9.985927	0.765654	1.037624	-4.225086
-3.982141	0.887099	-0.029788	-0.217003	-1.433607	-14.187369	24.116403	-6.887142	241.292368	22.474391	115.107480	-15.390180	168.294912	43.086889	50.986894	-0.550690	-106.745876	-25.073240	-8.706814	-28.406078	-37.826535	-35.032009	-3.665636	-66.151190	22.733305	-37.756552	0.520589	-62.592616	3.736059	39.344203	13.553089	0.155527	-0.824238	30.202924	34.444248	-2.033496	34.127136	5.139429	60.069753	-4.415824	3.164900	40.025569	2.731711	18.571932	-8.513218	-22.474956	-12.328285	14.466653	41.886523	-19.477820	-0.215868	-4.933650	53.757917	-53.634734	1.914198	-46.141532	26.937614	-2.780739	7.713616	1.891568	28.802326	-37.204050	25.436985	2.701719	-28.515046	-3.550789	12.172731	-6.286669	-12.735900	-10.747526	-28.351253	23.397897	51.316542	-45.590212	-5.026003	14.290651	-2.974539	-22.935873	-3.032731	7.938395	80.039911	-23.163406	4.810638	58.852609	31.510312	-71.835569	0.525675	4.525932	51.572194	-47.511505	35.232173	-4.720301	-80.113715	-34.494841	-27.626968	-3.821207	4.828550	-21.731169	-15.213822	0.370471	80.717843	-8.019467	-0.550080	-6.617107	-46.107681	-13.154331	-9.783372	-3.365803	81.601472	8.541144	7.460827	71.824877	105.468076	3.234956	39.910372	1.738652	-20.091285	-18.418679	-3.920146	-2.991434	-108.903917	-11.913624	-34.328372	-2.663585	18.755377	-2.374383	5.975685	-1.153981	44.114352	-2.190418	-3.437248	-1.320138	-42.865986	-5.426224	-17.531203	-1.897006	26.694247	0.055162	6.101294	20.640478	72.525935	38.238354	3.023199	9.955722	-33.048535	-21.046475	-39.037075	11.264921	-57.730315	-7.320922	-14.521378	3.048933	27.565387	-8.413094	17.012734	0.320218	16.417757	-2.716506	-11.803253	0.304142	-35.187026	-4.071525	-15.249861	-0.771700	10.576868	1.794574	1.368294	-1.149812	-7.047187	-21.503759	-14.872484	11.110619	-16.281682	-6.833680	-19.475968	19.782727	-25.394502	6.546805	0.194592	18.529678	16.744934	-32.250624	19.154571	-5.132973	-12.174654	-31.471751	-13.574358	-0.461982	-21.804834	-6.213011	-12.728721	-0.097766	5.449899	2.635829	-0.315499	-4.195823
1.349156	-2.547726	0.288244	-0.155597	94.977717	7.639135	2.918388	17.025516	157.485248	14.602230	-15.390180	61.201779	-79.081208	-19.449005	-30.790495	28.049023	-55.315769	2.006147	-8.158764	-0.755766	-29.479434	10.084865	-3.511882	-9.170731	-7.898280	32.379482	-1.834879	-4.730232	0.185509	14.449032	-0.504002	-1.489777	24.194913	-10.920311	11.377858	1.825451	62.836610	-13.469438	0.018286	10.035463	-10.656633	27.716112	-11.122479	9.500999	8.977254	31.369138	2.052160	5.798867	-1.358557	5.534144	0.720759	-4.901134	-42.762667	5.028586	-0.354398	-14.074705	8.002821	67.239778	-0.355270	2.575062	-0.073422	7.095846	13.566959	-3.235433	18.124837	-25.725443	0.315625	-0.186290	4.687778	-4.988789	-0.550533	-8.389131	24.315531	16.167428	-0.997733	-2.069987	28.175947	13.041399	0.100056	11.145945	-33.973218	-2.344637	-2.386095	-11.867437	11.122355	6.854399	-5.376959	1.095402	7.570426	-16.394489	-8.043872	-1.860080	28.400468	-22.890106	-4.402869	-2.434685	-9.528845	-24.230182	-3.968895	-8.116681	-17.868848	-7.771337	-2.173655	-7.080303	40.407299	12.288538	4.247817	10.096433	-20.664484	15.745128	-1.443931	7.398760	-8.868211	-4.987510	-11.867997	0.481408	12.860654	-6.292161	-3.716462	0.434266	15.112034	-7.010660	10.090986	0.574417	-27.200465	-4.003758	-4.625601	-0.310253	-22.795042	-0.708805	-6.971021	0.247143	38.698555	6.690550	8.652402	1.304895	-14.674385	7.951381	-1.684574	6.827447	-20.199863	14.098511	0.212046	0.804780	4.883151	8.633584	10.767209	-0.846316	-0.841334	-1.461051	0.484960	-1.703530	-33.203149	-2.829335	-15.042379	-1.343861	-0.471043	-1.301351	0.788720	-0.155446	38.738475	4.974167	10.683216	-0.319145	-9.062891	-3.420224	-0.689856	-0.310027	-10.954281	8.424972	15.098249	-2.972890	-13.947695	-22.643815	4.566693	-2.426103	-20.791826	-62.580212	-8.943806	1.229087	-29.791849	12.217706	-26.521486	12.876716	35.580802	31.315568	21.273901	0.041725	21.485485	-1.184289	8.645127	-0.012432	-13.826007	-2.506118	-0.289814	-2.242109
-30.066698	35.878597	-1.053072	5.089839	-1080.909513	-154.488149	-76.188382	-55.440307	254.257836	-2.881988	168.294912	-79.081208	3421.538815	586.512223	464.363758	48.074994	391.039518	76.029027	94.251111	-144.845478	-1149.885900	-197.252717	-3.903046	-612.501328	-483.367322	-207.612349	17.331704	-495.402869	18.506330	356.802828	6.866554	33.421019	-899.663250	569.366058	-71.811390	-3.764808	-361.161317	55.374175	209.345724	-77.866788	1173.596579	-295.522584	242.531528	19.841133	231.943919	1.547386	10.413912	-35.588473	71.661772	53.137465	19.117054	-71.329412	-59.442413	-55.491985	22.720621	-204.223080	7.278216	-108.629089	-79.677669	-30.086596	-481.639985	533.279911	-83.225642	-3.849699	-38.122754	-169.036910	76.841848	-6.253795	258.486064	-586.593258	46.432562	61.319998	-47.255173	-121.482875	-25.671322	93.758437	35.929255	-17.544752	-16.289566	69.385307	94.165901	28.617146	21.326706	243.939560	-314.693841	-753.800471	-160.593143	-45.872488	-527.262839	-141.616513	66.496298	-53.041059	258.155135	0.557521	307.162249	6.053261	21.755435	-72.018044	80.901953	48.531493	-28.616237	46.649863	4.246700	103.076071	-44.443580	40.198515	-21.633863	25.274887	173.351791	116.423135	46.655926	211.716351	-363.310341	-170.153068	68.498822	-1.499287	-472.580624	111.297313	384.785741	-10.149715	-27.938851	128.142386	259.623169	-2.740235	-52.215505	47.325344	29.243426	0.909739	-2.121938	47.480894	3.855280	5.828934	28.324262	-4.716680	-30.948112	-8.635719	203.105702	38.095464	33.606623	31.541343	47.727866	171.225574	346.974337	-3.898217	-175.019641	53.192722	210.736259	0.511096	-1.933095	36.044203	74.642212	-16.002371	-105.211845	74.799400	68.711977	-11.151599	-101.549335	34.175106	27.031510	0.405926	7.517407	12.547255	9.445344	-3.887897	133.285384	34.247246	23.268135	-25.251561	345.742545	637.352109	277.078382	49.973415	116.212663	284.431585	125.374885	39.219932	90.662206	517.951819	152.165176	48.744352	-295.168357	250.519640	12.804753	-93.763396	-236.238600	-26.752482	-1.439737	-8.281658	-0.940440	-1.257522	2.028987	-0.869629	96.411954	29.862275	4.271143	-31.497170
25.477064	65.298799	3.880862	5.181711	-158.831793	44.051076	-3.127875	-3.344207	-37.634178	145.076850	43.086889	-19.449005	586.512223	346.866875	88.641533	16.588391	102.828801	88.749319	18.936682	-30.965874	-113.193769	-41.036069	-1.992539	-115.505502	53.882915	-45.346801	-3.168620	-43.111622	44.971316	220.266774	15.897115	16.843994	-180.876711	214.215753	4.858033	11.228316	-203.123601	65.975317	57.617216	-11.330597	229.015765	-6.909259	62.196657	26.972191	153.178855	-27.724717	-1.416350	35.435795	11.627408	-8.607247	0.594609	-39.721614	22.989884	-12.363759	-0.386933	30.231349	30.106663	-118.777036	-30.592640	-4.461778	-50.154759	22.834874	-22.378660	3.468230	-25.387932	-153.879022	0.223715	-18.721885	136.299797	-337.845079	-19.961743	17.024413	109.105686	-152.303962	-15.039991	-3.014879	-11.371161	-0.723116	-3.113612	-13.833610	-41.499089	30.178279	1.093490	38.501876	-21.902965	-376.465993	-48.091183	-10.666230	-47.399481	-113.858862	14.378642	-15.637880	-26.055986	-39.419058	12.142026	-6.247885	91.586052	-37.859037	9.527339	10.775880	-10.067889	9.006949	6.654377	13.653785	-72.525002	18.905102	-10.238853	-7.916807	-53.612263	26.860817	8.701213	-3.134106	41.705369	29.052828	64.571785	4.661862	-158.816010	43.504454	47.916667	0.605653	-91.533910	41.030486	16.923971	-2.686663	64.127033	18.139229	24.440622	-0.687118	-37.574211	7.683622	-3.496050	0.392126	-37.826323	-6.046048	-17.337449	-1.492568	4.253669	-7.447951	9.915488	-11.700627	106.224999	121.076758	87.025072	4.280003	-108.794307	26.946770	-14.013855	13.312123	-4.661400	56.566229	6.749089	8.655179	21.049135	63.027486	23.088822	-2.077706	-85.217150	17.876233	-31.112170	0.529570	-18.442881	6.184342	3.230439	-0.660902	37.160501	3.717360	11.444058	-4.042209	218.195412	256.975406	93.609648	25.086596	28.339876	121.450918	12.434055	57.688864	0.528853	242.294970	18.583759	62.894440	-117.354789	121.003784	-81.107031	-13.544977	-106.074401	21.990235	-60.126797	-1.263184	0.017445	9.583010	5.002702	-0.225299	24.039782	8.801137	3.531563	-5.455923
-5.833991	-3.165676	-1.016761	0.186133	-198.726288	-38.033207	-14.847570	-9.088438	-191.594141	-62.011596	50.986894	-30.790495	464.363758	88.641533	175.864515	-8.659204	117.016305	30.753578	65.403385	-29.556826	-192.031548	-36.936255	4.999785	-105.141165	-33.956155	-6.160870	1.593858	-68.582514	-10.865260	-40.237318	-3.754980	3.940437	-149.617879	39.551449	-24.757578	1.184500	-94.791305	-15.102036	50.680636	-17.463530	198.607320	-113.334313	89.802670	-20.211690	33.604227	-15.841243	14.998505	-24.388558	-9.055987	5.435380	5.590289	-40.190748	16.548734	9.932291	4.357870	-62.975289	-20.455003	-98.459139	-21.167260	-1.648208	-90.053618	71.364993	-20.371671	1.586372	-28.695646	7.666895	28.074748	-0.601426	5.729861	-63.318349	26.356802	7.186329	-81.675339	20.879711	2.424274	2.393385	14.676215	8.396723	-0.706262	0.635820	8.050420	27.846704	9.368587	-14.763734	-40.785538	-54.481865	-15.784993	-4.179034	-96.541742	11.631516	30.448023	-6.354998	-12.134218	32.095958	63.504533	3.895980	-56.690597	46.739706	21.812424	16.411142	-57.058041	42.925408	9.122751	37.448255	14.782574	12.880634	3.687360	6.671268	4.646837	13.929979	8.808778	23.260235	-39.598761	4.028389	31.428833	0.445550	-95.170164	-0.418322	78.310111	-3.459616	-36.036332	10.055989	38.516365	-2.476371	-54.152059	7.259440	-1.298424	0.663064	-6.330224	5.429832	13.517139	2.253029	28.214680	-2.108367	1.968535	-2.109014	38.092897	-0.627868	6.667619	11.884405	22.904801	47.093793	54.097392	0.375336	-31.006312	1.434068	33.245565	5.982624	-21.964718	11.986192	10.528064	2.153111	-50.241223	9.790648	18.825474	-0.842296	-22.313935	8.114541	23.416107	-0.318211	11.937514	4.346056	6.677906	-1.064835	14.547150	1.269887	6.993335	-2.744307	47.795677	63.433732	26.772410	2.433339	50.425372	37.650639	23.418375	9.730578	40.925535	108.961382	22.702700	38.520119	-70.438804	72.276632	26.066525	-14.150469	-42.732139	-3.532487	19.758862	-2.892163	0.688250	2.794742	5.335799	-0.115004	3.768130	2.685894	0.476749	-4.999551
1.890103	6.011660	1.264784	-0.372402	-27.119391	4.556386	1.838370	-1.362801	47.099485	19.968974	-0.550690	28.049023	48.074994	16.588391	-8.659204	43.078477	-16.388856	13.553916	-3.615087	7.099467	-22.659781	8.328109	-2.290659	-10.660036	-15.211614	6.820308	-1.001232	-3.569131	6.706108	23.222504	4.387552	-0.208200	-32.571933	11.901431	9.242306	-0.453195	-26.051563	-20.677135	9.478035	-0.068514	28.951323	-5.145752	0.035283	14.797632	26.903663	23.229733	2.345559	15.188948	7.778605	2.951808	1.352543	2.154624	-35.420194	-10.967655	0.453535	-0.322748	5.910764	-25.072216	5.363559	1.306914	-20.992278	-20.426176	17.072135	-3.832957	-11.252178	-46.430269	2.431712	-3.885147	20.655182	-65.241623	1.074863	-5.267534	23.977202	-9.824339	-2.303246	-2.757664	29.618194	2.019186	-0.070383	9.601610	-38.178988	-3.326183	-1.084767	-10.730591	10.107657	-14.729193	4.260335	3.769998	-34.734167	-22.310701	-0.389971	-0.462279	-1.635402	-17.880488	6.325349	-2.206669	7.666305	-15.292148	6.236118	-5.580557	-16.703272	-9.710528	0.054380	-6.933581	33.239677	2.074821	2.867555	5.994257	-9.316133	8.552748	1.089118	7.791232	1.760858	1.701379	-2.309693	1.799681	-23.814358	-4.717690	1.013898	3.322467	9.372119	1.670933	16.527357	0.997969	-5.470305	-0.256102	7.570898	-0.273703	-19.740985	-0.988811	4.490162	-0.700753	19.866547	-0.150081	5.645997	0.395543	2.869505	10.537138	0.585562	11.637448	1.190694	0.362430	11.457127	-0.862121	8.392434	-1.279020	9.175841	3.785311	26.602400	6.505692	8.335323	2.494693	-13.247494	3.700944	4.431665	-1.332629	-14.688846	-2.647490	3.410966	-0.157632	18.688652	-0.630811	6.252142	-0.309932	-5.393712	-1.620344	0.060888	-0.504067	30.383863	40.153344	33.819899	1.397838	15.496231	13.503799	10.808606	15.532286	11.694904	21.322126	2.265987	22.262405	-44.958733	20.665690	-12.474919	2.041673	-2.766386	8.159745	5.860821	-0.356434	12.994151	-2.664392	5.262705	0.007830	-8.861665	-1.056601	0.317084	-1.259869
29.220539	53.658952	1.799943	6.802877	-416.150691	23.539976	-41.403051	-3.066875	-1315.113128	-167.685561	-106.745876	-55.315769	391.039518	102.828801	117.016305	-16.388856	1361.636051	214.923075	115.654941	250.692237	45.651865	-23.079158	7.603240	132.467912	-641.610436	-208.890356	-10.044441	-338.924895	28.037548	42.001242	-11.503023	21.730410	-205.320557	117.661305	-124.723124	26.817059	-505.389246	55.651553	-106.328246	-11.545475	291.321035	-436.643093	95.147559	-65.169118	346.708484	-240.757826	41.451914	50.325452	153.015063	40.115981	10.737505	242.169053	-410.722350	2.864183	1.192527	-142.686925	-43.668921	-444.522713	-49.124214	-7.604282	-150.356587	-20.216116	-137.600804	-8.832402	-102.957265	100.761337	-85.229927	-0.498013	162.376517	-285.242691	36.900811	12.099182	-287.151666	-58.941809	-9.285555	-19.591424	16.844253	75.577012	0.609077	174.497642	-213.426937	135.934315	8.253489	138.842378	-2.644146	13.321608	-4.597381	-4.067996	-262.663805	42.539632	-52.824649	2.127895	-25.848728	162.979454	81.199672	8.435083	160.593561	234.814846	90.795267	60.995914	-337.286256	123.444146	-14.009046	76.147274	-42.612366	56.724050	0.256198	93.881699	64.640217	83.186222	6.458910	181.312942	-158.155294	133.611886	-27.246342	6.344786	-36.532863	29.416280	6.015280	23.541790	211.681725	65.674329	93.109445	8.154988	184.172738	21.549872	62.372235	5.709588	-237.857661	2.246569	-10.265385	16.847441	-17.598814	6.330924	3.575474	39.560043	249.256508	72.662857	16.882028	110.938588	-119.524252	-142.122232	-10.616999	-1.581404	228.500387	-13.366311	47.023729	31.003525	257.461397	58.531938	77.119081	38.135720	95.306139	38.782748	33.565615	2.775403	-272.410686	12.584724	-45.464289	-0.184168	25.412065	12.751795	17.637323	9.451355	109.977674	38.257620	10.942749	67.273579	423.761370	54.072724	80.386800	34.483869	375.466597	248.311725	120.059973	80.405907	238.899660	301.581505	140.922627	92.485018	-140.345601	117.974101	-53.949376	-5.441255	-258.666924	71.032771	-99.134517	-10.334542	34.553834	28.646104	31.389743	1.465188	170.287634	11.536830	1.421341	62.814841
8.361696	22.708506	0.999563	1.867677	-88.249492	13.893682	-8.652924	-1.572207	-225.189476	-19.799118	-25.073240	2.006147	76.029027	88.749319	30.753578	13.553916	214.923075	188.194312	38.941109	56.493114	-78.796597	85.057484	5.190582	-3.009214	-56.786518	27.238220	-1.437158	-59.510975	7.782236	4.518104	-3.100757	6.107787	-59.798436	58.005706	-17.850976	13.507777	-126.382036	10.974384	-7.841117	3.247758	54.949162	-59.942734	45.190672	-21.055929	110.907604	3.033538	23.243942	4.951482	25.396561	46.087894	6.465544	-4.162877	-97.942449	75.434884	4.101826	-5.395434	-17.081153	-214.109027	-33.595983	-8.680579	-24.864249	-54.096237	-26.410527	1.254536	17.722562	-38.771275	-14.094227	-0.085399	37.740544	-131.995004	24.701886	-26.095932	-8.074012	11.277656	13.118225	-42.606831	61.457950	46.094119	6.341767	0.405382	-135.508229	44.040205	0.835566	-32.740468	-17.277003	-88.875765	-33.423610	-6.434492	-54.769714	-28.924037	-7.971199	0.147886	-16.052510	15.442138	37.607214	-0.106153	-29.548282	35.112695	27.235663	3.198971	-124.965937	32.076446	5.824741	7.680931	70.398258	25.951427	11.720074	18.637663	-56.740182	9.511154	0.545001	-33.820243	-22.178168	48.063926	8.334942	4.622596	-43.525938	10.892963	19.292394	11.966672	12.115668	16.362465	25.275414	7.385679	-49.365866	7.964241	-1.840648	1.255612	-97.874749	0.655948	-5.005349	7.097789	84.817467	2.415710	19.178421	6.038958	31.960528	9.027024	5.551580	-1.383796	4.250711	44.139073	42.664788	-0.314043	-7.780809	15.110420	13.720107	24.261938	44.167899	40.868611	4.942945	40.261966	-64.610998	40.726812	-17.632936	9.204747	-77.622347	11.809144	3.542707	0.478880	80.942669	8.663254	26.083479	0.515937	14.859057	11.281694	4.901873	-1.483436	150.691543	121.626502	80.371986	8.158405	-13.302762	29.921224	17.107176	24.672319	-11.127906	62.184361	-22.890466	52.053261	-110.233756	127.305703	-86.707781	30.559989	-48.297622	89.940242	12.366297	0.254306	48.818548	18.142979	32.651531	-0.032139	-4.024974	0.193286	2.042285	-0.412772
3.888647	-0.846664	0.370501	0.076292	-54.178436	-5.694706	-5.019006	-1.329093	-153.975269	-33.883551	-8.706814	-8.158764	94.251111	18.936682	65.403385	-3.615087	115.654941	38.941109	56.184184	-3.114207	-74.075336	-10.366293	7.233820	-38.403387	-40.524481	-3.846873	-0.988427	-34.296180	-1.407325	-20.710542	-2.654609	1.051100	-49.056806	13.809188	-14.823703	4.241619	-74.441360	-1.007917	3.393601	-4.195660	73.554905	-53.885430	47.671274	-12.296733	35.048948	-9.260922	18.842450	-11.716853	-16.777108	5.274951	4.851922	-19.715276	-30.640231	11.132949	1.837320	-20.430398	-11.382025	-83.845719	-12.584655	-3.633385	-36.428102	12.150885	-13.956762	0.814758	-17.441671	11.910243	7.018287	-0.205169	10.719925	-44.892350	23.230825	-5.744339	-38.613649	18.783337	1.957669	-4.710100	13.861923	9.412770	0.843319	2.321651	-15.127781	21.370495	3.214269	-5.141669	-7.237801	-11.465581	-2.591143	-5.372889	-52.927634	14.048860	7.213224	-3.512822	-10.621448	18.268673	31.778055	1.984885	-18.254731	18.349902	15.636991	4.564196	-45.673710	16.563052	3.060162	12.311731	24.448973	6.715181	5.358081	3.699184	-10.303380	12.676045	1.786035	-1.936983	-25.391059	21.159250	7.489761	-0.335239	-43.628466	-0.503579	27.982386	-0.616349	5.155244	4.657402	25.447756	0.006182	-21.168869	2.976617	0.472982	0.955330	-16.152460	-0.065377	9.671179	0.944803	19.362595	-1.149360	6.338467	-1.769187	8.963137	2.003480	0.414443	0.910689	-19.510210	34.284986	20.202745	-0.647859	-15.244708	10.557208	21.023834	11.162929	-1.078530	14.890601	10.680494	7.172137	-20.890532	6.400904	4.081204	1.193878	-10.796251	2.052407	9.067270	-0.169538	12.643488	0.896479	5.673113	-0.412098	-2.491118	-0.933136	1.517525	-1.931709	34.874324	35.586409	22.835128	-0.833402	23.559237	31.980800	19.641365	18.203586	12.455512	53.145465	10.629192	29.872620	-33.613285	41.087211	-2.709005	2.774390	-9.704202	14.379743	1.278524	-1.346088	9.080235	1.899069	6.563972	-0.014700	-9.038732	-1.281178	0.223326	-1.442077
12.291477	5.703586	1.154824	-0.212289	-39.575690	16.454550	-4.799133	2.155990	-229.051054	-20.695418	-28.406078	-0.755766	-144.845478	-30.965874	-29.556826	7.099467	250.692237	56.493114	-3.114207	144.653054	33.029097	24.224133	1.408043	111.814912	-188.862585	-44.761435	-3.591095	-81.067580	5.989990	-42.423802	-5.450209	-1.780102	7.812532	-50.746936	-19.527810	4.144258	-74.446492	-35.245187	-36.580628	2.035826	-60.942833	-72.499268	-24.453041	-10.290943	38.671153	-48.151429	-5.240948	47.560666	43.387694	13.754513	2.632510	121.415147	-170.768921	5.205056	0.592865	-60.814108	-16.418632	-67.853633	-14.298597	4.108265	-6.105710	-85.585400	-18.409564	-1.897726	-31.506392	11.873870	-27.327062	-0.241052	9.658164	1.788185	-9.710283	-5.886345	-58.685843	-3.408396	-2.043863	-15.285543	-1.332417	19.251189	2.018872	79.144133	-133.554125	11.888367	-2.175117	42.062044	29.111413	132.629115	6.321767	13.061807	0.108295	26.780313	-24.209754	10.992034	-30.192493	47.684744	-23.875008	1.020447	36.380303	76.630526	7.997286	7.801988	-91.714543	22.636736	-2.043433	8.143657	-16.868712	6.279722	0.750773	33.891852	19.155567	18.498057	-5.406051	99.189352	-5.190660	49.320212	-24.657263	4.602144	72.713863	-5.081831	-57.443330	14.147827	66.308268	-1.669582	-25.614256	4.896833	55.346374	-1.376732	9.434033	0.163241	-59.199407	-3.941695	-4.030585	3.299955	-20.818219	0.536674	4.632675	8.277268	66.143345	33.626492	0.176407	45.573898	-33.202128	-79.342820	-46.109006	0.035674	95.157750	-16.994100	-26.476483	10.437756	86.751702	2.810136	4.237381	14.256896	46.224918	-4.149839	5.448543	2.638844	-62.627388	-4.484188	-6.530662	-0.228250	-2.523287	1.053214	2.907686	0.877912	13.109513	13.353952	0.143510	10.570981	35.207756	-67.337764	-25.210884	3.741679	90.944430	58.691087	7.878996	19.737324	19.494242	63.089088	15.134173	18.051553	-18.276752	-9.469682	7.564559	10.892203	-60.301162	1.074694	-12.888549	-2.029203	-0.190101	3.683464	4.827586	0.190826	10.411629	-0.710587	0.032761	7.505637
