6791.328449	2706.197194	97.730362	415.963425	-348.612356	-375.213639	-2.208330	-153.883396	-2012.848632	-581.965515	-25.799075	-308.460295	-521.825301	-28.278380	-77.740525	-46.480840	-585.655814	-41.918161	-363.563286	-12.737360	-849.893408	-427.897346	-533.974975	-12.226216	-1147.616610	-838.621362	-425.857199	-10.284641	3693.049664	-211.190005	45.533915	7.524559	218.961192	-257.108848	16.622009	-135.022139	-1743.959280	-222.988056	49.499759	-281.552868	-647.033828	132.229559	-8.886720	-61.596411	-306.811163	296.317594	-390.576925	20.786669	-198.849042	65.655467	-525.931209	10.164124	-143.455024	-159.223199	-271.123998	37.171380	2559.923303	444.281840	42.701491	162.094250	400.830347	262.295339	75.182667	56.888299	-1313.786019	137.695014	252.411162	-327.879118	-567.540538	53.507511	10.263631	-144.468923	-186.780082	173.144302	-258.146079	33.553428	-16.736510	259.516772	-109.143453	2.289164	33.247106	146.228085	-12.660430	36.433180	1445.158736	474.254210	-4.556917	200.696219	408.284305	261.051099	-124.023373	175.592211	-461.539599	81.538539	-23.331658	-59.914966	-342.160022	111.190359	-0.992262	-71.286712	-112.805644	227.359041	32.667571	6.343179	4.979854	128.551764	71.417875	6.796556	-4.263908	63.379949	18.322397	-1.410848	632.531873	-424.038802	-206.607537	45.324131	233.405378	-231.507879	-280.369981	80.620152	18.730586	41.648124	-85.139842	27.934510	-172.490690	65.030243	20.833669	-8.138976	-58.823350	28.583751	12.023659	1.321464	-3.168786	-37.945895	-21.849663	0.001520	-52.687183	-171.133462	-28.854518	-2.751820	218.960966	-626.210550	-141.930352	-116.474088	275.799103	-23.577567	38.035678	-23.970530	-20.122755	-102.622612	29.810236	13.796903	-120.486712	-284.078103	-24.633970	4.353480	-51.454120	-280.096781	-35.797260	-15.137456	-30.660649	-264.660704	-63.969137	-10.543356	-111.581522	-223.190397	-39.209621	-72.857505	220.620610	-82.793243	12.899272	-0.125677	194.335707	275.850274	36.373115	99.657768	-36.956886	409.399028	12.542132	106.998682	-25.632083	479.579586	-8.525432	-31.374102	-43.846882	523.085116	-31.369092	-37.080463	-113.824578	566.287603	21.906089	-34.544063	41.450852	995.409201	182.105741	-30.388890
2706.197194	5324.082272	43.721310	922.630160	-954.755992	435.785765	-20.779219	314.757461	-1604.766679	-333.442393	-28.831410	-126.189940	-360.832263	-34.624347	-27.005777	-30.555251	79.670788	31.682942	97.085660	4.368823	363.489673	1.858085	45.308168	26.783960	-73.370191	-321.792062	-183.310794	31.116959	590.586284	472.395199	-18.094073	264.899424	-123.257432	508.743306	-15.116855	485.233351	-901.917795	211.652181	-55.346004	262.984283	-291.270380	24.874009	9.323931	12.342200	202.026326	-39.162659	169.772726	8.434951	119.556512	-103.950420	-107.681098	-11.462631	-66.920064	-132.798305	-125.076417	23.565012	-138.257329	-217.830667	-29.153479	-46.838867	-101.835004	94.581835	-75.002217	215.565685	-397.274046	13.810865	-42.394206	200.132736	-64.978312	-278.962786	179.184128	-14.200171	73.421334	-313.099370	70.553056	-20.911140	-8.007775	-158.706903	-48.976950	-20.147938	-52.074425	-1.986201	-9.882052	18.480961	-203.102994	-390.976441	-134.603598	-52.166144	14.531026	-466.177550	-257.281393	16.791016	315.093449	-415.377853	33.079928	35.202450	103.050127	-243.323447	219.094383	-13.490091	-36.537450	-175.168663	68.269268	-1.133001	-23.248005	-89.041242	-16.340707	-5.652442	-19.481534	-3.228699	6.251832	-3.329966	-619.674210	-1017.629103	-446.990407	1.652474	510.788292	-521.511222	-314.051857	7.488378	844.895905	-145.865375	137.389603	9.244294	93.757635	-32.684663	124.845163	9.378464	-50.560312	-9.906045	4.627572	4.934735	2.696830	16.562750	11.624020	0.013027	29.201359	87.516299	44.223397	8.671487	-1274.697751	-1160.644102	-268.503477	-235.579485	749.538115	-283.981051	-35.559537	15.591698	887.528743	-5.656726	71.939420	243.253130	8.380289	-13.177439	-1.192450	105.005827	-13.154669	-88.356561	-14.318239	25.318073	40.338837	-139.552081	6.119106	8.654356	-74.870637	-207.417004	54.523995	2.288490	-978.279243	-1514.938128	-9.222523	-514.874200	287.421024	-1490.882499	2.430835	-146.216013	556.478499	-1138.554323	-3.053691	489.122085	110.193389	-229.940355	-23.108116	297.037027	40.235777	99.948574	-62.923863	113.252286	34.637135	205.368962	-64.910090	39.552050	-74.231895	510.778006	-44.240200	53.490251
97.730362	43.721310	54.173826	-11.491062	9.813183	29.272920	11.385833	-7.951117	-42.028951	-7.037480	-0.554364	-7.655271	-9.463132	-3.384090	-2.339349	-1.104944	-3.958017	-10.318261	-6.560586	0.478004	-24.699510	-19.665542	-16.061803	0.595003	-45.520491	-39.335238	-16.053829	-0.651279	147.596773	1.620444	11.167171	-4.663790	-38.330931	-22.976819	2.161869	-10.151414	-57.552408	-20.434543	-3.813243	-6.768916	-12.623535	-14.641535	-9.212566	-0.997674	0.345788	-21.069851	-9.443863	-0.204509	-3.586842	-26.529437	-22.743922	-0.952447	-16.345130	-12.761162	-13.222087	1.901258	112.476201	54.048312	0.604187	17.976623	-34.691844	18.524360	-1.618893	6.443392	-45.886443	-0.197974	2.545517	-4.359025	-8.918077	7.706340	1.672226	-2.094431	1.778033	2.392979	-10.044851	4.437779	4.735647	-7.543626	-16.571452	1.134093	0.461309	16.034950	1.950500	1.615827	25.238290	44.655482	-1.729404	18.486768	-1.007950	40.435880	-1.266446	15.576531	-18.520615	15.797401	6.098532	2.662620	-6.131252	6.448856	3.923254	-2.224429	-3.769604	15.762536	-3.227475	0.656232	2.315570	18.537016	2.436678	0.911436	5.538748	20.366588	5.567586	0.364438	-18.830455	6.524840	2.113682	5.310000	-1.892585	3.116338	-1.795421	3.727318	-4.702066	-1.286362	5.929162	1.498258	-5.272356	8.798645	4.506962	0.210467	-2.714637	10.839028	3.470552	0.206317	-0.071289	6.874963	2.393520	0.000437	1.381285	9.075210	9.091833	-1.522965	5.839358	-11.654432	0.504523	-4.196276	3.801471	-6.535302	4.705662	-5.351358	-3.791662	-19.447967	4.568222	1.595678	-2.764603	-18.649232	1.881883	1.368469	-0.383435	-11.264556	2.295021	0.148142	4.144931	3.813690	3.540738	0.734020	-8.967598	10.058517	12.992425	-3.547267	42.931138	16.944020	0.115042	5.625791	-1.234695	26.510096	1.681436	-0.237028	-4.085113	8.615640	4.713830	8.314332	1.573568	-7.873604	6.131518	-0.971952	11.872777	-17.582582	4.471626	-3.708850	9.924320	-34.391626	2.669722	-1.692365	-37.613891	-83.041326	7.207324	-3.376941
415.963425	922.630160	-11.491062	333.948184	-319.093812	-36.912517	-12.429102	100.595033	-348.981270	-94.477048	-5.211401	-26.364155	-53.096131	-7.414178	1.216638	-6.808312	50.511813	21.417333	37.093020	5.205002	98.174428	19.788429	40.024444	12.870902	18.297818	-46.459288	-11.805109	8.792034	-44.835575	95.574089	-11.687446	110.977682	-10.796958	113.009805	-5.929238	180.594317	-199.277561	34.024424	-9.933389	91.190659	-39.980486	-8.464124	22.605297	10.091417	76.085006	-11.454470	82.193878	5.260182	37.250963	-14.817909	24.015818	-0.240429	-2.214653	-38.377711	-12.515377	0.037563	-169.429889	-96.556565	-7.064312	-17.072325	-1.541968	10.754772	-13.972043	90.527933	-63.964143	-5.851611	-4.402635	106.457628	19.774971	-84.393633	58.758337	22.876185	46.742859	-106.284343	60.902443	-8.039862	-13.074316	-72.057750	-10.815814	-5.639403	-20.849981	-50.244597	-8.066528	-1.916631	-115.205572	-126.626863	-20.531225	-26.770396	-28.891356	-129.500020	-37.096545	1.462698	67.459890	-120.628665	20.449467	20.070742	56.152413	-98.494474	73.872494	3.956059	13.933515	-95.363662	5.133304	-0.672152	-10.452176	-59.463016	-17.583340	-1.846054	-11.571732	-32.528212	-7.592282	-1.347769	-145.173048	-219.904892	-84.741638	-4.298881	59.208953	-133.305878	-42.899786	-1.285193	174.595467	-60.876772	55.918055	1.765898	44.464590	-32.946518	33.871999	1.709459	-4.112464	-15.756109	-2.852869	1.013629	0.948804	5.331369	1.372819	0.002859	7.000414	40.476735	3.427059	5.650746	-284.639043	-250.520122	-58.900336	-35.696695	133.542488	-81.892509	-6.904708	2.862823	183.745676	12.634772	25.591431	52.597119	18.357473	49.867783	5.532467	26.776503	-4.189679	59.629146	4.015484	6.179345	2.104714	45.646866	13.228140	1.974870	-5.672627	43.964655	34.376560	18.939795	-263.484351	-361.771715	-2.257599	-109.710317	62.454647	-357.336429	-1.786718	-29.191149	103.369441	-296.274516	-1.956498	100.598461	7.158069	-115.205682	8.176260	65.492033	1.678275	-68.847000	11.851869	22.139335	-4.344364	-24.682280	3.128611	6.352522	-27.355397	37.393378	9.530583	29.408529
-348.612356	-954.755992	9.813183	-319.093812	2264.473565	676.563264	27.635345	107.867177	1132.954749	260.214633	-6.442323	100.164885	-87.770113	-13.478265	-88.824285	0.158431	-543.321655	-162.207515	-345.008748	-13.961552	-722.522776	-287.940555	-390.156869	-15.190800	-678.892441	-328.504990	-223.339187	-14.701531	-469.635225	-1078.103308	15.079819	-418.283763	1066.469212	-353.140539	6.179686	-250.202560	933.030200	-82.801139	-52.162236	-75.941816	-86.758599	-57.496780	-211.250203	-12.990354	-371.056390	179.467594	-255.155117	-5.850580	-80.484614	329.136882	-9.459753	6.101876	147.760257	248.967054	42.952500	-0.701418	-114.564562	-419.611774	6.970699	-218.905697	566.354279	-425.878746	-24.485548	-290.450267	640.045286	-189.192955	-101.840797	-108.261857	-175.151911	230.999801	-25.396545	-20.707036	-227.347555	527.160380	144.785807	10.956464	-7.653486	442.329484	208.275075	4.762252	113.782995	268.756237	107.101126	-7.215599	62.266891	167.574916	35.161201	-19.116130	252.951615	168.011761	102.549878	-65.897348	-6.699034	199.318121	36.116789	-42.860917	-238.431714	377.501744	94.046987	-7.216383	-124.378270	303.484923	109.497121	5.481411	6.141566	165.071047	60.107342	2.516796	24.174381	54.439954	13.804297	2.276232	342.068188	747.195988	222.172728	8.737220	-34.976383	420.440121	178.938982	-0.458191	-393.533144	218.254777	9.097425	-18.989838	-256.195252	76.477029	-67.216479	-8.828254	-48.942443	17.586474	-13.460625	-1.061819	-3.416877	-42.884580	-15.000020	-0.000149	-52.022198	-167.983465	-58.342544	-11.105165	750.969012	780.610373	145.374031	95.128182	-137.194263	285.418948	45.445558	22.022823	-443.019492	21.334028	-58.214504	-81.299402	-181.471026	-104.803688	-48.230194	-65.003710	-42.304750	-147.319948	-40.458876	-17.749578	-36.939200	-165.628861	-32.840202	-1.176767	-67.887945	-58.856474	-54.132245	-42.941918	539.078914	962.331597	1.536751	272.567310	-140.553935	865.631407	-3.812655	196.160083	-307.796918	876.923157	-11.916724	-116.783863	-143.971875	575.825729	-46.408796	-168.726779	-96.882560	427.482999	-32.540470	-68.894024	-46.509461	329.756975	49.253838	-9.440952	-44.103664	397.243302	146.674269	-35.258677
-375.213639	435.785765	29.272920	-36.912517	676.563264	971.958906	31.439358	196.346358	452.541282	268.254921	-7.418888	105.463098	-50.024989	0.444206	-39.127007	1.586529	-144.213814	-25.856807	-88.029318	-6.997140	-123.545099	-12.154695	-91.138446	-9.648205	-130.571892	-15.212888	-70.944971	-2.568294	-630.046080	-346.337726	8.107448	-173.166278	220.400496	37.056029	-3.340411	4.938450	524.119170	117.024730	-51.391995	144.461242	34.904830	-7.191169	-114.263620	22.156322	-80.752724	19.271296	-80.900554	-3.060975	16.804196	122.712275	-17.417827	-4.281609	52.072562	220.314900	15.451450	0.424073	-441.276476	-293.339869	-12.315386	-137.232232	-5.834152	-248.387976	-35.454042	-155.477699	374.790544	-145.094428	-109.740570	25.253976	30.848413	81.073264	-56.702599	28.645582	-61.695461	212.037718	60.843247	-4.085390	17.281368	192.684502	62.432425	-0.306145	41.073512	212.181946	31.208929	1.086158	-197.588473	-59.733945	-19.743924	-48.469944	12.217964	-66.013659	-4.227003	-70.939074	110.065225	-32.327730	26.282874	-23.296024	-27.198893	136.257741	57.183627	2.322367	-53.811682	129.852506	41.787156	0.763192	-3.261100	80.496821	23.405020	0.892684	17.062358	60.950497	12.855968	4.272374	-97.442651	229.449990	15.012694	-0.958045	74.242530	121.589659	23.472504	-4.813833	48.855620	93.339090	44.841204	-2.963924	-76.500348	47.153927	-0.397382	1.634992	-31.452546	33.529108	2.165548	1.211670	-1.768545	16.717105	9.549266	0.004323	-5.691877	28.380440	5.549532	-0.055553	-7.166920	245.730974	23.991460	5.748952	69.796239	33.133159	5.003849	10.393396	30.063153	11.815291	-6.540309	21.781414	-60.441259	12.425394	-15.047652	1.430198	-11.808527	-29.234657	-7.184075	4.433230	11.981189	-55.154283	6.520742	4.167450	-17.420306	-37.923331	17.389666	-19.996473	94.424412	149.694538	-4.315912	0.829917	-3.031624	35.264231	-1.967299	5.255536	28.163682	99.008648	0.889625	-5.021869	-11.296215	105.262955	-32.344012	-21.122987	24.631995	53.431355	-2.522256	14.098961	67.453528	35.331817	7.397049	15.876389	-108.955479	1.246859	-29.460427	-2.961470
-2.208330	-20.779219	11.385833	-12.429102	27.635345	31.439358	10.332811	-4.215943	13.714507	8.708719	1.576345	-1.076289	-0.610613	-0.216760	-1.631992	0.271847	-12.224599	-5.955888	-8.165130	-0.244700	-18.561202	-11.784900	-6.737819	-0.955364	-15.993861	-5.566524	-1.433040	-0.926683	31.335121	-2.660081	6.674271	-8.535687	3.213061	-10.067638	2.597069	-11.012934	-4.472662	-9.368529	-1.869225	-5.165427	-4.220389	-8.592827	-7.806620	-0.658725	-6.545868	-9.184748	-8.254650	-0.440676	-3.824538	-6.368903	-2.162264	-0.728657	-3.799652	2.148346	1.933822	-0.127876	40.057115	15.349900	1.633477	2.439030	1.156698	-0.986055	-1.694334	-6.284347	-4.980188	-10.846486	-3.694134	-7.026917	-4.334952	-2.775944	-6.152868	-1.219125	-2.331671	3.663908	-0.412652	-0.260152	2.199471	3.846371	-2.346695	-0.011402	0.466193	9.523925	0.284415	1.372107	10.474727	20.967805	-2.697386	7.182210	3.742263	15.705901	-4.799816	5.732679	-4.447042	10.897446	-2.795531	0.048339	-2.335114	12.333541	2.185732	-0.614994	-2.969529	15.754316	2.664564	0.113614	-0.311877	13.880799	3.549436	0.922538	3.114247	16.168524	2.126620	1.227269	-11.914550	8.594494	0.295619	0.801205	0.057850	11.011100	1.047856	3.676826	-7.082426	10.056556	2.500795	1.332931	-4.478938	10.540312	3.777938	-0.198886	-1.288615	8.247794	4.156315	-0.014280	-0.078716	4.385884	1.724709	0.000061	-1.349560	-0.470469	1.283552	-0.506672	5.455936	6.294982	3.607654	-2.722531	1.729171	2.075534	4.005673	-2.545440	-7.087615	-6.739047	2.954419	-1.829770	-3.423179	-12.030401	0.849736	-1.442763	-0.404658	-10.126029	-0.809143	-0.551852	0.948946	-6.416369	-1.079475	-0.248440	-4.312498	-5.153842	0.022780	-2.329475	28.083026	21.437973	0.513365	4.999251	-0.429073	20.642984	1.543806	3.666856	-3.297661	19.348368	2.189313	0.631826	-1.835829	9.736567	0.029883	-4.097867	2.712597	5.014909	0.863100	-2.089242	0.236424	2.776042	1.238927	-1.416726	-9.292529	2.103566	3.058000	-4.706722
-153.883396	314.757461	-7.951117	100.595033	107.867177	196.346358	-4.215943	139.696799	57.340176	30.921497	-4.243637	46.712902	-18.904010	-3.543345	-4.784644	-1.755977	-7.689176	18.346717	3.305747	0.345026	13.210212	38.811623	3.005559	5.750315	-6.844551	-20.938358	-17.787944	4.942465	-349.859915	-96.450112	-7.435213	-12.246404	53.330325	50.437398	-4.019389	81.364499	166.179822	61.749048	-13.004538	96.670852	14.088610	6.659750	-2.583844	13.238068	9.267340	10.500427	38.670393	0.944890	25.116690	32.632251	29.173833	1.243758	16.562205	26.360219	-5.347420	1.541628	-289.634770	-142.915535	-4.619372	-54.671173	-20.059152	-94.275279	-7.516570	-13.819663	141.297693	-40.834365	-23.613766	61.476169	28.862505	-3.042902	21.583634	23.644246	-0.702528	-5.358355	48.612977	-3.475267	-5.933118	-10.704340	14.073495	-2.550170	-5.522481	-0.030470	-0.526759	-3.502989	-141.380952	-66.637421	1.309993	-28.011989	-19.764672	-79.478293	15.816588	-25.807362	57.689902	-70.836017	20.230609	-0.218339	14.176234	-25.917684	30.721401	4.990478	-6.181568	-34.458132	2.792183	0.532878	-6.255544	-27.016709	-9.602032	0.037071	-6.009882	-28.649022	-5.322892	-1.167754	-63.949042	11.669298	-0.534423	-1.352117	36.341823	-18.692339	5.993251	-2.980424	56.590389	-26.943983	16.780145	-0.184707	-1.738799	-14.910785	2.842624	1.346673	-6.486749	-7.531582	-3.286858	0.738597	0.011656	-2.688148	1.074281	-0.000207	2.160786	9.338526	-1.861895	2.638521	-92.094011	6.944174	-7.757780	7.596394	33.862884	-13.079719	-7.143176	13.024179	59.484014	17.039298	3.516677	26.656517	-3.275145	56.166050	-2.249370	11.934414	-4.245157	39.072488	0.482580	4.969753	0.393371	17.801744	6.491227	2.885152	-1.867577	13.527967	10.446845	5.485632	-113.133991	-95.065120	-2.609122	-32.174520	3.097920	-130.440182	-0.991067	-3.642538	31.103884	-108.270511	-2.537283	31.274137	-3.307342	-55.243685	-7.071192	20.797844	-4.205532	-29.300725	-4.495939	12.894589	4.934149	-6.352464	-2.006285	10.790406	-10.029998	66.049502	-0.351193	22.717835
-2012.848632	-1604.766679	-42.028951	-348.981270	1132.954749	452.541282	13.714507	57.340176	1934.872549	501.238437	22.487560	237.877949	298.228380	26.083191	-39.702869	44.108284	-287.303575	-100.381938	-178.461447	-8.497537	-408.473360	-80.715058	-158.174692	-17.318827	-240.203713	-47.975246	-88.630636	-9.458239	-1350.554725	-742.676953	-14.573487	-289.774631	328.500953	-287.436946	-7.385536	-225.575733	1498.159550	-0.323438	-34.969961	3.393028	312.653660	-58.974016	-183.070381	19.354697	-234.930274	27.314945	-135.489017	-6.994805	-95.312675	262.773247	129.360999	14.103183	139.467241	406.938897	118.280849	7.770713	-817.783959	-437.216835	-17.144784	-187.976552	65.080412	-444.545593	-38.496897	-279.197761	972.415289	-245.190583	-162.418927	-26.790358	135.765854	195.321852	-130.613496	52.556474	-149.083067	425.057891	167.759172	-8.163908	-26.480578	392.673320	258.203146	13.352922	92.976896	284.568860	112.957109	3.527384	-406.406539	-50.556511	27.236991	-72.820657	-23.209977	67.955196	115.350207	-120.530724	169.009848	124.864079	11.437159	-26.449972	-72.544149	299.305578	22.844440	20.659539	-69.488056	239.168572	84.606244	-2.075002	0.828224	110.835792	45.049841	-0.027990	17.945911	26.425465	7.780912	4.080881	30.620865	635.217222	241.215976	-13.302006	-139.857100	448.682205	230.701035	-26.929351	-271.826073	201.578884	21.443532	-17.794663	-136.862092	55.661601	-59.959804	-5.088279	-23.136499	13.361622	-9.586038	-1.162702	-2.259445	-16.206221	-2.996136	-0.006712	-26.000239	-69.325190	-34.199275	-6.838835	516.701316	748.911021	170.407030	112.511719	-216.964614	180.047935	16.970194	8.150330	-322.898568	31.175789	-50.346150	-77.291253	-105.378267	19.658133	-25.328498	-48.760126	-17.317114	9.700654	-14.606607	-10.343510	-14.649827	6.600413	-12.828980	1.728020	12.064673	75.382540	-14.561203	-10.365033	415.018910	756.373188	-0.702134	221.585330	-120.199916	658.190780	-8.662731	91.559932	-180.988049	633.222460	-16.206747	-184.858531	-99.169757	295.740615	-37.874214	-143.152909	-40.212152	102.822395	6.468314	-52.366096	20.098048	36.421897	17.854314	-8.689999	-2.928377	-16.458503	42.883516	-8.145100
-581.965515	-333.442393	-7.037480	-94.477048	260.214633	268.254921	8.708719	30.921497	501.238437	235.772795	6.292592	80.636097	108.771477	31.702322	-9.641659	15.853739	-51.237587	-8.646273	-34.211253	-1.822606	-67.395907	9.308243	-25.053670	-4.429553	-25.085588	29.942612	-14.269055	-1.617979	-428.523338	-196.150390	-3.290165	-83.165756	9.065907	-48.647274	-3.676688	-51.518029	409.704933	32.584255	-14.740096	35.143523	142.724783	1.610981	-53.604131	15.005097	-44.328891	7.296815	-39.929964	-2.142127	-21.008597	72.182312	19.081140	0.829741	36.078473	145.948266	35.422945	0.988195	-275.911913	-146.581445	-7.751643	-57.626162	-61.820376	-141.199293	-12.370673	-92.697413	260.471323	-87.090259	-54.271424	-10.311148	83.695245	56.484222	-60.564432	24.031082	-31.790234	126.343756	22.834513	-0.989340	-1.510598	114.489158	52.597383	4.377389	23.995710	99.541780	27.517460	0.823697	-131.626992	-20.971556	3.032274	-22.937119	-27.278976	1.759759	21.842842	-44.579725	56.987609	8.683618	-3.810864	-18.063045	7.422974	67.504991	-9.474191	5.010636	-17.840189	67.266060	13.753616	-0.246255	1.222800	34.453962	10.602440	0.672301	5.295637	14.017835	2.286987	1.803010	-13.663802	168.280087	41.114320	-1.465668	-14.491773	105.325823	34.801012	-6.959824	-35.879725	57.743084	4.982220	-2.790899	-28.997177	21.447300	-16.838908	1.246507	-9.314898	11.106167	-3.907284	0.538657	-1.343443	1.159907	0.422415	0.002311	-6.252098	-9.357158	-7.492591	-2.450018	72.319461	186.456690	28.339917	27.931401	-26.252395	40.050890	-3.579737	11.435335	-55.489466	16.060120	-12.991725	-6.034809	-29.457126	15.087674	-6.734610	-6.177129	-5.186931	7.570698	-3.095068	0.734309	-0.140726	6.377335	-3.842025	1.955653	16.287878	24.772545	-2.148710	-6.047027	69.324446	129.232455	-1.291875	29.691354	-7.478756	94.499030	-2.647262	12.077121	-19.317831	109.280009	-3.313575	-32.362558	-17.496693	63.349016	-14.318581	-27.559605	0.268547	25.282916	-0.198919	-8.546089	23.443666	17.087373	0.185382	-0.203344	-3.794419	-14.626576	-1.248643	-3.358962
-25.799075	-28.831410	-0.554364	-5.211401	-6.442323	-7.418888	1.576345	-4.243637	22.487560	6.292592	5.024333	1.187763	19.532006	4.611170	6.455974	2.543938	4.567403	5.674365	2.994609	0.413083	-2.756754	1.479899	1.026160	-0.120211	-3.751747	-2.495686	-1.305647	-0.311263	-10.421171	-6.841486	0.286269	-2.102648	-2.710509	-3.862484	1.232364	-3.605751	13.933878	2.505012	6.290349	-2.903210	9.106558	1.527237	6.878964	-0.289250	-0.913223	-4.140638	-0.978989	-0.181114	-1.511023	-7.367208	-1.784001	-0.095369	-2.077573	-7.052238	-1.954043	-0.234784	-5.348446	-2.854128	0.669084	-1.245914	3.601647	-3.662174	3.319748	-3.648496	8.894785	-3.864356	2.705017	-3.568617	1.345381	-2.135539	-4.724797	-0.609225	-1.141538	-1.996845	-6.035069	-0.288471	-0.974636	-3.182099	-2.683053	1.089712	-1.421841	-4.187223	-1.950192	0.435994	0.971956	3.963383	3.604676	-0.424617	4.596070	0.026457	0.823094	-1.881545	1.891927	-3.798310	-5.958012	-1.703834	0.283050	-0.000556	-4.981625	-0.469381	-1.162328	2.595198	-2.109722	-0.091453	-0.283706	2.370109	-0.150765	0.113254	0.278776	1.826272	0.002775	0.366762	8.129825	4.512642	2.718568	0.082984	-0.457316	1.609764	-0.826298	-0.429832	-3.270124	2.925551	-2.872989	-0.350424	-1.519633	2.049108	-1.907987	-0.131121	-0.477219	-0.195571	-0.266017	-0.028769	-0.039788	0.298936	-0.175449	-0.003224	0.167758	-0.883238	-0.462021	-0.207413	7.552155	7.545107	0.303698	2.760036	-2.683854	5.381584	-0.148002	1.390587	-6.339208	3.950106	-1.149690	-0.530879	-1.993770	2.583567	-0.666972	-0.494057	-0.368295	2.735152	-0.767378	-0.281562	-0.370309	2.033457	-0.673207	-0.113854	3.804027	3.902500	1.159020	-1.340465	2.115421	3.074531	-0.190159	1.544133	-0.852848	4.630183	-0.204080	2.211023	-3.815397	3.896425	-0.287784	0.040491	-2.526890	3.023869	-1.333109	-2.432561	-1.547743	2.023140	-2.608813	-1.325568	-1.819764	0.564941	-0.672834	-0.779485	5.165484	0.046514	6.488720	-2.724552
-308.460295	-126.189940	-7.655271	-26.364155	100.164885	105.463098	-1.076289	46.712902	237.877949	80.636097	1.187763	59.830215	43.011269	4.508717	-3.485286	6.044593	-12.692508	2.497413	-4.664545	-1.126968	-13.110645	22.064748	-2.092784	0.384857	-6.405306	-2.259027	-5.410905	1.265937	-271.292023	-95.725556	-3.750914	-35.279426	-20.906675	-5.219281	-1.763562	-1.394554	226.878525	30.552798	-5.864523	42.521954	66.313004	9.042307	-14.462485	10.812078	-11.841919	5.636932	13.449267	-0.872370	-1.076012	31.158422	30.707108	3.428343	8.911817	32.094635	5.828669	1.586110	-185.354083	-81.332634	-3.129280	-33.366755	-55.360335	-78.942785	-1.553873	-43.808564	143.733393	-38.621908	-16.424276	11.959563	41.725572	29.955186	-4.015033	17.146971	-13.509778	35.411110	32.976284	-1.039083	-6.583753	20.950069	23.943964	1.459679	1.501084	12.857388	4.035998	-1.197359	-90.753973	-22.901750	6.411604	-15.712284	-26.595876	-15.545670	28.456434	-27.076815	30.615488	-12.463082	17.870660	-9.561966	2.829086	9.011488	0.000335	4.188699	-7.943897	-3.477589	-2.101635	0.169894	-1.789108	-8.251887	-3.905395	-0.206656	-1.799529	-12.936466	-2.281729	-0.373285	-13.288173	68.613104	30.109795	-1.257709	-0.541332	36.503509	27.707281	-5.340734	-10.648048	0.585244	1.405756	-1.669097	-14.535694	-5.966661	-13.405347	0.870911	-3.439096	-4.399556	-5.364861	0.432910	-0.311474	-2.980424	-0.854334	-0.000253	-1.258654	-0.250728	-3.253217	-0.439258	20.575272	76.741284	15.281083	20.301946	-18.970173	12.963564	-5.374644	11.137864	-18.838640	3.575165	-7.488723	3.003536	-11.116517	20.117137	-4.063482	-0.330169	-1.363255	13.629299	-0.116070	1.432052	0.003693	11.683195	1.184312	1.671571	4.819993	20.985772	0.688829	0.566908	-15.611831	20.998645	-1.636922	13.950474	-7.196211	12.222696	-1.916140	9.306437	-4.599030	18.751401	-2.704022	-8.083391	-8.494104	10.369251	-6.843956	-6.685738	0.684541	-1.572845	1.598850	-0.772423	10.372221	-1.985207	-0.026827	1.811844	7.215971	18.737291	-2.580232	6.607525
-521.825301	-360.832263	-9.463132	-53.096131	-87.770113	-50.024989	-0.610613	-18.904010	298.228380	108.771477	19.532006	43.011269	238.558863	35.658672	44.704416	22.000129	151.527192	48.699140	48.240006	5.874008	29.558289	11.118359	-10.325546	2.725710	-65.833131	-43.927605	-29.971772	-1.628187	-275.697871	-32.342702	-5.390820	-4.950945	-106.681580	-16.376971	0.787292	-18.273785	218.837775	19.763833	29.562936	-4.340943	196.486145	-5.678768	40.248245	4.945168	40.700839	-46.424283	-18.114022	-1.488885	-25.212755	-44.637296	-34.714120	1.822563	-5.643498	6.484681	-5.509992	-1.686465	-191.570418	-34.740301	-0.421025	-12.691872	-73.262925	-20.005420	14.408910	-30.956210	144.019119	-33.100556	8.436326	-16.882592	110.730471	-21.935113	-38.999509	6.291190	14.058612	2.683445	-41.979046	-0.943039	-17.532973	3.028922	-8.394123	8.440800	-7.777834	-10.590052	0.349835	0.228893	-87.069608	2.044232	26.787316	-16.381981	-31.842512	-5.628264	31.970930	-28.530967	32.542722	-48.896629	-11.682911	-14.760966	40.236645	-18.678433	-36.421064	-0.667216	10.921410	0.585408	-19.638816	-0.709797	-5.125023	1.827805	-5.468964	0.646242	-1.934642	-11.012057	-2.669932	0.571957	20.217377	42.465231	29.164494	1.093995	-23.268679	10.423273	8.908897	-6.113777	-13.999292	-2.144205	-20.375702	-0.997730	23.023094	-11.038015	-12.828933	1.116593	10.732494	-10.545358	-4.780677	0.273598	0.323560	3.453949	0.515513	-0.007921	11.129020	25.570784	2.425035	-0.095512	9.928604	62.379119	6.004174	32.273086	-49.282793	6.257481	-12.707168	15.084345	-25.956287	23.154084	-13.374474	-3.043426	20.054534	45.241273	-1.559542	0.328816	10.355873	52.080325	3.361573	2.077186	1.112048	46.655718	4.089907	1.421378	38.718608	44.146441	10.231433	-1.309129	-26.385312	-23.265410	-1.812786	7.317414	-14.172207	-16.939270	-2.829576	3.835690	-9.040513	-21.367861	-3.839624	-19.093651	10.147871	-33.737324	-6.061665	-8.148012	11.362114	-28.800209	-5.498514	-5.875609	13.486254	-32.977469	-15.308271	5.382346	14.503718	-21.425280	4.394712	-4.231618
-28.278380	-34.624347	-3.384090	-7.414178	-13.478265	0.444206	-0.216760	-3.543345	26.083191	31.702322	4.611170	4.508717	35.658672	36.500155	20.721085	2.672653	30.159215	54.292978	18.581670	1.675281	4.475335	28.960562	-0.827999	0.340575	-7.186547	3.232746	-6.065842	0.937987	-21.539134	-17.915084	-1.839081	-3.138765	-17.773293	-5.604204	1.493545	-5.596215	15.607530	19.092167	21.395811	-2.818718	32.148461	27.838195	42.918196	0.606609	5.676943	8.883120	2.498287	0.511427	-6.494287	-15.291122	-17.430314	-0.145158	-10.795091	-16.035190	-8.793316	-1.394050	-19.771551	-15.680362	1.764377	-2.248073	-14.017543	1.229047	18.779408	-8.545443	0.579242	2.532282	29.152078	-13.593118	12.465116	-16.961726	-9.330617	-1.900055	-6.161850	-30.994181	-34.637168	-1.024365	-8.196200	-33.445205	-22.309633	-0.003678	-7.602712	-23.363534	-7.875087	-1.057954	15.787190	16.541521	19.755741	-3.290370	3.347481	-0.868488	20.162987	-9.533413	-7.337872	-29.236644	-10.055515	-8.475570	-4.621116	-34.422752	-34.203928	-2.096227	-5.774232	-23.499857	-22.583897	-0.340596	-2.743548	-11.251470	-6.704774	-0.174563	-1.266844	-6.584577	-1.624983	-0.112253	68.877315	9.988994	8.588475	0.435161	4.600684	-16.281447	-11.892529	-1.539225	-15.154942	-21.518001	-24.884272	-0.534702	-5.248305	-12.560376	-15.093751	0.829031	-1.922961	-3.262308	-4.015480	0.418643	-0.671410	1.292833	-0.665253	-0.006139	0.209946	4.072920	-1.773443	0.369960	47.953385	2.892799	-6.346928	9.754257	-13.938241	0.129993	-9.452641	4.518035	-20.077657	10.601505	-7.662293	-2.063011	-4.117872	18.717277	-1.486242	-0.268680	0.017629	19.252195	1.295253	1.092409	0.208307	20.988382	0.824457	0.693201	22.409162	34.026830	3.446956	-1.003156	19.780860	17.264868	-0.750604	5.480840	-2.160507	27.452431	-1.001233	-2.310124	-10.401592	16.066186	-1.250368	-12.635967	-3.743440	0.371654	-1.442074	-11.723950	-0.865542	-11.322017	-0.403941	-5.374600	4.595024	-18.847906	-0.671100	0.249093	20.355110	-18.022257	3.354458	-5.647699
-77.740525	-27.005777	-2.339349	1.216638	-88.824285	-39.127007	-1.631992	-4.784644	-39.702869	-9.641659	6.455974	-3.485286	44.704416	20.721085	48.481692	0.443756	112.251967	68.667428	78.194759	6.542309	67.931376	38.311639	18.029733	4.221792	-15.060780	-19.750231	-11.494986	-0.021314	-19.356176	37.619428	-1.630432	25.689732	-52.418104	15.935828	3.697177	15.899306	-27.975518	31.926122	36.884696	0.140815	38.576918	27.349145	88.573273	-1.201802	34.855356	-16.632204	26.571081	-0.187943	-5.690622	-55.166836	-33.795081	-1.030316	-23.394254	-55.146848	-22.083708	-2.440113	-22.767383	6.969744	4.461179	7.372940	-22.606478	26.012680	30.155210	9.470581	-22.844256	9.370887	54.879933	-11.176020	22.112165	-45.754120	8.112825	-5.821321	0.798445	-79.893432	-60.566698	-1.770341	-11.835146	-71.531947	-45.131761	-0.793231	-13.176673	-44.209122	-15.676726	-1.612673	15.842467	10.321795	19.738541	-3.942232	5.449575	-10.714308	22.901306	-7.797272	6.177344	-51.094276	-1.783787	-7.412665	3.019656	-69.760762	-42.974478	-2.740819	-5.689234	-48.245683	-35.042251	-0.596431	-3.072259	-20.221247	-10.597641	-0.396204	-1.518076	-7.004328	-2.020011	-0.149516	59.413735	-21.013866	1.213783	0.278010	23.475451	-40.842506	-16.873853	-2.251501	6.253965	-37.918245	-25.991170	1.177175	-2.862517	-19.758266	-14.290000	1.467990	-0.887119	-3.592044	-4.062259	0.132698	0.382264	9.684405	2.690531	-0.002181	13.500187	34.206381	7.651854	2.008504	25.006345	-31.852772	-11.425655	6.294504	3.710134	-18.396862	-12.516144	2.879809	2.331988	8.304111	-6.254186	0.864616	-0.432491	31.082345	0.632190	0.396080	3.602609	37.334151	5.298088	0.523948	4.599679	36.737143	10.305805	0.820513	42.327859	52.893519	16.102720	4.048726	3.257859	-28.167743	-1.108434	-5.214567	5.935036	-8.175270	-1.281777	-8.310869	3.005611	-19.084664	0.874802	-6.316890	-0.027447	-22.565598	3.652440	-8.585805	7.941279	-38.981683	2.702758	-5.873196	18.220577	-59.124262	-0.061896	-0.542295	6.248448	-85.350673	-0.880382	-4.526177
-46.480840	-30.555251	-1.104944	-6.808312	0.158431	1.586529	0.271847	-1.755977	44.108284	15.853739	2.543938	6.044593	22.000129	2.672653	0.443756	3.556521	-0.705756	-1.873307	-1.542130	-0.102683	-3.033365	-0.226791	-0.797567	-0.272507	-5.562005	-2.978249	-2.374663	-0.263977	-31.549405	-14.055615	-0.538464	-5.021181	-7.050633	-4.980300	-0.132950	-4.999463	30.779852	1.709503	0.905107	0.081196	17.785940	-0.472174	-2.311021	1.161762	-1.656466	-1.390535	-2.480236	-0.101755	-2.117372	0.955768	0.747177	0.070977	1.215511	5.093735	0.776653	-0.145636	-20.396942	-9.320353	-0.497507	-3.500038	-6.433766	-9.778940	-0.555482	-6.752355	18.352748	-6.696966	-1.872521	-2.884737	8.230234	4.174419	-3.274589	1.277152	-1.894702	10.165245	0.320701	-0.053193	-1.050691	7.505704	2.862542	1.172312	0.227957	1.846279	0.530990	0.176193	-10.689040	0.476300	2.300427	-1.622414	-2.668242	1.023255	3.001247	-3.219714	2.723942	-0.062859	1.282966	-1.774969	0.805678	4.241881	-0.674499	-0.043860	-1.342267	4.970941	0.005163	-0.049726	-0.169720	2.237461	0.085338	0.129720	-0.096154	-0.928087	-0.252620	0.109106	0.451402	9.074121	4.946797	0.105386	-3.076986	6.852275	3.742780	-0.545903	-2.866003	2.881731	0.012054	-0.197937	-1.797029	0.528107	-1.694409	0.049242	-0.552072	-0.888075	-0.579370	0.019240	-0.048793	-0.792911	-0.326966	-0.000532	-0.670393	-1.726012	-0.861522	-0.171105	3.741037	12.511644	2.078085	4.271770	-5.292499	4.760734	-0.457601	2.243739	-4.826500	2.630190	-1.382913	0.108003	-1.751132	1.953495	-0.620336	-0.234997	-0.325598	1.488301	-0.502446	-0.016507	-0.363706	1.594507	-0.640698	0.072604	1.175485	2.466589	-0.574371	-0.510395	-1.804670	1.853775	-0.161410	2.942908	-1.186870	2.707529	-0.246332	2.661038	-1.603042	3.896899	-0.494284	-0.817682	-1.617554	3.164531	-1.428568	-1.716897	-0.064313	2.871880	-1.660285	-0.941811	0.059547	2.516861	-1.264729	-0.405087	3.907014	6.354960	2.402858	-1.200716
-585.655814	79.670788	-3.958017	50.511813	-543.321655	-144.213814	-12.224599	-7.689176	-287.303575	-51.237587	4.567403	-12.692508	151.527192	30.159215	112.251967	-0.705756	904.851474	216.186673	350.598917	16.462841	838.327010	194.465029	165.543586	30.526984	1.778136	-89.750205	-43.130002	5.773269	-186.894403	418.357295	-10.973383	173.552030	-324.631157	168.347491	0.392015	119.262640	-238.373190	110.616364	63.761051	58.548718	199.113680	61.774165	267.965224	8.630176	464.660522	-120.485579	253.646897	-3.899512	156.634915	-315.695673	-87.296149	-8.691923	-114.737611	-307.917256	-113.769801	-15.000212	-187.711696	85.865834	2.050428	58.162145	-202.670904	151.335153	53.520040	89.144305	-167.955294	54.070140	146.562418	27.163947	259.143894	-210.074817	129.044457	-6.166216	192.114483	-416.042652	-168.320733	-9.167333	-31.433828	-416.132931	-227.510139	-8.580892	-77.575857	-253.056057	-86.666191	-10.892423	-97.492065	-78.221959	18.415682	-24.266678	-85.486609	-132.725579	7.674079	-10.827067	89.721147	-217.211770	23.903757	-9.737302	234.694067	-346.321476	-100.686006	-7.748310	74.633462	-285.684611	-150.384018	-3.396318	-15.575397	-127.725628	-62.132467	-2.840428	-7.488896	-30.747253	-10.115739	-1.420487	-106.611606	-233.905969	-57.026219	-3.859293	54.371203	-246.146991	-84.490566	-12.190913	211.893008	-193.770804	-36.493688	5.363004	157.900350	-86.454819	1.880018	7.687876	37.643508	-18.893779	-10.986780	1.004498	3.996945	41.206894	19.477097	-0.004075	64.426946	169.004270	54.966778	10.315190	-273.980305	-277.827544	-62.660535	-18.286593	62.708206	-144.294114	-43.510768	-16.701386	255.827873	-14.643272	19.041566	16.579535	121.493197	94.978750	22.051028	20.738815	44.145293	146.154258	32.301078	10.612622	32.290229	140.842696	56.816123	6.309058	122.609372	147.024597	58.999574	38.251084	-234.241184	-374.352392	-4.969987	-112.767840	98.026370	-398.090953	-4.686023	-99.030642	164.434358	-383.819060	3.760845	14.044736	105.250251	-216.287877	21.249363	19.039488	74.521977	-200.349779	13.617634	-9.173616	83.022526	-261.473916	-10.706412	21.844554	33.470955	-294.739125	-84.762628	11.001249
-41.918161	31.682942	-10.318261	21.417333	-162.207515	-25.856807	-5.955888	18.346717	-100.381938	-8.646273	5.674365	2.497413	48.699140	54.292978	68.667428	-1.873307	216.186673	223.112402	140.112585	3.137754	200.934302	219.744364	65.226558	7.650341	55.761863	52.572238	-7.196714	7.761733	-54.249747	50.503958	-5.457562	26.733076	-112.814574	49.208495	3.317738	32.626291	-62.081096	102.548078	64.958609	21.467585	60.281514	126.507605	197.878432	0.529241	95.763260	50.861963	119.973962	-0.086479	44.178332	-74.394717	-40.790884	-0.206169	-47.534471	-142.755050	-51.985758	-6.212656	-48.834168	10.121112	10.454138	6.016553	-66.749084	52.266179	63.646029	-2.890456	-85.980033	61.344968	122.424739	-23.713544	41.342681	-69.562406	40.599090	-10.074619	8.603544	-208.249425	-113.119716	-6.374544	-27.832413	-225.500164	-120.087926	-5.229748	-45.632803	-151.852009	-49.923638	-6.534513	50.106494	49.380245	57.901497	-10.814337	2.505791	-23.590872	65.832500	-27.298905	-18.071855	-115.503681	-6.811034	-27.754669	7.914260	-191.054507	-121.338028	-8.228819	-5.798092	-163.040835	-105.286798	-1.869119	-10.552573	-78.225486	-38.259488	-1.791043	-6.267949	-29.582182	-7.842089	-0.895055	183.828495	-14.159674	6.353116	4.350777	51.074905	-101.915760	-50.982265	-4.515871	-2.245667	-111.790995	-87.505962	2.336498	1.958901	-61.283011	-47.297999	3.370099	2.706042	-16.053471	-13.529721	0.901435	0.457397	9.561325	3.336645	-0.011974	15.706851	46.608797	11.205964	6.532546	71.430181	-60.080501	-34.786051	26.265873	-8.922744	-43.089645	-40.172406	14.314619	-8.823086	24.424033	-19.672678	2.833694	14.864025	73.936557	-0.993432	4.967523	9.265972	81.366329	10.328325	6.130721	8.672205	75.939307	20.170026	5.078492	83.001699	109.017090	28.163239	8.606576	-12.839833	-73.398359	-3.886471	-11.663841	25.226201	-17.283469	-3.431972	-25.672223	1.586385	-39.587761	-1.903723	-32.806742	10.587989	-52.215759	0.164571	-23.270591	15.411365	-80.740691	3.435812	-8.007069	33.999134	-122.354151	5.118224	10.705882	70.169877	-142.137446	-20.662062	-10.073230
-363.563286	97.085660	-6.560586	37.093020	-345.008748	-88.029318	-8.165130	3.305747	-178.461447	-34.211253	2.994609	-4.664545	48.240006	18.581670	78.194759	-1.542130	350.598917	140.112585	299.339868	12.544541	477.855140	226.469186	224.740681	15.795043	142.393379	22.724073	4.234323	4.750757	-135.819783	248.255133	-6.899729	114.005030	-182.048961	115.817017	-0.847958	96.341180	-129.943166	79.707130	44.148586	47.817492	98.807960	69.408529	223.862202	6.253097	193.240795	-47.809695	264.476134	-2.806643	45.651507	-181.565790	16.197758	-4.874803	-68.742718	-204.364315	-62.609056	-9.987947	-139.818065	6.463068	0.923430	24.571356	-110.035995	66.487753	37.278640	56.515118	-64.036453	48.677921	117.645875	18.454903	118.368745	-108.900666	133.457797	-5.659882	49.643917	-299.457134	-94.606504	-7.126976	-36.882482	-303.060798	-148.138809	-6.458442	-56.854982	-188.444103	-63.150483	-8.219124	-72.995788	-35.201918	18.556993	-17.008535	-7.445346	-42.593088	52.442170	-14.289065	74.146023	-117.882384	53.787752	-10.991406	53.475312	-241.894952	-81.766022	-6.746115	-8.167668	-208.447361	-115.530225	-2.459473	-12.133651	-95.923180	-45.804164	-2.168625	-6.543463	-27.001415	-8.495455	-1.085113	21.675577	-100.675903	-15.423325	-1.107753	103.762561	-106.166756	-14.608662	-7.465021	75.828411	-131.836145	-35.106817	4.143542	9.432216	-77.179785	-32.534046	4.935425	-3.998581	-17.473513	-14.140779	0.328013	1.746306	28.736156	15.838588	0.000782	39.619150	130.710603	40.478314	10.018877	-49.248673	-132.607049	-30.233266	1.581991	74.509492	-68.288165	-32.622043	15.461446	70.322554	11.919377	-3.248315	20.096166	8.993170	83.699951	9.691137	4.990350	16.060961	120.058272	25.949468	3.277353	21.694560	132.712752	50.758935	3.002686	89.411707	172.636844	59.855982	30.147589	-69.226776	-196.053346	-2.921103	-50.141311	53.273312	-150.379682	-4.420285	-34.404883	65.571129	-147.421501	7.296331	22.545940	29.836834	-101.009847	32.696615	-0.554325	45.418291	-158.229893	30.952960	-10.928015	68.590761	-224.533529	15.127539	-2.433766	-4.523556	-299.259364	-38.795417	1.091705
