2555.597415	765.253972	157.451597	82.176340	246.007052	18.461681	-0.588126	6.799626	-125.896634	-54.678537	-7.946125	-11.747541	15.698673	-112.928352	-8.450640	12.142302	109.536424	-203.017361	-2.956492	-15.174170	16.897368	-133.834257	-8.816583	-38.657436	-82.252054	-87.508762	-38.780290	-21.006114	2431.521040	-298.371786	58.479535	-13.984976	236.621573	-21.818896	-0.689989	-0.483184	-17.138231	56.540358	-16.296523	-0.086387	-9.826587	130.119152	-11.160439	3.963560	77.758233	41.212427	4.337329	53.563134	-12.119518	-228.317783	-54.565313	4.947826	4.678304	-273.710793	-105.386260	-36.982842	746.595060	-219.316738	-36.017275	-45.514301	181.558704	193.094335	7.406046	-18.200396	-4.374285	487.125661	-37.840383	2.299806	-96.596131	248.520635	-55.651793	-1.986601	-156.029047	52.939785	-3.001439	34.646012	67.793804	103.374561	-11.837207	33.872592	163.060464	453.122753	-68.898255	-13.578153	-4.411543	93.375955	-66.984296	58.025931	79.469430	66.186887	-24.228602	12.919391	-26.525635	71.045873	-53.929346	-5.169051	-170.697876	72.371855	-39.448167	4.311190	-160.177842	45.672983	14.783004	37.147148	230.920744	37.972711	33.539007	-4.175665	7.572364	179.265773	1.992195	-1.343732	-221.943790	32.396319	-65.585337	94.434038	123.404619	-5.080825	-20.118229	52.588019	-20.912794	-12.124974	-5.227051	-1.960276	-172.308577	6.770293	-4.638781	0.898013	-94.676567	20.897222	15.527322	1.037505	248.841483	-11.170685	21.695767	10.735701	-85.955570	-0.466482	-8.853671	2.439373	-158.649407	-217.783382	-30.985891	44.763023	166.690677	-19.417538	-7.618975	85.646713	-11.483000	-4.364028	-8.658212	-1.850674	-83.392803	28.562529	1.646838	-1.534990	-103.439747	49.976951	119.470993	5.108377	56.292946	22.504333	48.580090	4.875468	-56.155523	-56.853177	-14.072275	1.406094	114.860478	-119.626110	9.249525	41.293392	109.615848	24.366013	16.127399	43.441557	-54.451511	-3.960507	48.012175	-4.805763	16.683434	-79.416775	34.838977	5.529169	58.503948	-25.652738	-21.385335	-4.315462	-40.207334	-44.329956	17.849168	-5.744513	-48.020636	-39.436695	-8.011351	-1.345838
765.253972	696.864278	37.380031	74.286507	121.857534	71.416136	1.022094	31.734556	-54.260965	-24.984145	-3.158238	-3.236936	-90.339690	-30.946235	-7.712006	-7.014507	88.919845	20.423562	-8.463163	22.535683	103.096544	1.762796	-8.481082	4.947238	-52.575072	-58.572263	-18.922522	-11.447746	849.727600	92.203900	-1.485392	44.648223	280.313744	4.638821	-4.935730	43.222864	19.554318	-62.117651	-26.431461	4.297204	-86.319793	-38.821069	-16.818881	-5.417793	29.392265	-76.972999	2.509616	9.306414	58.325356	-159.176270	-30.990284	21.575658	22.166068	-86.125826	-45.562160	-12.919557	103.106936	-157.734658	-48.817763	-19.894019	330.960803	8.616218	-15.596669	0.749938	65.269687	33.053199	-37.002921	4.427057	-71.861419	91.465689	24.357640	-21.372130	-97.446569	13.991924	12.591312	-7.358277	8.209456	-132.775088	-19.656028	9.080034	158.388602	96.319692	-19.251893	-6.549612	-299.022501	16.386467	-51.844151	19.272439	284.775138	11.618094	6.618262	8.643027	55.664200	28.382989	-5.343094	-1.560156	-130.492559	94.399944	7.277361	-8.446735	-137.292186	29.907022	6.416967	8.375575	78.374430	-24.592095	-0.412414	3.648771	202.655608	47.102850	0.354728	0.281884	-391.345904	-1.179051	-41.451117	22.362283	280.437414	23.578748	9.846330	42.750366	26.944643	-2.858679	4.984271	2.684475	-153.933939	1.887862	-7.200780	-1.737335	-125.033998	-5.396027	-9.226145	-2.699085	100.854063	-23.677808	2.669233	6.572666	173.684619	22.333521	0.636437	1.995036	-375.373066	-80.367491	-28.822140	-28.079432	209.158252	84.571260	12.416417	71.947391	26.746094	9.362473	-0.434252	6.739110	-145.528164	11.952626	-18.950317	-0.913798	-128.715465	15.495183	0.328745	-0.251229	102.961192	19.673598	27.927907	2.006441	122.075671	22.226701	3.318864	1.649257	-107.400638	-53.564647	-7.615645	-28.413016	49.353259	55.466235	4.778071	27.649043	-23.730391	-0.438200	-8.228621	3.258602	-142.507038	-31.648785	-111.783115	4.884893	26.408399	80.576797	-37.282932	3.254820	147.783897	102.686688	54.386989	-2.420990	42.555244	28.147305	3.939777	-0.773006
157.451597	37.380031	28.183088	4.894197	25.841023	3.010386	0.094801	1.373037	-9.297929	-4.173118	-0.828060	-0.863763	20.717942	3.684597	-2.220221	-2.111816	9.565547	-8.776075	-1.766045	-4.267821	1.316399	-19.369605	-1.190127	-3.247334	-16.084886	-29.076859	-4.853775	-0.894628	166.992098	-25.561975	19.518326	-4.386209	25.603669	-2.785303	1.048423	0.375073	-2.010385	3.328532	-3.039825	0.267706	10.118400	4.875496	-3.061107	-0.258718	6.278243	0.706318	-0.676062	4.218318	-7.022775	-1.333490	-3.788520	2.656592	-1.864051	3.511739	-6.924607	-1.489576	56.821138	-26.201311	1.568891	-7.303248	7.088740	3.786576	1.342946	-0.284270	0.918917	22.634466	-4.466994	0.965564	3.189164	7.309920	-2.384495	2.675007	-11.736201	-1.752244	1.257146	2.157831	-9.472165	18.726419	1.142252	3.005803	3.085970	44.769847	-0.715924	-0.899207	4.956341	2.115349	-5.805871	3.254262	0.031791	-4.132044	-2.696389	0.943650	-1.179120	-3.649016	-5.109973	0.736542	8.068568	-2.408221	-3.213547	2.413206	3.820639	-3.082363	1.191196	2.498075	-4.665907	0.813067	2.089683	-2.045382	-10.608406	2.735958	0.127425	-0.317049	-11.602832	4.743818	-5.077672	8.476409	-1.913759	-0.927575	-1.909547	1.803726	-1.921249	-1.131742	-0.455600	-0.081537	8.418160	-0.318103	-0.292014	0.751758	13.802601	-1.065215	-1.032671	0.044500	-0.901618	-2.704331	0.047963	-0.811507	-18.783814	-1.940984	-0.854299	-0.253089	-10.117242	-11.720638	-3.197660	5.361290	-3.990188	-1.328700	-2.080920	-0.843600	-1.318992	-0.600389	-0.153153	-0.145445	7.825076	1.258189	4.276003	-0.091704	2.309128	2.133119	7.945443	0.794489	-6.798291	0.938138	0.536238	0.651658	-14.839575	-5.029382	-1.407030	-0.050028	6.834883	-3.603422	-0.669991	1.781906	1.743302	-1.427949	0.161022	-1.685538	0.781356	10.271510	14.205089	-0.345365	-0.122040	9.832387	26.934216	-0.669574	-11.890916	-8.615478	0.270849	-1.080977	-9.587891	-10.072889	-2.227452	-0.619268	-9.027156	-4.912516	-0.982652	-0.106639
82.176340	74.286507	4.894197	29.954025	10.401952	8.971730	0.096610	5.903035	-10.374452	-4.712085	-1.299989	-1.328768	-7.542121	-10.567259	-3.206731	-4.659071	16.565608	6.205629	-1.237404	-1.379037	18.306902	9.676452	-1.345240	1.039772	-3.148571	-0.484524	-1.910476	-1.569941	123.118507	-3.660994	7.289763	20.151063	42.337938	1.139500	-0.320558	7.616742	4.252465	0.645252	-0.902973	0.697262	-9.268424	4.050594	4.107966	-0.402350	-2.494753	-12.745034	1.868626	-3.135010	4.297815	-21.880211	-4.481424	0.957130	6.337752	-5.311840	-5.896771	1.390869	21.576230	-35.427434	-1.273736	-9.848943	47.048856	-9.058068	-1.390391	0.286577	12.001871	-6.835120	-2.555582	2.438168	-6.133922	3.880848	1.559849	-0.174941	-5.603218	-0.116110	3.354479	3.269680	-0.770031	-10.874558	-2.057986	0.020790	20.142036	0.765123	-4.192025	1.535842	-27.712853	-4.887229	-3.596358	-5.143204	30.441354	-7.064850	-0.501079	1.613726	4.281255	-12.407699	-3.690384	0.436821	-8.846371	-5.157272	-1.460191	-0.288021	-0.479504	-1.250182	0.824765	2.918650	-1.996634	-2.775877	-0.180956	2.564140	17.222922	-0.956742	-1.242614	0.164279	-24.797492	-8.019017	-4.217100	0.852902	26.984054	-1.859908	0.211342	3.595351	2.911886	-1.112341	0.332487	0.481336	-12.115686	-0.885236	0.049186	-0.250261	-5.666487	-4.567083	0.104618	-0.446773	2.287654	-7.252098	0.406100	0.258142	15.053673	0.119599	-0.003448	0.095422	-22.687965	-8.135788	-2.358826	13.313189	25.276343	14.979882	0.603355	9.734903	5.122902	0.937922	0.386610	1.043394	-10.530855	-1.365945	-1.706308	-0.225740	-7.084601	-5.151947	1.638507	-0.923959	2.811856	-2.965867	3.319184	0.016579	10.523136	2.995155	0.428455	0.412474	-9.775163	-10.566979	-0.530502	14.726758	5.244531	11.687746	2.548878	6.616891	-3.058010	-5.452880	-6.632617	0.106364	-4.198015	-16.838508	-31.859972	5.102784	22.757566	5.328947	-14.966513	4.203082	25.227239	8.558330	5.025341	-0.261273	4.739013	2.909239	-0.427032	-0.118766
246.007052	121.857534	25.841023	10.401952	134.852083	40.080952	4.526143	8.711451	61.320525	30.174910	3.008106	-2.498964	-47.347876	0.472376	3.345888	-4.328748	-72.427540	-0.540653	2.440914	11.016097	8.538265	6.608769	8.488341	-0.222669	94.167354	14.814707	28.453050	-3.095075	140.118212	-35.308075	8.969144	-8.748960	134.844681	7.517653	8.075203	5.784778	25.164741	-14.914551	-8.877967	4.001826	-29.383305	6.606270	-4.031079	-1.169550	-38.125308	4.891462	12.430885	3.212738	10.128917	-34.661308	1.232542	11.772388	46.652800	-86.601840	-13.651772	-3.836578	-57.600709	-31.463258	-0.566742	-14.673334	93.468013	0.621532	4.059566	-0.696187	8.775121	4.446021	-9.069687	0.641701	-18.911475	22.464465	5.120921	-7.538912	-65.532702	9.278043	9.958317	-5.832119	19.815879	-54.906389	-9.040057	7.413735	104.092808	-12.431028	-5.446772	-2.241042	-130.848987	40.849852	4.795976	5.029807	70.663027	23.861447	16.251387	4.461589	10.268246	17.290954	2.890918	-0.899896	-49.621013	15.175333	0.213510	-4.003836	-85.282414	-6.567120	-1.999803	-1.048287	40.376658	-9.907911	0.298460	-0.135008	104.749416	-0.629630	5.095072	2.679525	-156.518939	58.333469	9.487610	0.982043	58.745089	12.080283	6.743490	9.928408	-0.293474	0.064028	-0.421024	-0.016356	-57.037875	-0.752996	-3.772691	-0.588602	-75.113470	-2.240197	-3.448339	-3.519369	33.644254	2.603191	6.057949	-0.196731	79.312234	9.979937	8.750584	0.937034	-151.835373	-5.749130	-4.553899	-15.789569	30.957741	4.347500	-0.604392	8.016715	1.258404	0.493721	-0.821447	0.338070	-56.805284	2.602814	-5.294280	-0.390789	-68.274423	8.429980	7.689298	1.969990	15.762029	12.764847	16.709751	1.530093	66.723132	5.488152	9.271504	0.388276	-29.001395	-16.930843	-3.458568	-6.609364	18.023396	9.211825	3.622227	5.034143	-6.164502	1.223892	8.179055	-0.585081	-55.475154	-6.845586	-22.926119	0.396935	-37.222680	26.361165	-5.877569	4.010822	-4.790016	49.100385	25.644400	0.020331	68.601311	48.707942	13.416205	-0.223815
18.461681	71.416136	3.010386	8.971730	40.080952	28.978740	2.559611	9.514638	29.114873	17.365194	2.702555	-0.666368	-54.491926	-0.388812	0.850828	-13.724078	-30.289441	22.402990	1.505290	-4.909307	37.165842	38.800941	4.789624	2.156784	62.302964	39.874743	13.268133	0.661341	-7.563256	12.184693	3.764548	1.988475	71.143910	15.997182	7.240452	10.981606	19.471384	-5.100341	-2.055366	2.986475	-34.264910	-4.174075	-0.418804	-1.626906	-20.333869	4.252847	10.719670	-6.484594	16.001504	-24.523437	1.816414	4.970366	32.077398	-44.231164	-4.590613	1.210364	-67.577959	-14.904796	2.467414	-8.280010	62.682798	-11.479201	1.516092	-0.204209	16.648421	-42.666214	-6.405642	0.238525	-9.578101	-6.637776	10.423706	-4.184673	-27.298593	8.006408	10.269036	-4.789820	7.740273	-55.180672	-7.041633	2.720788	63.844202	-62.124137	-4.164955	-0.963815	-87.309673	10.235114	4.628225	-5.472695	51.311535	2.198472	9.967652	-0.653093	14.696404	-8.197359	2.542477	-0.578618	-23.645763	1.112750	3.648085	-3.425466	-45.920018	-3.634899	-0.975544	-4.871113	9.316367	-12.047679	-2.569245	-0.589559	81.897633	-12.615541	1.609129	0.879144	-77.336509	21.816985	4.925377	-8.020018	42.265256	7.599295	6.141632	1.546588	6.085900	0.240888	0.918064	0.562944	-29.885876	-0.116291	-2.127339	-0.541080	-48.929266	-1.520128	-2.978164	-2.864932	10.286607	-1.197634	2.059057	-1.693195	69.612938	8.143761	4.416438	-0.119927	-83.231654	14.029468	-1.494237	-12.116920	14.579533	15.138472	3.110786	2.492461	5.117266	1.691204	0.110336	1.334372	-32.459896	0.351648	-4.581939	-0.192332	-43.178564	4.908415	-3.744040	-0.500040	11.132584	7.597869	6.270580	-0.296428	53.090109	11.042199	5.773156	0.054608	-38.716398	-10.620537	-2.732052	-9.827930	-4.056148	3.234977	-0.533088	-0.545110	-4.478629	-1.141832	-1.325224	0.789900	-38.872984	-10.968117	-23.540453	0.606949	-12.951047	14.339876	-10.807231	1.773509	13.796419	37.872233	15.254450	-0.126247	40.180852	32.627396	9.991611	-0.106193
-0.588126	1.022094	0.094801	0.096610	4.526143	2.559611	0.491797	0.437435	5.888056	3.266350	0.621849	-0.075274	-2.538798	0.867236	0.331757	-1.420649	-5.052366	3.154969	0.441274	-1.234872	1.476951	5.371797	1.027255	-0.132850	8.314285	7.767598	2.687867	-0.057983	-1.325189	-0.477900	0.857071	-0.660276	5.406085	2.409274	1.344867	0.170145	1.911474	0.926808	0.358461	0.165906	-2.207598	0.283064	0.139541	0.237924	-2.414964	1.443219	1.188325	-0.559323	0.344480	-1.771952	0.389590	0.289290	2.783097	-7.331811	-0.476937	-0.085313	-4.200411	-0.498478	0.862214	-1.084553	2.253924	-0.579896	0.527400	-0.237563	-0.040506	-3.958180	-0.519318	-0.023626	-0.005769	-1.352220	0.144245	-0.140816	-1.625213	-0.195634	0.559340	-0.279066	1.103259	-5.749780	-0.869072	0.347091	5.161977	-7.377782	-0.590894	-0.043088	-4.927127	1.300149	0.995645	-0.762105	1.101681	1.075807	1.175776	-0.184274	-0.012889	-0.657623	0.351781	-0.054701	-1.624868	-0.622284	-0.091649	-0.252463	-3.986903	-0.834290	-0.411245	-0.476518	1.440985	-0.991280	-0.195349	-0.134125	6.119002	-0.727230	0.308827	0.199029	-4.895364	3.287855	1.010846	-0.745639	0.679941	0.672762	0.734909	-0.223557	-0.114232	0.043032	-0.025756	0.000715	-2.127455	0.004588	-0.276622	-0.059625	-4.159681	-0.112749	-0.297413	-0.322572	1.333251	-0.050859	0.288758	-0.275052	4.976703	0.403843	0.574700	-0.045560	-6.363482	2.346481	0.225829	-1.091667	-1.224089	0.089517	0.387502	-0.348900	-0.108176	-0.070557	-0.051404	-0.004184	-2.309334	0.044355	-0.336408	-0.017733	-3.244772	0.747610	-0.028641	-0.081114	0.369143	0.876586	0.609107	-0.071439	4.042617	0.351191	0.566314	-0.009598	-3.523354	-0.584015	-0.264371	-1.000317	-1.023314	-0.497379	-0.106259	-0.239705	-0.699919	-0.465418	-0.749282	0.108506	-1.320553	-0.474458	-2.090569	0.055179	-0.831077	1.687007	-0.893382	0.240509	-0.819220	2.989764	0.597910	0.020431	4.553835	3.453176	0.957634	-0.008012
6.799626	31.734556	1.373037	5.903035	8.711451	9.514638	0.437435	6.613520	-3.369577	-1.080025	-0.327046	-0.140583	-26.008903	-4.415047	-1.290800	-3.646440	3.645643	3.853667	-0.875257	2.778015	21.327257	5.183496	-0.558940	2.343936	6.312513	-4.991167	-1.415502	0.694059	3.351056	2.694994	1.752817	2.516460	29.293302	2.863047	1.297315	6.658770	4.453760	-5.903726	-2.293501	1.432583	-14.121075	-3.814066	-0.939367	-1.516557	-3.926239	-5.008402	2.005231	-2.975476	8.802274	-11.256542	-1.708637	3.922016	5.927546	-6.812449	-1.736942	2.478109	-23.388531	-7.260223	0.095950	-3.426742	29.553586	-4.413849	0.434853	-0.012949	8.592574	-13.379776	-1.404809	0.380874	-5.379921	0.903194	5.106684	-1.278282	-13.339736	2.674761	4.371440	-1.755709	-0.030514	-18.022839	-2.242024	1.190610	20.096976	-7.671182	0.624666	0.969582	-33.821506	2.175585	0.464130	-1.999000	24.404136	0.345487	2.931921	-0.086891	7.322208	-2.108248	1.799510	-0.269195	-7.698466	2.663652	2.564298	-1.181357	-16.904662	-0.581780	0.398128	-1.599852	2.814597	-5.624485	-1.191594	0.115424	26.980054	-3.491753	0.999052	0.824256	-26.197065	3.513750	1.621173	-2.473510	22.898265	1.279889	1.846071	0.379440	3.187321	-0.286200	0.303776	0.146142	-9.974843	-0.333726	0.146502	-0.233262	-18.896744	-1.682998	-0.131786	-1.008890	3.673416	-0.385458	1.396159	-0.586295	23.774039	5.451573	1.400791	0.023241	-25.863611	7.768301	-0.024823	-2.574886	11.272890	7.335143	0.460546	2.072598	2.919296	0.844653	0.127132	0.656707	-10.581413	-0.588631	-0.879495	-0.054028	-16.629903	1.064690	-0.731303	-0.292255	6.346055	3.832159	3.046501	-0.143674	14.848111	4.941165	1.583786	0.070024	-12.671791	-3.525598	-1.006463	-2.626018	-1.063872	2.643636	-0.451987	0.138866	0.305988	-0.103752	-2.152851	0.859427	-11.368887	-3.267104	-10.683723	0.631325	-0.245103	0.651027	-3.156348	0.005550	8.062764	9.122415	5.405517	-0.064435	7.398854	6.733820	2.906003	-0.028332
-125.896634	-54.260965	-9.297929	-10.374452	61.320525	29.114873	5.888056	-3.369577	474.141531	121.583887	11.747157	45.009364	363.050044	90.387394	-0.568264	126.335670	-636.082195	-108.067459	1.633950	-77.850464	-205.110500	5.705461	21.478999	-42.687362	134.049048	120.957385	69.913229	-11.204437	-312.623898	22.726449	-6.814369	-30.001475	-1.612363	97.240531	22.133077	-7.463763	105.244727	75.753259	10.483912	11.899070	228.812182	-47.089919	-24.918635	82.402995	-205.140846	116.705287	-6.262948	11.630442	-143.960537	108.175314	34.609583	-35.015626	24.523702	-96.995061	15.259926	0.314201	-264.738740	146.314054	-10.104789	-4.953541	-74.700405	99.017351	26.350237	-6.974092	-14.263840	-20.347679	6.005373	1.328084	113.408529	-170.252670	-34.132434	53.912526	5.860382	24.125982	-13.969067	39.457792	-97.501132	86.031125	-10.306007	-12.013455	-20.839522	-133.330586	-22.210683	10.707746	-51.853778	63.809287	-1.650434	21.531021	-64.113181	48.297293	33.195287	2.605442	-8.022121	5.347629	22.314132	1.567093	53.211009	-36.066598	5.774297	28.724583	16.993436	9.090668	-15.360217	50.815895	-110.254934	25.712650	-11.319244	4.679598	-15.904442	-13.793629	-1.897608	-3.145122	-127.546365	85.288215	0.005565	31.670340	-53.216638	13.029947	-1.560647	-0.026689	-4.216499	-0.556665	-1.084905	-0.794381	17.156014	4.343129	-8.689660	5.774819	22.732947	11.338983	-29.283947	24.124727	-16.554212	-14.797043	-13.638045	10.929711	-21.528587	-23.932384	4.984682	-1.232477	-109.485407	-53.153651	-25.853085	-26.716685	-22.498153	-11.549073	-11.569247	-3.083935	4.160128	-3.220503	-3.513580	-0.678898	-22.257755	-1.941301	-31.043150	-1.059585	43.305067	-5.831799	-47.756626	4.282704	45.339650	-18.878419	-8.916315	4.666039	21.311065	-27.307456	4.518745	0.163205	-66.775205	-35.106140	-15.653968	-22.859956	-6.638689	-5.728073	-1.080298	0.996646	-6.034316	-12.421405	-21.660627	0.505868	-62.880351	-7.923629	-43.938675	-6.245087	47.308168	75.158171	-10.556038	5.043326	14.684144	50.375193	-0.115321	4.084910	81.783235	49.766357	11.269616	1.288349
-54.678537	-24.984145	-4.173118	-4.712085	30.174910	17.365194	3.266350	-1.080025	121.583887	76.766444	13.841253	10.965680	15.177620	77.044935	18.819278	13.268486	-180.974326	52.745980	12.776320	-27.405493	-49.844062	125.234983	21.524163	-10.699660	137.035787	230.890109	57.332669	-2.605520	-108.606637	-5.730825	-0.544869	-7.284696	13.389468	36.282482	15.836842	-1.266326	38.546929	58.546926	21.917478	4.781680	10.365990	27.543333	5.626148	19.220826	-65.241859	37.555969	7.663353	-1.237186	-27.816699	19.257586	20.496441	-11.248933	15.955847	-89.859409	13.212830	-5.425573	-60.883087	21.913744	4.743698	-2.039243	-28.526424	2.126045	3.100157	-3.217595	-10.294859	-85.407259	-16.688763	-1.310543	29.841854	-111.847079	-17.369872	8.079300	37.068687	-30.821902	-8.778487	8.892108	11.444192	-74.604962	-8.548219	-1.940311	-3.898480	-192.992778	-18.790303	-2.659515	-9.105000	15.937782	-0.693176	4.182797	-28.502060	-3.574768	3.139146	-2.581553	-3.224119	-33.952462	-2.607348	-1.999202	2.612570	-32.735221	3.224526	-1.607119	-9.179278	-9.637721	-6.932847	0.926531	0.580283	3.168309	-3.432757	4.717214	21.418660	-25.556754	-1.919619	-1.179193	-49.770758	36.349111	2.001198	9.588630	-21.532010	0.680193	0.830813	0.310002	-2.230905	-0.285088	-0.684435	-0.365769	-6.272365	1.782389	-3.253756	-0.180571	-23.104220	5.619660	-6.197783	-0.152089	13.275698	3.786015	-1.061878	-0.196224	22.370395	-3.975265	3.166007	-0.562134	-87.353557	-8.484071	-2.243188	-8.059197	-11.588713	-3.859467	-2.026487	0.693266	-0.416904	-1.281637	-0.996863	-0.398465	-11.947623	1.744768	-6.969168	-0.511185	-10.573567	7.397229	-10.641868	-0.965117	12.119914	-0.142324	-0.904345	-0.498419	25.903562	-4.107481	3.168775	-0.092543	-53.275715	-17.866112	-4.110570	-15.852545	-10.911823	-4.330855	-1.351919	-2.387549	-8.006781	-3.715476	8.139041	-0.596020	-33.817022	-0.208306	-10.927960	-0.857637	7.808760	33.741784	-21.340745	2.595906	6.973498	28.949777	0.804384	0.261729	40.388446	27.235026	5.610327	-0.020058
-7.946125	-3.158238	-0.828060	-1.299989	3.008106	2.702555	0.621849	-0.327046	11.747157	13.841253	6.574120	-0.360346	-11.203987	18.958979	12.486656	-5.481288	-32.197141	33.396967	6.777417	-7.276508	-7.437733	58.316736	5.531300	-1.698558	38.419351	96.770168	11.708470	-0.458256	-16.903892	-2.550144	-0.550098	-1.399107	3.658987	9.834367	4.790036	-0.422640	7.336658	25.572728	13.863919	0.643569	-9.839931	17.575706	6.809942	3.711790	-9.701077	2.748584	0.310997	0.457464	1.272700	-4.923698	1.316210	-2.456317	-2.997141	-29.051652	-1.262269	-2.419555	1.333830	-3.230504	0.791906	0.922536	-3.674406	-4.807857	-0.369879	-1.110640	-3.355127	-31.443053	-6.590416	-0.895472	5.045128	-40.620780	-10.297038	0.419045	22.208067	-17.911018	-5.905928	1.483762	11.769828	-31.746698	-5.133031	-0.578775	-9.906589	-60.290551	-6.456476	-1.708660	7.327074	-2.060518	0.474802	0.111081	-4.755646	-6.779255	-2.194985	-1.065203	-2.261847	-18.015356	-4.926223	-0.679118	-0.797604	-15.139628	-2.814016	-1.753446	2.540144	-4.736094	-1.542042	-1.618833	3.579663	0.523620	-0.989570	1.769923	-0.267920	-7.651281	-0.840022	-0.152001	-0.226731	1.692061	1.657340	-0.773367	-4.073522	-0.987407	0.031255	-0.931845	-0.766102	-0.270177	-0.193432	-0.012407	-1.936387	0.586025	-0.310754	-0.017745	-3.700147	1.565116	0.329152	-0.607973	2.956953	2.548446	0.881103	-0.242341	2.104444	-0.331552	-0.103300	-0.056039	-8.299355	-0.218374	2.841665	-3.908357	-2.916541	-1.903300	0.771628	-1.538805	-0.541645	-0.559881	-0.275323	-0.182200	-0.853184	0.496740	-0.026650	-0.083955	-1.468906	3.759104	1.982913	0.125502	-1.587874	2.067000	0.825846	0.120765	-0.659282	-0.368187	-0.174189	0.011495	-6.220068	1.031973	0.163966	-3.456359	-1.900207	-1.347566	0.301728	-0.985672	-1.391336	-2.042442	1.342347	-0.371723	1.056036	0.999138	3.510926	-0.636882	1.175014	-0.311024	-1.131268	-0.335836	-5.473178	-1.660928	-0.978796	-0.108214	-0.387194	0.135597	-0.059253	0.107515
-11.747541	-3.236936	-0.863763	-1.328768	-2.498964	-0.666368	-0.075274	-0.140583	45.009364	10.965680	-0.360346	13.678092	42.064897	20.254703	-1.327020	33.207517	-80.890761	-21.957739	-1.320464	-6.477105	-26.282718	-11.116369	0.790351	-5.489140	0.004224	8.652128	4.526655	-1.290430	-32.353258	0.313355	-1.976391	-2.983075	-7.804239	0.395200	-1.069626	-0.666214	5.133291	-10.138254	-3.215535	1.372711	34.930076	-19.931253	-4.902321	11.796750	-17.484053	10.002709	-0.927508	2.508299	-17.391466	15.013448	8.256386	-5.141651	-3.247527	4.474599	8.564661	-1.509632	-47.080499	16.409263	-2.822237	0.446660	-11.570221	7.846553	3.554985	-0.986608	-2.052741	-3.888747	5.695816	-0.568830	16.149243	-14.659072	6.057708	4.761916	3.388254	3.923974	0.814048	3.207664	-14.865107	11.921023	3.594224	-2.083465	-17.272836	-14.663363	-2.053362	0.816278	-10.479056	10.249313	-4.106312	6.784853	-5.282159	4.548666	2.935500	1.385443	1.438478	7.655416	9.017222	-0.033625	8.545653	4.287550	8.879525	3.499008	6.110355	4.855978	-1.394593	7.507176	-11.342585	2.409649	-1.428335	1.049909	-12.537737	-0.684616	-1.055112	-0.288818	-24.640431	9.849859	-3.149637	11.782890	0.876164	3.048284	-1.641712	3.893386	-0.756578	-0.699523	-0.048351	-0.114329	5.839855	0.525038	-1.213744	0.667926	7.527054	0.792425	-4.158878	2.699000	-0.090746	-3.636410	-2.193668	1.810086	-6.197867	-3.966076	-0.987097	-0.106590	-32.158225	-5.996628	-4.410792	-0.376109	3.208533	2.270601	-2.034186	2.387434	-0.286865	-0.472886	-0.550828	-0.125882	1.158102	-0.142849	-4.038744	-0.129295	8.807357	-1.932755	-6.827774	0.084990	10.527335	-5.577657	-2.969869	0.274486	0.214087	-3.998600	-0.797068	0.028668	-20.584565	-9.985939	-2.460540	-4.878762	-1.122582	0.081955	-0.792806	0.410678	-4.937403	-0.014714	-0.981441	-0.329927	-7.242308	5.720404	-5.100892	-0.828573	10.833262	12.659655	-3.246617	-0.260340	10.422863	2.874011	0.979437	-0.072522	1.369469	-0.028544	0.391191	0.036905
15.698673	-90.339690	20.717942	-7.542121	-47.347876	-54.491926	-2.538798	-26.008903	363.050044	15.177620	-11.203987	42.064897	2157.104948	129.282521	-49.591392	400.679745	-352.612457	-600.679524	-51.726114	-78.325981	-1087.587164	-796.649852	-31.661996	-238.152951	-683.862447	-890.959600	-63.637064	-74.556645	400.406212	-175.812830	25.902324	-21.895808	-184.509050	7.704358	-17.670708	-54.338655	23.390590	54.473942	-81.121420	-4.286317	1103.967875	-448.472401	-134.737419	174.877924	209.894857	-37.307022	-129.384778	153.925031	-685.825414	626.497566	-3.345290	-137.080955	-388.250455	373.743306	-15.555739	-40.358168	410.732237	-35.086985	-28.167768	2.792659	-408.156909	152.713142	3.666919	-25.588810	-53.501191	403.059623	-20.755039	15.933158	446.885762	-177.556238	-123.830064	165.798136	304.984074	-149.833714	-56.261629	175.813831	-562.843822	1046.390167	83.020549	-56.451655	-702.865157	1157.138567	3.021316	-3.046188	568.412952	-48.358684	-75.816969	84.882490	-483.541247	107.424081	-4.297129	10.583362	-81.741669	216.975587	43.755032	16.855341	469.750831	113.075374	-15.388537	112.606819	751.861909	68.690885	-23.891743	197.839157	-446.457905	81.374790	-24.002759	14.367104	-1089.730105	130.745414	-14.433266	-17.979857	429.099163	-82.304754	-75.532000	153.889938	-375.309353	-14.418578	-23.163133	-27.019780	-68.763242	-8.257670	-2.341331	-5.525023	434.071655	8.408723	-11.937419	22.265864	806.311673	-36.026623	-78.974697	82.919666	-147.512899	-160.723141	-109.003727	42.485851	-897.940736	-176.923399	-60.021467	-7.841375	625.730451	-256.022856	-76.695070	153.588057	-87.830078	-138.934161	-52.644705	0.019101	-32.466826	-24.459229	-19.872949	-7.960077	343.911942	-8.988045	-46.462322	3.755586	608.334632	-100.706078	-120.012467	22.486866	57.947549	-188.614391	-109.722459	16.010927	-535.840117	-240.096397	-76.041973	0.686337	388.071037	39.605688	-2.314569	121.586202	79.520877	-24.469555	1.738265	29.809770	-28.457840	-36.884527	-68.618502	0.040802	326.435973	-14.721013	-91.324144	7.176842	559.454578	22.087567	-160.397583	8.120812	91.929903	-273.749958	-175.848785	7.446075	-251.283178	-238.145982	-69.437351	4.714346
-112.928352	-30.946235	3.684597	-10.567259	0.472376	-0.388812	0.867236	-4.415047	90.387394	77.044935	18.958979	20.254703	129.282521	301.662015	39.849362	53.011863	-215.818104	212.110079	19.429473	-10.623724	-143.507060	157.259378	22.864461	-24.897344	64.019059	362.022835	61.124087	-12.030040	-158.924216	-5.274457	6.872465	-11.170512	0.902936	18.845364	13.352798	-7.415614	18.994513	69.984422	48.493866	-1.035898	58.125431	8.386742	18.449831	25.981023	-47.903017	-34.630684	-25.511388	13.832798	-35.568355	57.368438	31.019354	-13.065025	-66.915210	-11.363517	52.394595	-13.864932	-22.247527	-6.894098	-3.678442	-2.518231	-50.483989	-15.857997	-8.270536	-9.435509	-30.890255	-141.006913	-11.696328	-7.944341	80.209331	-238.155545	-20.877835	9.355771	129.226952	-177.785813	-29.775881	5.929323	15.052165	-123.401179	5.769213	-6.116054	-196.045666	-241.096964	-3.356339	-8.162803	56.316980	2.672689	-19.141727	13.320854	-53.527969	-11.011327	-12.418046	-1.402361	-23.168675	-38.856410	4.149239	-2.456441	94.001224	-38.294387	24.454667	3.406057	89.520770	-14.405874	2.407896	5.793176	-42.121735	-5.267265	-3.560102	6.384302	-158.091885	-43.097742	0.147755	-3.421134	-73.928562	45.793530	-7.132864	36.574608	-38.520016	-2.338998	0.233037	2.954509	-16.962107	-0.830714	1.129037	-1.559874	104.222102	9.825758	1.662357	0.748822	87.573510	15.208491	-6.815487	-3.034705	-27.104658	-10.460376	-8.950758	-5.441007	-115.201561	-32.652669	-10.610831	-2.664776	-138.768537	14.304028	0.755799	4.041642	-0.651430	-9.232665	-7.804157	4.265820	-6.212437	-6.586729	-5.014635	-1.861701	106.771261	12.965511	4.123011	-1.582725	60.858663	23.468338	-13.431786	-4.198246	-17.548689	-12.063450	-17.838686	-2.190685	-98.235526	-45.672465	-16.561533	-0.041708	-101.850710	4.222579	0.315838	-35.680326	-22.732118	-10.785147	-4.606854	-7.450799	28.210040	12.343454	20.945949	1.826709	114.117210	103.356638	61.256350	-1.571948	-16.214311	36.421174	-42.977745	-4.600673	-57.830032	-59.402988	-41.258869	-2.376225	-59.853131	-44.794770	-15.187401	-0.161080
-8.450640	-7.712006	-2.220221	-3.206731	3.345888	0.850828	0.331757	-1.290800	-0.568264	18.819278	12.486656	-1.327020	-49.591392	39.849362	42.324753	-16.305544	-65.039624	73.772770	24.196170	-19.005987	-18.835912	120.746764	10.434625	-3.328758	90.725530	217.861028	21.975204	-1.517827	-36.064615	-13.830022	-4.079578	-3.449314	3.603609	8.893431	6.560170	-1.450132	11.070671	50.383388	35.330302	0.743848	-22.868941	46.151294	25.560960	2.638336	-24.605712	-2.700505	1.034674	0.024137	10.629769	-12.334976	4.110415	-5.095850	-9.375123	-49.264921	-1.164078	-6.054800	-6.925817	-10.794158	1.538739	7.062525	-8.401988	-11.110618	2.737891	-2.919387	-7.840975	-62.815547	-3.358012	-3.522922	8.719206	-90.994381	-21.873367	-3.577490	55.674549	-49.611765	-12.521002	-3.434477	36.299926	-73.586599	-9.480334	-2.356692	-36.966913	-134.557337	-12.757249	-1.869303	4.960893	4.370438	3.614147	4.062666	-11.637287	-2.953994	2.725537	-2.420364	-7.577591	-35.305474	-4.153478	-2.272887	3.009216	-31.835414	-4.121828	-4.877339	9.457533	-11.145710	-0.856845	-5.485178	12.284124	-4.082819	-0.478727	3.728097	-15.243517	-24.345995	-0.836396	-0.947207	-14.639467	10.718241	7.598735	-2.247768	-6.519201	2.315085	2.095169	-2.413666	-3.485089	1.966219	0.997964	0.065366	3.786825	3.352077	1.446106	0.332169	-6.899152	6.295411	5.450680	-1.064613	4.821731	6.427460	3.711306	-0.655628	-5.895364	-3.709807	-1.532707	-0.356250	-38.335175	1.443170	10.854889	-10.277221	-2.468800	-7.202272	0.871785	-2.571297	-1.545568	-2.081064	-0.717991	-0.467096	12.020344	2.130177	3.002332	-0.096640	-7.192759	8.080255	8.449330	0.496202	-8.216218	1.629967	1.905001	0.362430	-9.626553	-4.943370	-2.369431	0.107205	-34.183855	-4.599319	-0.347627	-9.857417	-6.693477	-2.864988	1.203004	-2.399098	3.638366	-6.855556	1.837732	-0.436624	22.656653	-1.746217	9.408594	-0.854394	-3.173782	-9.920797	-7.193662	-1.161148	-16.589927	-13.884294	-4.926466	-0.467618	-9.412496	-8.244905	-2.257124	0.678139
12.142302	-7.014507	-2.111816	-4.659071	-4.328748	-13.724078	-1.420649	-3.646440	126.335670	13.268486	-5.481288	33.207517	400.679745	53.011863	-16.305544	307.123681	-377.670445	-199.072888	-18.011580	134.292615	-296.206630	-241.127340	-13.281331	-45.467391	-206.066030	-316.100568	-26.564233	-20.249565	34.805212	-23.673988	-9.721391	-8.865921	-39.106448	-28.970223	-12.778225	-11.923046	-13.319064	-77.606023	-40.217720	-1.365812	224.672570	-173.566889	-53.811142	61.643200	49.006410	-39.460625	-32.557689	68.534113	-154.704040	85.022477	-9.740972	-18.842265	-113.448909	43.703704	-2.379893	-2.192828	-22.615405	11.209351	-26.359963	1.322702	-49.043723	25.063519	10.351880	-6.891253	-15.956165	108.991045	20.690483	3.636294	56.617584	52.806992	7.356517	29.889749	-1.962163	8.585581	-4.185114	42.799482	-129.102290	216.595746	16.066164	-3.705294	-126.952239	348.031625	7.936126	12.707926	47.566135	0.611189	-27.151113	25.381941	-43.833109	50.914623	12.462120	6.445259	-4.704562	122.959709	41.710069	3.900543	11.074521	107.277035	24.218418	22.318259	73.394021	46.558605	-8.435468	55.691465	-19.722989	28.723714	-4.186823	10.153476	-180.735057	83.329956	0.742519	0.019935	40.966077	-14.694305	-22.598467	46.135895	-18.856154	-5.026142	-8.957128	8.919735	-15.516737	-3.803709	-1.750926	-1.571756	-4.357399	1.558460	-7.333208	3.537611	98.393946	-14.674144	-18.717420	15.510174	62.912861	-33.392907	-16.332970	12.619547	-123.131415	-32.328597	-10.570221	-0.319849	91.203220	-58.230713	-29.198137	53.986900	51.733966	-11.007304	-14.569406	19.374546	-8.952578	-5.081584	-6.208522	-1.744911	-17.899253	-3.543105	-18.002341	0.818898	70.611026	-19.964073	-14.063122	7.426035	88.176654	-25.456563	-7.831548	4.927025	-62.800446	-48.197939	-14.521411	1.089839	46.296725	44.293749	-9.519672	28.809671	41.221791	23.320545	-1.845454	15.393794	-24.905487	2.625075	-17.615625	-1.640900	-18.289400	15.891293	-53.831891	3.471070	115.534623	59.512948	-8.472440	4.381358	89.290591	-16.715989	-5.648315	1.349655	-42.249927	-45.833529	-13.315667	0.518608
109.536424	88.919845	9.565547	16.565608	-72.427540	-30.289441	-5.052366	3.645643	-636.082195	-180.974326	-32.197141	-80.890761	-352.612457	-215.818104	-65.039624	-377.670445	1857.339421	93.918817	-38.729838	-15.581538	330.348719	-391.062303	-49.432220	-14.867072	-525.914387	-756.822999	-117.541652	-38.527119	620.476632	-131.694074	55.565134	19.690961	8.177712	-138.025265	-33.360196	4.174680	-135.353214	-174.633079	-92.495702	-15.354515	-272.392058	-27.375490	-27.259521	-154.493966	599.009307	-229.377108	-6.877582	-41.665872	237.155570	-40.713398	-62.593999	51.303604	-141.671259	361.013384	8.730585	-49.987691	561.253851	-300.112792	73.865117	-57.273487	27.133029	-95.111899	-35.370179	0.955874	34.558725	159.529466	-44.048171	1.172525	-136.215335	416.962273	55.649118	-71.060406	53.785923	-35.813924	38.824060	-44.787739	100.703692	130.892224	50.407248	9.890664	-127.452898	711.143346	99.149854	-32.654045	248.556352	-116.440141	25.197389	-84.832340	-34.056874	-43.145309	-38.877670	-17.657326	13.525550	59.486780	-33.415435	-0.833721	34.328272	128.655974	-12.629395	-31.378802	255.237981	-0.289992	47.058181	-77.419587	106.949876	-11.203505	23.612237	-28.740739	-273.167610	97.880572	0.236726	-1.806170	419.828312	-173.895954	-6.482907	-93.945622	-84.633273	-44.255997	-5.840275	-37.142466	-5.598532	-7.563279	-0.408958	-1.113051	108.700351	-8.947918	37.563692	-7.977183	276.048546	-24.302402	73.046795	-40.136353	-61.423528	2.453172	-7.875823	-23.215955	-265.975264	18.489474	-24.101284	-2.818659	562.168347	21.385328	20.884052	0.682504	-105.908804	-52.240011	-1.779495	-45.081219	-14.242066	-8.390676	7.159494	-2.412322	176.785250	-0.450685	106.443249	-0.323160	150.208824	9.517861	70.786548	-11.877851	-174.403941	5.121861	-32.148229	-8.966733	-255.872679	-9.349939	-30.272663	-0.985246	320.350499	62.635898	39.623455	43.096233	-27.407250	-41.638435	-2.027975	-26.644572	55.183150	29.323401	64.565461	-0.958633	310.347721	17.630951	180.300951	6.972058	5.074310	-186.016042	-0.901029	-12.919116	-220.904665	-202.439595	-120.727252	-10.018776	-223.307136	-154.923343	-50.006870	-2.013638
-203.017361	20.423562	-8.776075	6.205629	-0.540653	22.402990	3.154969	3.853667	-108.067459	52.745980	33.396967	-21.957739	-600.679524	212.110079	73.772770	-199.072888	93.918817	654.790822	54.159246	-30.704431	289.130886	656.745545	44.245792	59.389666	310.840576	917.858163	92.527652	16.722381	-291.398071	29.658404	7.055367	12.230789	95.454387	46.202598	36.437309	10.668832	14.539580	167.550754	126.087232	-0.606824	-397.946772	284.069874	114.493128	-41.723976	-121.630764	-20.645503	22.111684	-61.823064	243.986020	-129.325605	12.909957	31.238424	41.937435	-72.051365	18.672591	0.429364	-86.051541	-63.454289	24.630813	-5.730095	109.964887	-106.607545	-14.922796	-2.573494	-7.444826	-347.166855	-14.629206	-12.867990	-67.568240	-267.035791	-16.200196	-46.838553	132.462131	-207.627569	-42.933517	-49.636125	262.732176	-627.149624	-50.682688	8.877577	-10.116938	-795.432494	-37.352623	-21.527215	-88.119648	-20.588282	20.651244	-42.920712	98.818190	-93.115178	-26.678144	-10.281370	-11.108099	-233.485869	-52.714392	-9.966216	-47.094972	-188.756160	-13.218180	-47.148868	-99.917399	-66.523657	-0.426447	-75.861298	140.180151	-43.906566	-2.324237	5.049331	168.052951	-139.160437	-0.402706	-0.929676	-142.037365	45.035393	22.348024	-53.943676	67.840307	0.038028	10.475206	-7.246245	9.810856	4.918094	1.531565	1.094591	-28.318494	9.273656	1.444841	-7.558839	-151.606957	41.627885	22.905972	-34.942432	17.727016	60.750820	33.611719	-22.790796	138.115794	32.588848	8.499008	-2.400061	-347.962411	158.891325	30.833046	-48.062947	-21.528119	50.971801	17.470024	-12.947634	4.463175	6.621297	3.159436	1.388646	22.577974	20.447446	13.278006	-2.699429	-87.259191	86.079123	40.380800	-13.085828	-70.358292	71.809004	25.898140	-9.992030	5.505387	40.549076	3.637696	-0.856703	-229.945152	-4.925198	-3.557379	-62.876900	-84.075952	-20.951166	-2.360703	-26.744617	18.504638	-5.155099	14.133840	2.914722	104.440124	102.895664	103.830741	2.373834	-142.542800	28.560060	36.782589	-3.911071	-142.359593	-9.100376	-13.502195	-5.390170	-46.383239	-15.300347	-12.565641	-1.710590
-2.956492	-8.463163	-1.766045	-1.237404	2.440914	1.505290	0.441274	-0.875257	1.633950	12.776320	6.777417	-1.320464	-51.726114	19.429473	24.196170	-18.011580	-38.729838	54.159246	21.142217	-18.853079	-4.803429	98.018728	10.748877	-1.484725	80.528517	174.544066	19.226559	0.117276	-25.562029	-14.950856	-0.710429	-2.110675	2.649810	8.746647	7.319243	-1.064882	6.656019	42.729060	28.434732	0.346098	-22.633677	47.852452	25.972655	-0.705397	-24.462471	9.077947	6.005019	-3.762042	11.324253	-11.980285	5.384053	-3.745465	2.350838	-34.100120	-0.547448	-4.574452	-7.488659	-7.789222	6.720669	3.267243	-10.861536	-9.876539	3.761492	-2.207871	-5.250363	-42.663861	3.562874	-2.632224	3.414327	-64.035655	-11.621291	-3.973762	40.246473	-36.831222	-8.893014	-4.455621	36.286908	-63.470211	-6.827255	-1.193580	-18.824291	-118.107644	-11.673184	-2.683648	3.749864	4.560701	6.571528	0.720590	-15.714126	-6.880514	1.332373	-1.427482	-7.138264	-35.717945	-4.718566	-1.591893	1.955715	-32.692147	-4.245733	-4.772139	5.056774	-11.328112	0.229872	-6.701662	15.728092	-5.202314	0.290511	1.279692	-5.964823	-22.603797	-1.679505	-0.893964	-10.123778	11.059653	6.436386	-3.885773	-13.380788	1.891289	1.010399	-2.085840	-2.990887	1.083634	0.393245	0.532140	3.164623	0.973109	0.899327	-0.035751	-5.193869	4.719310	4.722745	-2.007559	3.608811	5.936519	3.609568	-1.563774	-5.096549	-2.501543	-0.642056	-0.437328	-35.299274	2.733511	6.844826	-8.742856	-10.033677	-6.052292	-0.607278	-2.983006	-1.976320	-1.423825	-0.557701	-0.018935	8.663783	1.985436	3.578652	0.562308	-2.832103	7.514879	9.259853	0.063661	-12.923100	1.736478	1.435928	-0.281838	-8.672741	-4.094707	-1.329407	0.031796	-33.223955	-8.691738	-1.081525	-8.134443	-8.923655	-5.614836	-0.305892	-2.257598	2.021449	-4.391360	1.045158	-0.807317	23.844274	-6.356731	10.318646	-0.588302	-4.981007	-14.433804	-6.828101	-0.000119	-21.136135	-11.455755	-5.878691	0.216138	-4.839747	-2.959534	-1.168362	0.844317
-15.174170	22.535683	-4.267821	-1.379037	11.016097	-4.909307	-1.234872	2.778015	-77.850464	-27.405493	-7.276508	-6.477105	-78.325981	-10.623724	-19.005987	134.292615	-15.581538	-30.704431	-18.853079	244.756425	-44.299446	-133.181079	-16.269995	37.634588	-187.054141	-281.031331	-38.275634	-8.083205	30.054159	19.752055	-8.768505	12.073504	21.745951	-34.885619	-12.886571	0.780959	-35.692372	-91.622819	-38.981503	-4.319612	-95.361910	-82.395720	-29.086784	-5.593511	57.776930	-99.593034	-8.609480	34.304507	26.384714	-28.670399	-22.716219	38.804680	-44.262014	96.571631	-6.484225	11.731210	18.929973	-29.805640	-10.700981	-4.210280	76.938050	-16.509916	-3.333736	1.946102	2.206481	47.481711	6.917322	4.955239	-71.202055	149.246644	47.812199	-12.922876	-79.938969	34.714912	15.530939	-2.193360	-3.581517	-45.639432	2.851198	12.491515	20.418849	176.645202	26.224752	14.571799	-55.333111	-17.180044	1.181549	-8.831166	78.395059	18.107108	4.239387	1.965775	11.076153	82.286360	23.838567	2.633345	-73.125043	91.181690	21.908338	-8.105876	-75.536894	19.211290	1.980925	-0.572275	88.896755	-22.758422	0.219292	5.610846	46.961334	38.431020	8.560983	7.495685	12.112142	-30.238755	-1.804405	-14.445473	78.991878	-9.053680	0.728298	6.568097	2.204651	-0.021319	-0.797583	-0.530748	-75.224815	-3.745370	-0.543024	-2.730759	-69.716285	-18.083838	6.152983	-8.242939	66.848515	0.193400	11.535154	2.136051	69.948705	24.399516	5.473906	1.921935	73.564330	15.884866	-3.157344	35.489796	89.030251	19.088233	1.861988	17.266690	2.481680	1.484473	0.945307	-0.238439	-74.288698	-4.799076	8.916481	-0.196584	-67.279777	-3.935922	24.154442	1.437035	41.654729	23.358951	24.782589	1.622862	31.158197	24.655972	4.852971	1.827948	76.325113	85.124867	-1.585135	32.321438	50.464725	49.674533	3.053586	13.005245	16.035099	29.410444	13.128533	2.042280	-81.430399	32.560993	-4.849068	4.460677	-49.514640	23.069715	49.729746	2.373252	42.937081	17.159997	35.955104	0.818422	-19.490504	-21.350648	-7.443110	-0.366487
