106.431049	374.710358	18.680568	15.561989	95.868928	205.305562	31.904172	16.836964	-101.868893	146.010273	17.185717	9.985472	-140.759427	73.878247	-5.124922	-11.512046	-22.041161	-35.857738	-15.950090	-0.300872	-7.484517	-72.452596	-17.266958	0.989609	-3.165629	-15.664149	-2.586372	-1.061090	114.536089	-76.277046	-27.031791	7.256679	78.123220	-97.734357	-14.438691	8.258081	-16.024586	-39.402550	-19.689873	-8.913089	-45.686117	-81.357586	-37.504105	-8.970230	-7.460168	-132.481380	-13.720145	0.809216	7.294862	-69.627526	4.037946	3.185214	4.938889	-3.945176	9.048249	4.035746	97.221968	-229.284137	-11.232853	-4.632401	47.348583	-52.231644	-5.246093	5.418251	-90.969060	77.697538	-26.917274	2.008899	-30.696530	48.579161	-4.731930	6.037250	17.127604	31.606844	15.744760	6.249392	17.278137	5.468689	7.940291	3.297784	-1.706081	-6.103976	-4.298272	0.751750	72.898215	100.641098	11.812594	11.405363	-24.144497	93.751646	14.965725	3.593489	-59.572899	24.482633	26.090490	-9.502055	-18.478705	-46.685145	29.030653	-16.781164	15.760187	-41.520690	-22.528337	0.552086	13.338348	-50.359606	-37.132734	3.513328	-5.675572	-33.182307	-23.955823	-1.500787	26.352526	55.650153	8.317150	6.807633	35.102848	32.216825	30.779491	-2.282838	-2.172469	-15.299693	22.583867	-9.647237	-34.694058	-55.410684	-27.916069	-8.283744	-23.406975	-53.918723	-25.693934	-10.318446	-11.900127	-25.630292	-12.621624	-4.462866	-2.774240	-11.100770	-2.708863	-2.959790	68.763860	33.364460	0.721588	4.299618	65.883698	24.340505	-7.499195	9.330696	-18.509765	1.762503	-48.394458	5.604397	-35.437068	2.741868	-45.716116	2.714519	-21.050773	18.350154	-13.231737	-3.047677	-18.365566	26.108401	9.850124	-14.147745	8.370115	51.927101	19.096588	-1.897574	28.311888	7.071198	-3.264430	5.958001	-5.405874	28.506267	-15.273714	35.406336	-48.711982	29.071729	-18.810515	4.797606	-29.984979	-4.027852	0.186988	-22.925497	-5.788731	-27.962166	8.693611	-4.775218	6.662680	-65.114809	9.738708	-1.363424	-14.108732	-140.062557	-3.575988	5.024462
374.710358	3354.124348	172.014710	120.810029	413.940642	1827.241019	252.759230	107.270394	-423.627168	1115.879542	181.686589	164.858186	-992.724597	1005.559066	30.878800	16.895262	-263.633788	279.606740	-42.229140	-7.194324	-39.099694	-458.554640	-101.819939	3.494983	-41.277184	-174.816150	-26.032563	-5.154180	273.739648	203.664098	-184.481090	104.302583	639.379981	-371.213232	-154.966146	69.442972	304.310712	-296.313655	-144.106838	-28.464950	-247.727642	-644.352716	-329.100169	-63.963501	-90.120480	-1210.318702	-273.873196	-11.616399	-38.623030	-764.355028	-91.546169	-7.741450	-56.530011	-180.612656	-11.165573	-0.326235	240.436564	-2340.411645	-200.782040	-54.519097	540.980913	-706.490186	-33.649685	13.361713	-296.901642	311.884190	-185.497886	0.279857	-236.884906	270.666938	-149.688054	46.550389	14.646664	174.956066	76.492811	66.001759	65.050162	162.095458	52.212344	26.027733	-7.315294	73.229057	-73.059183	25.739429	358.004238	456.311866	41.420185	25.079911	-146.993884	590.388983	39.977712	38.280383	-433.159752	271.367893	100.865271	-64.674090	-88.853812	-188.316515	201.077089	-56.873778	98.496089	-67.095940	-22.205992	65.219051	26.846796	-133.335082	-209.334651	49.347112	-12.919403	-101.411733	-123.178954	7.001333	76.171633	157.822093	-5.574504	11.716837	117.340882	101.665021	113.448300	-17.484704	31.274210	-142.531563	226.138344	-81.506606	-116.024495	-343.833563	-104.742996	-11.156885	-32.857771	-332.204172	-147.297976	23.006224	-58.668473	-215.419268	-82.844080	-64.750948	-50.995396	-151.245939	-38.580178	-51.609543	212.569184	116.370714	-36.175414	8.695943	420.363068	124.786119	5.410833	47.838426	58.352287	6.473576	-231.436551	71.556125	-180.453334	-33.709667	-296.125181	71.594973	-75.093802	-12.543603	-96.162634	-4.746217	-188.109286	-56.252537	0.509452	-132.462082	-40.233322	-25.657903	42.066410	-66.075958	28.755020	-16.312710	-19.622406	-10.503306	-50.694571	29.027825	-98.633753	161.764135	-217.050091	28.139037	-126.895340	110.244349	-196.619179	-33.413121	-52.247822	18.500582	-34.955195	-143.741396	-11.488692	51.726178	-42.030718	-324.742521	61.895228	14.261382	-95.822989	-771.928407	107.331613	74.946701
18.680568	172.014710	33.947787	2.704980	41.186576	115.244526	34.461343	6.079459	-37.220773	92.538945	23.639664	10.605470	-89.230591	84.663745	9.911189	1.613162	-27.101999	33.534373	2.304288	-1.961930	-3.645403	-26.426081	-6.680719	-1.736024	-4.369328	-9.081509	-1.076423	0.291224	28.159219	12.298049	17.861522	-0.274119	44.912346	-60.170542	-0.216981	2.793164	31.243027	-42.688846	-10.075588	-2.752883	-9.837490	-66.584062	-25.014921	-5.236019	-8.917326	-112.444484	-15.541008	-1.056976	-5.102113	-64.734075	-6.134795	0.664906	-7.053593	-18.071510	-1.779063	0.895328	23.363671	-149.881458	-13.034664	-3.201198	49.382520	-75.761950	-11.615260	-2.203133	-0.520060	-10.434867	-23.963200	-2.323082	-6.816129	12.055644	-3.823038	5.227773	12.875264	14.850376	20.276180	9.606815	20.073438	15.231855	8.393044	6.652322	1.054666	-26.505535	-11.517814	4.166306	20.309622	8.317916	-0.282164	3.499056	4.757632	9.490125	-2.066221	0.617721	-19.349111	-5.246258	8.306675	-12.779812	-4.977629	-19.185822	18.723145	-3.394092	19.570501	-8.914120	-6.646852	16.390105	12.005651	-30.833311	-26.842189	11.854037	1.408902	-44.303469	-13.275963	1.075379	4.146389	-0.350099	-1.420809	1.932489	15.671584	-3.513393	2.545027	0.475560	6.137909	-31.438986	12.816384	-8.327752	-4.614710	-34.204635	-4.368297	-7.339759	-10.487642	-31.703882	-10.811892	1.068375	-6.157573	-26.309398	-7.198933	-3.252824	0.179071	-10.313622	2.040242	-3.022173	11.197076	-0.927316	-2.984850	-1.288511	19.394055	-1.419234	-7.530928	0.219769	12.867513	-7.989776	-25.153160	2.925401	-2.983752	-6.057852	-17.679064	1.144284	-10.606784	-2.873348	-1.089560	-8.709516	-18.353363	-0.701684	6.527172	-12.272903	4.618546	23.306280	12.066734	-2.959768	0.207389	-6.199336	-2.141334	1.710103	-16.462785	-17.600210	-9.324412	2.117099	-12.313814	-33.501057	-12.114648	-7.717752	-2.681391	-43.820916	-0.820865	0.386167	-1.238319	-44.957800	5.531124	5.409557	-2.717108	-53.652347	13.379939	-1.172613	9.494282	-67.905815	22.374297	-1.208010
15.561989	120.810029	2.704980	16.035888	26.270012	57.244887	10.666327	5.426557	-17.086599	36.885955	5.836025	13.346478	-48.519100	11.578032	-5.176448	3.751463	-15.538712	-29.096316	-7.813944	-0.639592	-4.604049	-28.068577	-5.901228	-0.117603	-2.144489	-8.663508	-1.317997	-0.877131	8.976487	-36.831634	-10.119646	17.481656	27.794336	-26.679828	-4.376811	3.553569	5.485164	-11.907229	-5.722045	-0.766497	-17.646207	-21.233678	-12.181689	-1.813784	-3.538261	-46.983803	-3.497222	-0.131702	4.284638	-26.714218	1.917784	-0.170275	3.020820	-10.001225	-1.535012	-0.086447	24.350624	-70.484090	-3.570943	-1.628242	15.649534	-18.144014	3.365610	0.033740	-26.754921	23.475213	-2.622460	-2.792845	-9.820595	20.017729	-5.396238	3.673383	2.871707	1.187435	6.446100	3.091548	3.669569	-4.411325	11.282581	-1.074728	0.550007	-8.426522	-2.338696	0.893254	22.704860	31.033427	3.824490	1.634255	-5.299601	30.665286	7.460085	0.036592	-21.444596	8.932990	14.015311	-7.575896	-3.758825	-10.472501	8.973662	-5.060973	9.654611	-18.848668	-3.386288	2.759400	3.232079	-22.691680	-4.995573	-1.058554	-5.493298	-17.290079	-3.218113	-0.283803	5.866899	14.959071	1.061571	1.658615	8.008014	6.218907	11.222982	-1.314773	-4.335615	-4.835515	13.529410	-3.115591	-9.709872	-23.403686	-1.542096	-3.549445	0.811243	-20.227261	-4.037132	-0.700595	0.832626	-12.263729	-3.930691	0.613048	-4.500294	-10.083311	-3.322607	-0.699254	9.641512	2.043207	-1.780015	0.570209	19.438369	-0.134163	2.677397	1.104653	-2.349523	-4.678507	-5.463587	1.864393	-8.526678	-5.505343	-6.795607	2.108147	-8.588205	-6.645958	-3.722455	-0.508294	-7.319958	-0.524129	-0.797755	-0.938751	0.036896	4.002753	0.322418	-1.440210	0.921145	-6.387083	-0.874084	-1.833548	4.910999	-3.371888	-3.254475	10.254659	-6.262964	9.433192	-2.674676	4.956894	-8.629856	10.117498	0.458839	-3.809924	-2.931585	-1.126181	0.569250	-2.014857	-2.064041	-6.527687	-1.363064	0.025798	4.388724	-10.296792	-4.870453	8.395105
95.868928	413.940642	41.186576	26.270012	866.561796	219.870030	127.396004	61.075482	539.184853	342.023397	-18.062852	151.782685	-822.497792	254.474779	-99.727893	-50.386784	-371.427593	-9.313327	-49.627549	-35.688136	-31.635534	-153.241362	-42.432333	2.726077	-31.332244	-78.523500	-11.609170	-3.186878	134.861512	148.405550	7.103543	40.041384	362.844152	-454.350466	2.627746	50.032445	140.099308	-305.681589	-83.639129	-3.207717	-292.116354	134.001395	-172.810906	-25.783445	-63.141414	-286.506131	-44.725165	-19.065883	11.827853	-181.573374	9.180246	5.584517	38.789262	46.653764	28.406696	14.896541	158.024504	-323.637082	-35.487390	2.306816	339.838163	-247.502389	-56.864923	25.994834	-61.377131	72.811709	-186.787660	9.172840	-170.441115	253.949133	-113.818902	39.647128	41.698376	79.928448	54.155792	45.870830	91.732230	66.728900	202.372040	8.071000	62.035093	-50.992642	89.758626	16.427515	123.319701	50.566329	6.557518	17.281002	77.827430	90.136942	-4.284290	-11.791339	-125.352203	58.504109	57.181981	-71.284736	-14.892083	0.991783	80.069482	-20.390544	89.166269	-163.158967	-26.880691	51.926650	144.709272	-334.518360	-15.731031	27.937018	-45.241698	-409.977455	-52.629687	-9.422982	16.660223	21.484532	-12.326431	15.739583	46.992792	-22.480368	48.254696	-1.584182	-21.727456	-113.518658	177.032148	-44.133746	-34.563621	-238.413083	98.832429	-41.590527	144.311047	-256.978767	-41.660970	31.208801	181.934124	-256.190172	-71.196761	49.117192	-19.036692	-156.258780	-56.270744	-7.510716	5.949615	-15.546960	-15.465816	-10.061206	76.680926	-22.983764	24.023029	-6.487700	30.393064	-66.156315	13.225215	1.971445	-17.128922	-97.347774	-22.728325	-0.870330	76.170446	-84.344009	-7.102145	6.967195	56.924941	-63.931824	-4.379549	12.348520	-9.812274	-0.942867	-20.551052	-9.039742	-20.784454	-3.117411	7.728148	-3.285809	-49.617958	-102.394300	-15.861612	32.567661	-53.223501	-118.074526	-27.340428	70.068565	-33.817498	-39.048393	-7.613325	0.607609	3.986275	-38.339846	1.728484	-16.900398	12.664526	-98.275249	7.846387	-6.808867	29.746748	-146.455380	14.303906	24.313994
205.305562	1827.241019	115.244526	57.244887	219.870030	1273.047590	156.079464	58.069398	-270.324068	809.807409	115.695876	83.226304	-559.603999	661.812611	40.835593	8.241628	-119.247376	343.107580	-39.554699	7.360912	-20.115378	-246.913897	-80.650462	1.193554	-39.281416	-136.119607	-21.558884	-4.292436	152.031470	-58.362611	-92.358273	38.039591	340.653254	-187.613783	-79.035857	31.431050	220.999462	-160.312443	-73.499910	-12.920166	-82.231140	-462.383661	-194.520974	-43.554498	-61.991257	-851.974876	-203.711210	-12.401077	-38.975210	-525.150085	-83.885372	-9.054449	-40.875541	-145.449568	-18.717315	-2.149415	123.898518	-1531.887113	-135.654471	-40.218981	262.344143	-497.171439	-48.000455	2.634925	-137.733185	154.983126	-140.542972	13.228423	-118.090113	130.053850	-102.070597	44.282421	21.046416	117.621408	74.719246	43.171293	58.790089	148.773436	47.064977	21.249937	5.188921	-2.790790	-67.551579	9.973218	209.609848	339.305907	35.485444	12.484008	-137.674351	379.711157	-1.439866	20.174691	-247.974545	149.335951	30.753755	-18.136664	-56.377725	-134.987217	116.887858	-23.129560	81.942550	-25.134354	4.700958	40.050305	30.120336	-125.370273	-157.908451	36.177797	-10.883963	-190.454860	-108.220166	-0.602385	74.110097	183.618694	27.975126	5.261978	86.008835	142.625335	108.888178	-17.492600	28.999858	-34.864096	111.194797	-54.096225	-33.894722	-219.423140	-128.473882	-3.105292	-5.050584	-252.942601	-118.107011	-4.304336	-70.886566	-201.856007	-70.205696	-93.697571	-42.649708	-154.475975	-22.819956	-60.260121	284.308717	261.378757	55.909996	18.413982	229.956482	159.130201	21.655236	29.486288	-45.604564	25.335220	-233.983301	36.962731	-103.464983	-29.149666	-237.785165	40.045383	-44.819059	-20.790947	-53.148345	-25.922624	-147.169419	-88.811316	7.099071	-118.373394	-52.283726	-70.933313	26.532934	-66.863945	210.599670	324.916509	9.516306	89.367948	-106.640028	306.548094	-75.067458	103.552143	-244.429966	197.575054	-107.584707	-28.041324	-150.274230	-4.263686	-38.267059	-28.976381	-25.433723	-91.680069	-7.620955	31.629664	-41.989595	-187.761097	41.225987	0.120309	-1.089674	-387.927929	102.923326	9.102275
31.904172	252.759230	34.461343	10.666327	127.396004	156.079464	97.758500	8.572020	-7.997685	182.447861	71.739239	26.305123	-243.722611	205.913591	14.383437	3.031922	-81.109590	60.823861	9.943427	-7.809780	-7.478429	-53.865023	-12.116564	-6.806981	-6.741804	-3.961475	-0.217415	1.351249	52.258180	6.458616	24.643847	6.318602	115.999353	-159.484099	27.228292	10.463805	51.554268	-113.494600	-7.353508	-6.450233	-54.726867	-102.890355	-55.930092	-11.153001	-20.078260	-244.492501	-36.508728	-8.590556	-12.433177	-133.835540	-12.060387	-0.454699	-9.835276	-14.541912	1.942298	0.608304	53.783518	-235.472856	-11.846492	-4.217435	117.160809	-133.448802	-17.405654	4.785690	-30.663166	18.426661	-59.175099	4.783607	-38.836645	60.813771	-30.866671	16.856613	20.727450	22.779146	27.889287	17.410489	35.758864	39.636448	54.957723	7.764378	12.656127	-10.717119	4.900474	1.245952	57.248434	39.990184	5.340449	5.069408	5.796674	21.994998	-0.566778	-0.028446	-72.212533	4.691467	18.255021	-21.363004	-8.770642	-10.101292	31.093213	-2.347410	48.904360	-37.282663	-6.716047	25.047323	54.355684	-99.692962	-11.143412	9.677378	-7.412467	-109.431391	-18.863234	-6.330145	15.333251	32.949536	0.123292	3.516001	29.369111	-25.746818	9.160327	-0.872037	-13.074647	-78.232353	30.417537	-17.115416	-9.479534	-91.386260	11.272173	-18.362367	27.285617	-80.367292	-8.033251	-6.326217	30.719234	-78.598770	-15.193731	-11.627377	-11.512209	-42.595341	-5.420855	-12.332191	-2.476740	-14.854903	-12.382716	-1.081940	23.844286	-28.730910	-25.631247	2.770972	32.455132	-38.231190	-43.352726	8.848800	25.357073	-20.613325	-15.692523	6.574452	8.832129	-11.584121	4.225282	-12.314729	-9.514407	-13.310844	14.774033	-15.361055	6.378348	40.966219	29.073657	-9.449334	-34.863161	-45.795475	-5.543904	-9.685002	-39.656088	-90.789396	-18.414923	-13.448893	-3.115946	-138.770052	-18.530982	-0.483519	15.354202	-113.858576	0.878643	24.918264	4.256410	-79.515402	11.588304	18.671678	-0.059626	-108.195974	29.954994	1.605870	2.634815	-171.166422	36.101518	1.662537
16.836964	107.270394	6.079459	5.426557	61.075482	58.069398	8.572020	15.188174	-13.802054	42.479797	-0.171555	19.169479	-66.836290	38.281881	1.017968	-4.685011	-17.068958	10.688028	-1.613550	-1.378484	-4.017998	-11.529993	-4.251811	1.607816	-1.861565	-10.073117	-1.397892	0.195556	10.444452	-18.530470	-7.632621	5.091945	38.043694	-42.362996	-4.119009	7.013719	10.442113	-21.160075	-8.016592	-0.986681	-23.227019	-16.758801	-16.812737	-2.994501	-5.566700	-46.741855	-6.892150	-1.446666	0.104946	-21.597505	1.181588	0.306037	1.871974	-2.768849	0.100806	1.596998	21.040349	-71.748364	-4.147515	-0.878031	29.380150	-25.537811	0.438722	1.839106	-21.516643	14.229619	-11.277747	-1.380946	-16.077011	19.219723	-9.015487	0.986062	4.122743	11.268400	8.091251	1.022333	8.162604	8.024700	15.984991	0.502637	3.036045	-7.588149	-4.127653	3.420120	17.496649	25.385206	2.818866	1.372038	0.329196	27.103303	3.230936	1.487595	-13.728558	11.690056	11.297908	-6.569119	-2.741881	-8.089463	13.751317	-6.507113	3.470683	-13.007847	-2.694137	3.121812	11.079914	-27.729995	-10.201810	8.036303	-2.421413	-23.685465	-11.960171	1.471854	3.512569	15.770149	1.743955	1.143121	4.922051	14.403556	11.389999	0.116768	4.591625	-0.015151	21.588056	-4.131615	-4.642786	-23.939095	-1.223257	-3.812271	-7.200307	-15.749195	-9.204741	3.899703	11.105321	-7.782735	-7.727288	10.613380	3.283782	-5.444091	-4.361915	1.608603	14.461743	9.396688	1.396103	-0.051421	17.632279	8.029841	6.496001	1.286495	-1.717284	-2.824960	-8.779155	1.128740	-9.584788	-12.623766	-15.381030	-0.186163	-9.920584	-12.349455	-6.544246	-1.470886	-3.314874	1.051751	-1.957838	-1.000411	0.286684	1.798255	-3.353212	0.277576	11.227267	14.995694	0.167763	3.566787	-5.199477	10.761122	-4.430916	11.210533	-13.294062	10.657689	-6.603030	6.850909	-9.394044	11.201470	-2.630646	-6.327111	-1.785283	0.762690	1.264519	-4.269808	-1.240488	-6.570152	1.618211	-1.593751	2.397972	0.008639	1.684024	6.646221
-101.868893	-423.627168	-37.220773	-17.086599	539.184853	-270.324068	-7.997685	-13.802054	2447.407283	-77.486325	-81.939058	137.887745	-88.758448	-292.745221	-426.360421	-48.259466	-1024.509973	-377.014835	-291.197967	-148.990038	-153.108871	-327.739079	-97.833243	-45.446606	-74.847587	-175.364110	-21.922174	-20.300234	-48.635195	763.466104	9.047313	6.992826	93.008359	115.500186	-15.452892	17.266172	428.212193	-262.227090	-84.950615	58.125932	-172.130623	902.841362	-218.559662	18.639541	-97.441309	516.252673	-40.041476	-30.051922	21.584170	-87.445911	-26.804273	-13.812952	0.296351	-75.289736	-21.638519	-11.153017	-125.159902	275.333956	-45.373998	10.925417	101.749604	-85.071202	-126.517256	43.835534	286.707143	-109.300024	-251.327083	68.027539	-139.103055	193.370695	-212.204141	18.285464	-4.834602	37.008070	50.721567	10.019702	35.926295	-41.442331	189.756266	-23.776227	37.528683	-113.973672	94.477544	-18.163383	-115.827986	-149.928768	-15.256953	-10.178901	-35.420823	-92.892491	-86.936988	-17.038859	-84.895945	122.168113	-135.208223	48.176423	41.378854	253.500515	25.047065	55.021350	70.160392	-18.218798	137.820276	22.328954	60.627907	-309.767956	65.797892	-10.814239	-15.631698	-413.426130	-8.545689	-19.693392	-79.624011	-125.933342	-65.371928	-10.150995	-81.358053	-199.077337	-33.665229	-19.451550	-75.870288	-130.399381	230.166077	-47.907137	22.561117	-134.576317	211.292617	-26.578282	298.396736	-222.658276	-19.066559	70.485056	225.860111	-341.108510	-41.128978	-24.760979	-10.865897	-165.603083	-37.679562	-47.959355	-195.883319	-161.396575	-48.334705	-28.617599	48.160138	-11.550501	169.523484	2.866498	33.786878	-27.419400	249.703546	-3.797057	-90.195905	-111.727682	26.701532	-24.042119	175.091415	-97.751022	19.738008	27.827167	197.596894	-151.046624	-33.287679	3.684861	-52.201896	-209.250420	-79.992146	-58.549506	-139.992569	-145.799066	22.503554	-49.517846	144.873376	-110.576936	62.882749	59.938576	-41.595604	129.337743	39.414804	190.568443	-203.126666	197.774546	-15.828670	9.275713	6.597307	31.890013	-34.054001	-23.307004	39.462025	117.465054	-104.574853	2.300239	84.864709	94.060406	-43.502048	8.621722
146.010273	1115.879542	92.538945	36.885955	342.023397	809.807409	182.447861	42.479797	-77.486325	894.075130	100.507367	61.985508	-567.176998	755.387265	9.359682	-13.450056	-178.254268	296.302811	-34.414100	-0.527187	-9.431911	-187.292543	-64.970053	-2.660311	-28.622356	-90.455363	-13.195429	-2.854292	137.764648	-78.486862	-31.144936	16.664699	319.531555	-366.646650	-15.685454	21.774338	170.394224	-197.602406	-77.036231	-20.743311	-73.321644	-320.636677	-204.357762	-34.340036	-38.660868	-784.104329	-144.322243	-24.166524	-15.037927	-444.982852	-41.034933	-7.946549	-13.409814	-71.601931	9.720836	0.518010	124.342770	-1042.406259	-103.772018	-24.421210	269.542718	-397.705191	-70.977565	2.495200	-139.199474	145.496680	-179.068173	-6.799398	-92.839537	161.788096	-84.384928	47.059711	66.393167	90.808312	92.829065	44.340980	106.162713	135.317345	132.167864	25.360452	33.771222	-54.739674	-21.575134	3.333858	144.946900	184.746193	11.437863	13.963453	-53.191981	255.770456	-10.044013	7.153581	-217.931704	120.977724	40.900162	-56.529312	-26.775641	-66.492551	114.934693	-24.841111	119.010317	-52.000602	12.254826	45.345408	105.521444	-200.743969	-106.210888	36.016385	-17.579373	-359.583121	-122.147735	-13.433266	67.928842	125.937587	22.620441	1.801197	88.749115	74.063792	88.246648	-3.531434	-11.118668	-53.238995	78.574121	-49.598896	0.527996	-194.749561	-73.297506	-34.278341	54.639973	-238.892333	-90.995604	-19.613352	-23.088129	-231.216513	-68.652644	-85.374986	-45.957461	-162.322746	-22.476933	-62.386400	233.652032	189.403452	44.592189	11.414408	155.527091	67.885315	-5.407403	14.577642	-25.207555	-29.939104	-208.038390	25.134317	-19.012248	-59.615127	-181.407878	24.145611	8.349084	-42.672007	-24.910298	-36.651881	-118.366242	-85.902849	29.326771	-98.610517	-42.647030	6.337699	52.766798	-61.082004	162.508379	260.805055	8.949299	69.369593	-94.421461	227.641289	-52.539412	50.034907	-224.883977	114.457163	-84.353455	-69.084493	-104.773371	-101.907701	-17.140843	-12.766828	-1.060284	-171.961403	17.314046	41.381761	-24.514489	-236.575935	44.421849	-2.579573	12.271404	-395.795492	83.313184	16.879215
17.185717	181.686589	23.639664	5.836025	-18.062852	115.695876	71.739239	-0.171555	-81.939058	100.507367	141.913774	0.302314	-86.491776	173.241021	86.589531	14.919675	-50.594650	65.004828	2.670878	-3.284599	-29.863207	-41.812742	-20.074039	-12.545957	-13.355670	-14.580568	-1.231787	0.465956	31.744007	14.974284	27.006785	-3.227838	68.023630	-57.440245	34.802085	4.850518	38.263319	-73.545518	30.659941	-4.001957	-35.453401	-82.552513	-21.707310	-4.960957	-19.237071	-166.372480	-39.303403	-7.637031	-11.554418	-115.020720	-26.196054	-1.877724	-21.611540	-64.184850	-12.236933	-4.900319	37.595702	-195.298977	-0.193653	-8.035029	79.305551	-104.704811	-0.155827	5.855662	-45.802459	17.981106	-28.279852	8.215068	-49.054073	42.856196	-29.817286	15.776813	4.638282	11.067990	0.394521	17.262811	17.276596	11.670092	12.362978	8.095116	-2.189542	-29.398255	-7.382696	-2.017771	47.232648	43.798360	5.438087	0.557504	6.054096	19.754060	7.135381	2.236668	-90.221593	19.835543	17.486269	-2.298128	-29.652872	38.713960	28.986189	6.292502	28.818957	26.185732	-0.140773	26.221762	37.764171	-54.325149	15.176781	3.531686	-8.631236	-89.151615	-5.070919	-2.198076	10.988978	26.179191	-1.900585	-0.169703	26.441212	-27.640504	4.509493	-4.122030	-20.387367	-56.210597	26.953856	-12.923282	-25.215828	-38.811853	23.971168	-13.261530	18.900006	-31.426995	7.887745	-10.889837	31.945821	-77.687794	-0.510789	-23.062440	-16.637118	-61.984447	0.878823	-14.300935	-25.659870	-30.851190	-12.837947	-1.275915	13.298680	-22.826914	-18.874347	9.655631	24.741206	-15.106914	-22.459444	16.094191	6.353921	-3.717970	3.316629	6.391932	14.212336	-7.653654	2.815529	-9.116676	9.937313	-9.972763	11.349201	-15.085470	-0.821693	47.786569	40.666804	-12.922379	-49.449978	-61.913670	-4.975301	-15.120936	-31.391588	-100.058953	-12.073902	-5.933991	6.661280	-132.657326	-8.895940	9.453468	6.092782	-98.131856	2.797473	23.235024	-2.231078	-76.103898	12.911475	16.717491	-2.504630	-109.228841	45.369028	1.699942	-17.125488	-128.724267	54.269834	-2.064520
9.985472	164.858186	10.605470	13.346478	151.782685	83.226304	26.305123	19.169479	137.887745	61.985508	0.302314	103.336270	-204.904659	48.191887	-36.760090	49.819838	-139.605349	-6.130021	-30.326263	-11.208064	-24.542180	-49.812236	-19.059160	-2.199461	-9.519237	-21.361202	-2.473764	0.971838	-6.934466	24.739917	-0.984964	19.447671	73.259962	-63.762330	-4.878231	10.583249	66.034348	-72.651374	-9.728879	4.420839	-45.917810	16.867622	-37.573022	-1.719663	-19.306868	-86.276665	-19.263196	-5.686688	1.367189	-88.848647	-2.228847	-1.994474	-1.639580	-25.095168	0.503347	2.920047	6.113963	-153.997522	-8.710725	-1.098777	64.816834	-83.466765	-2.251850	0.178740	1.459620	-8.690752	-18.152606	-9.009899	-23.717808	40.127072	-21.416996	4.221547	10.534792	13.560176	20.729787	8.716929	27.061077	-17.235171	48.230795	2.414387	-3.872917	-63.262735	1.219074	8.100105	30.693924	35.149848	11.113381	3.246979	15.723412	45.338707	20.002562	-2.384092	-30.561535	29.288776	34.494545	-21.568907	-7.829166	12.107152	38.825481	-10.917896	22.224322	-35.761063	9.740938	17.747217	22.345277	-109.080893	-13.422031	11.832120	-19.167831	-109.988264	-17.153495	0.263941	8.528745	28.698642	7.298153	4.016402	11.203357	34.955211	26.722637	1.084004	-8.965573	-8.089603	53.815662	-11.870007	-8.650968	-70.761467	30.681664	-7.186355	27.941631	-81.152306	-2.642731	15.485681	27.150387	-64.984990	-20.109774	14.954334	-1.062755	-14.948104	-5.901381	6.845917	7.654916	6.643612	2.812929	2.379475	19.769608	-1.676468	12.252091	2.080399	-5.697775	-25.268471	9.180651	-0.619586	-10.685390	-30.902133	14.135831	-4.587570	8.140940	-31.968137	10.409641	0.278647	14.896149	-18.058920	-5.063377	3.007303	-4.487829	10.888663	0.385711	-0.377133	0.418890	-7.735206	-0.280547	10.194966	-19.402464	-18.838638	-5.339968	13.077230	-6.533515	-19.000594	-3.904018	23.779102	-10.291907	19.906861	-0.351368	0.539533	3.776016	-5.555879	13.606827	-10.561952	10.161654	-41.776841	11.746047	-5.605144	-11.873551	-91.984587	25.420046	18.717621
-140.759427	-992.724597	-89.230591	-48.519100	-822.497792	-559.603999	-243.722611	-66.836290	-88.758448	-567.176998	-86.491776	-204.904659	1899.393473	-633.429675	-15.911698	-11.300515	333.736372	-400.672882	-201.527468	-24.953245	-188.405514	57.111077	-35.033851	-14.423489	-3.784498	-3.274495	-0.974634	1.589347	-171.200294	8.871618	-13.900350	-67.495212	-493.199356	626.928163	-34.807047	-64.211887	-121.870357	387.216430	106.844986	9.992861	428.626481	129.858105	160.479047	55.809933	73.712623	871.207346	17.629557	27.142904	22.620758	491.978557	-5.672156	-0.133104	-2.251147	-54.333251	-42.442168	-13.089569	-216.848376	746.076544	37.382807	2.340383	-436.687080	414.350864	36.165326	-32.369908	196.958366	-69.634232	202.547267	-14.674162	184.109621	-263.523671	68.780407	-38.926641	-53.846458	-89.481439	-122.322374	-62.208919	-111.058154	-53.137850	-230.266754	-35.236057	-60.929917	51.715782	-26.264900	-22.925787	-264.484424	-274.618851	-45.556594	-28.236401	-31.338034	-172.874154	-29.892958	-5.084101	216.760271	31.842269	-121.819385	105.160890	70.342741	164.113083	-150.319901	50.010121	-134.393323	202.340426	42.770956	-92.578785	-199.618161	377.571923	110.546145	-54.325451	-3.314202	346.964122	91.072056	8.631447	-87.228045	-144.520197	1.883423	-24.734735	-136.179442	-25.729475	-82.785111	-4.742420	-22.614499	192.230474	-191.868301	47.660476	91.589637	329.941067	-47.424172	29.229241	-62.444831	342.053859	73.864418	-52.971258	-176.683542	259.690820	60.576455	-5.030450	-21.258980	58.571191	4.331183	35.647238	-96.175806	-8.581928	39.010093	7.883062	-137.418299	42.913709	18.306202	-20.329960	-67.693823	129.212244	82.561633	-29.905568	8.277748	140.197788	84.337619	-13.063689	-31.609041	44.870439	24.469317	16.862714	-0.441255	46.054657	-33.892376	50.105486	-11.029032	-63.677223	-80.346641	39.345096	53.702898	61.337911	8.818377	7.963450	112.288332	137.215047	43.042249	-19.077911	58.434399	279.957581	47.877867	-34.725876	-51.500572	224.392030	-1.805718	-56.019949	-15.876634	96.783819	-29.578649	37.803554	-1.722933	246.298243	-87.826778	37.580040	72.452381	622.092947	-160.464253	-39.170466
73.878247	1005.559066	84.663745	11.578032	254.474779	661.812611	205.913591	38.281881	-292.745221	755.387265	173.241021	48.191887	-633.429675	1345.638620	142.932060	9.085836	-113.213460	907.996572	72.384139	42.832084	58.184730	-48.541579	-30.931808	10.955735	-18.488896	-79.037473	-9.905665	-1.958893	74.656836	3.048452	17.835138	-2.722487	344.701178	-382.297825	47.540208	34.436440	98.214375	-249.833703	-13.773110	-40.275340	-162.762330	-422.490167	-200.382539	-38.649793	-53.091398	-818.916893	-177.126267	-22.259587	-51.213739	-447.894293	-57.649703	-11.216337	-33.097409	-20.651064	31.960105	4.340981	117.013335	-920.645797	-39.242798	-21.907781	319.618974	-347.612516	-24.081177	4.214026	-171.572456	151.191553	-199.257501	7.057359	-130.893471	168.115597	-118.859036	50.042895	26.355821	69.287353	64.971080	55.718458	81.515718	159.298086	197.482073	23.600792	49.506901	54.578900	54.078190	8.891811	201.851618	239.451271	29.035443	14.446125	-59.260137	232.507935	-9.469243	7.364658	-238.175706	133.334137	42.370724	-75.954130	-19.052736	6.019222	53.215117	-15.816944	124.320270	-27.922360	22.967430	67.635307	121.874806	-192.136046	-11.833886	29.233878	-26.429310	-335.988383	-70.347928	-15.508826	52.415621	137.265652	8.238661	8.308472	71.361270	58.218573	52.149513	2.433792	-9.408496	-62.374371	91.089420	-52.979333	-7.360279	-148.685956	-36.327592	-32.679961	88.564424	-132.570947	-84.564142	5.507994	46.674972	-192.133711	-47.963705	-60.712655	-69.352065	-187.247980	-54.112586	-57.397366	88.737547	80.517421	8.877867	6.654559	158.230531	26.344757	-35.783137	3.850457	61.015340	-11.821322	-140.231674	30.814968	-6.947225	-41.737404	-130.997205	31.981153	15.390068	-0.783109	-22.448724	-35.639933	-103.487448	-53.296555	12.384119	-83.957039	-62.205897	16.482293	54.428136	-47.989057	41.510197	107.208417	2.104548	22.562546	-13.955951	98.313974	-40.260052	16.704812	-118.245983	27.992177	-66.559311	-20.820780	-81.273554	-49.331406	-26.570269	11.067212	0.898492	-105.923094	16.067472	18.152624	-42.254570	-241.259752	82.120742	-2.316116	-9.497217	-470.690997	143.534239	31.851315
-5.124922	30.878800	9.911189	-5.176448	-99.727893	40.835593	14.383437	1.017968	-426.360421	9.359682	86.589531	-36.760090	-15.911698	142.932060	248.580580	-19.530398	199.375051	191.744590	129.484699	18.664927	17.960918	63.681510	8.195025	0.517276	3.226912	22.716544	3.136794	4.701754	-18.171629	-59.860923	29.721727	-13.747551	-23.813622	-10.059245	18.823957	0.578171	-20.861868	19.187619	50.143803	-5.666606	44.762161	-183.036170	72.490640	-0.378638	0.170033	-141.439816	-1.686360	-0.803355	-18.093672	-46.362444	-21.153309	-0.116979	-22.747196	-59.466980	-14.680002	-4.414869	-8.339389	-81.135738	17.742034	-8.504389	6.303954	-42.857690	23.049897	-6.204402	-13.948323	-19.207011	46.479443	-8.138088	-11.504618	-33.026894	35.826490	-3.808930	-1.247642	12.093303	-14.384943	12.223334	8.833703	6.439600	-61.442963	21.265321	-21.596548	-54.504608	-47.211552	1.567608	16.767992	-10.251721	0.641591	-3.249890	41.909363	-45.330232	4.869847	0.908340	10.993991	-43.655732	29.901091	-10.397166	-28.983102	-2.076776	28.396041	-2.038867	0.112905	52.050627	-8.511829	7.298226	23.257467	41.814665	2.226830	1.650321	1.249971	-25.620986	-13.082220	3.302988	16.589455	7.045026	1.546828	0.151240	39.926547	-6.460546	-17.680203	2.852920	25.743444	-6.803917	-31.468083	6.539561	2.177303	47.700422	-12.216423	7.063508	-54.473469	61.885209	22.343892	-18.785246	-30.881073	30.252516	14.097850	-4.434033	7.777932	-6.058301	26.747499	-1.656417	-17.815477	-29.686809	-17.614248	-0.557348	5.476095	-33.057932	-47.656672	6.936702	38.858330	0.381998	-37.473079	19.486254	16.586453	15.981114	3.135538	10.118499	-23.186843	-22.256897	-0.918663	-10.707238	-36.563079	-7.807624	22.980361	-5.130077	-0.716688	23.549338	66.664084	-2.161346	-56.602141	-59.589381	-9.685898	-19.543951	-34.054513	-109.022834	-14.693925	-20.940443	26.177423	-178.376292	-11.079234	18.372512	42.252898	-109.391346	-3.918308	35.515182	0.941815	-53.574881	14.356802	24.946537	-7.527817	-112.406679	64.971008	8.715830	-27.581702	-180.225530	93.816488	-16.617212
-11.512046	16.895262	1.613162	3.751463	-50.386784	8.241628	3.031922	-4.685011	-48.259466	-13.450056	14.919675	49.819838	-11.300515	9.085836	-19.530398	130.736029	-53.256281	-15.431813	-33.444661	42.296173	-32.267811	3.150834	-12.712748	1.009788	1.067847	15.368273	1.333907	5.006022	-25.378153	-17.314368	10.523920	8.359348	-7.387332	35.824135	0.665180	-1.547526	-12.297488	-10.684124	15.391884	0.046806	1.085441	-58.871471	14.530174	6.195081	0.697999	-41.139903	-2.570876	5.099094	6.076788	-39.814254	-4.288121	-0.805238	1.333837	-15.536168	-1.680969	3.740368	-21.399990	-55.216443	3.236579	1.637501	-11.094555	-7.653224	5.819494	-3.465307	-18.554274	-24.805899	19.171834	-5.690393	26.558199	-25.571099	16.250117	0.341663	6.028962	-23.154825	3.952669	0.500021	2.567910	-20.486664	6.572232	-1.169962	8.380169	28.816026	15.313264	8.082998	12.638265	25.160174	11.825568	1.624873	-3.121571	-1.922104	17.476692	3.736349	-13.357689	-0.993388	21.399455	-3.723749	-12.108341	18.043026	11.653079	-7.188846	-0.954178	4.306306	-0.425961	9.315073	5.610068	-34.580382	1.134348	6.131002	-4.278205	-10.109611	16.545160	0.388661	6.951109	26.336085	12.334254	2.713463	3.019937	44.369101	19.914991	6.334058	-18.104481	20.745793	15.124421	-1.120935	-33.520108	-20.515016	20.406296	-4.360186	-9.903239	-19.575900	4.280691	-4.386884	19.485334	-16.880796	-10.440611	4.236227	0.766945	-5.706898	-4.831333	11.551163	2.240542	15.247495	15.876808	6.624711	-16.475648	5.702346	13.857873	-1.467019	-30.475704	-9.690442	20.114800	-6.431378	-17.438740	-1.324237	44.634278	-6.595116	-3.803795	11.571322	19.939902	-2.965366	21.233950	24.928128	-3.660549	2.521488	6.460117	51.260834	3.118634	6.110402	27.890129	16.802195	2.768351	14.791099	-1.030777	33.119869	8.229380	10.928111	2.262310	35.448523	16.980765	-10.066746	-5.854253	42.415569	13.900457	-25.518185	-0.531729	1.135158	23.049426	-14.162127	5.321577	-38.027552	20.375888	-2.726223	0.883216	-57.722779	-3.965550	9.986066
-22.041161	-263.633788	-27.101999	-15.538712	-371.427593	-119.247376	-81.109590	-17.068958	-1024.509973	-178.254268	-50.594650	-139.605349	333.736372	-113.213460	199.375051	-53.256281	808.953973	46.813340	159.649726	64.329457	99.695840	170.233154	58.196121	18.171530	38.022813	118.335247	11.676129	9.936820	-54.768633	-337.414560	-19.523909	-17.398335	-189.582466	122.276497	-10.755456	-23.093705	-248.780135	264.838592	37.197422	-18.707771	180.862536	-335.556192	176.806229	1.645853	101.049735	-38.144696	46.768550	24.774902	-23.285059	192.081472	7.446738	2.561369	13.313048	103.782637	7.413553	-0.455618	-41.171796	209.391263	29.943686	-1.255386	-179.135594	165.370755	51.799490	-31.779029	-24.233134	14.228718	137.142582	-37.932187	147.871851	-171.328522	136.472845	-24.737249	-9.382066	-44.415144	-61.406913	-16.427614	-61.626765	38.866558	-168.459086	4.950100	-19.383970	64.093038	-67.881886	-6.189819	-41.373278	-36.759629	-11.815607	-9.186431	37.170144	-86.049414	0.182513	1.030954	191.993506	-167.450106	19.069298	-1.371498	28.480480	-140.984963	-48.424276	-13.172658	-96.451200	7.798032	-15.281274	-45.502723	-106.357030	259.136964	16.734888	-26.820090	12.197310	352.937404	17.852271	11.419839	13.994627	-10.572304	14.207282	-4.350192	17.600910	38.724678	-39.824890	10.166840	55.385450	109.830485	-188.563196	67.587213	26.866142	189.917604	-126.493848	54.516140	-140.777800	211.507521	58.830203	-33.765755	-145.566010	229.982233	68.495273	-12.608934	2.135780	97.819831	34.302704	7.368508	40.113457	31.474856	9.572162	1.205939	-71.865427	-24.500343	-90.408871	-15.892745	5.326548	39.699938	-91.845851	-9.081815	89.611785	103.071727	21.893884	16.577378	-52.823706	86.451746	-12.631378	22.459123	-61.825759	70.225634	-4.289097	41.352040	5.276616	-74.164884	0.671579	15.385322	59.518616	57.338079	-10.299331	-3.975900	-12.296088	72.216352	-17.352538	-99.218720	109.348494	-42.998147	1.847958	-122.444634	140.007467	-50.462326	-4.344405	5.141481	2.806474	96.971068	-40.861637	18.996009	-13.699047	130.984969	-21.880454	14.581124	7.005391	216.610078	-34.418953	-18.931400
-35.857738	279.606740	33.534373	-29.096316	-9.313327	343.107580	60.823861	10.688028	-377.014835	296.302811	65.004828	-6.130021	-400.672882	907.996572	191.744590	-15.431813	46.813340	1789.553089	289.953534	15.852177	286.555616	870.528379	129.797969	38.920020	71.666520	142.339812	14.803939	24.839018	-57.646172	-137.362874	42.392640	-56.461187	65.636809	-101.436763	84.681978	0.007962	46.466527	-117.085805	62.550343	-12.024773	-64.668880	-330.568719	16.286892	-35.987151	-65.669468	-235.690034	-39.284474	-31.449540	-45.185776	-60.151477	-2.858648	-2.670992	-22.413871	63.421340	34.315013	11.693094	5.806538	-289.269041	26.884012	-28.056522	22.554552	-145.468244	21.910823	-14.526574	1.613114	-44.326284	-50.669809	-6.340526	-17.423974	-63.682503	-53.695138	16.853775	-48.340604	-56.165301	37.397176	15.333421	13.671988	102.666034	156.950450	19.281258	56.346446	146.311335	73.783450	21.292964	130.199468	182.430619	42.845395	1.881013	-22.591691	100.203574	6.388536	-13.174929	-53.079802	95.789775	4.764721	-40.695772	-15.952407	111.526319	-24.558624	11.653199	31.738118	45.698251	21.523807	48.789400	27.604858	-83.595166	11.456107	18.232199	18.412343	-196.731097	-6.156643	-3.025721	62.066701	121.555773	37.083674	9.128267	66.368678	174.613355	94.746971	-3.964187	20.462626	119.067419	80.796690	-33.243176	7.350566	17.187411	-32.327318	5.731032	14.818132	-3.105655	-69.140737	54.220873	51.526458	-59.093996	-46.471459	-9.208885	-48.895149	-105.449268	-28.600032	-19.253039	200.965992	181.019596	77.530463	20.495285	70.309510	130.054089	70.068085	2.602966	-76.413986	4.809682	-102.396040	-7.897844	-54.110067	-75.077409	-107.135073	3.875373	-14.433401	8.399552	2.274849	-41.513140	-81.653630	-39.303532	13.231452	-54.195805	-60.213018	37.964125	14.435743	-18.615096	220.162675	292.812489	26.725224	104.327574	-3.008673	425.971618	-4.992129	101.716657	-195.095404	337.477428	-49.064378	-101.337176	-58.941812	105.940548	-12.184402	-65.186130	-1.437287	-14.386764	56.507009	-24.337687	-48.038763	-147.974783	122.739827	-22.914688	-29.352067	-411.914500	155.193599	-11.139575
-15.950090	-42.229140	2.304288	-7.813944	-49.627549	-39.554699	9.943427	-1.613550	-291.197967	-34.414100	2.670878	-30.326263	-201.527468	72.384139	129.484699	-33.444661	159.649726	289.953534	249.421139	2.028634	132.747413	234.831175	97.892337	11.843654	35.481590	96.372917	13.445995	7.647123	-35.934138	-63.428703	30.738031	-13.238695	-23.629739	-38.206256	31.254250	-0.279822	-41.063348	12.032052	23.087293	-3.988407	4.012200	-132.065888	80.854465	-6.593908	1.787510	-108.590224	68.555102	-3.376270	-19.590502	10.027924	27.994072	3.744728	-1.290123	37.338580	8.673380	1.585035	-8.959756	84.304558	26.152514	-3.016752	-25.855105	15.404560	25.907003	-8.482627	-0.522087	-11.735316	50.144691	-5.370746	24.797787	-20.263322	48.725446	-1.678980	-6.644902	-0.252945	10.073178	9.777590	7.831378	2.408873	-20.606658	15.655509	3.176151	-16.152357	-25.901944	-2.939421	1.118579	-4.086685	0.194083	-4.318603	10.773983	-33.867399	6.540469	-5.959886	39.223461	-48.562990	27.656638	-18.304254	-3.636211	-44.966052	17.880714	2.116185	4.840913	-1.489160	-19.541477	12.845198	17.318152	37.643534	-23.766095	9.199160	0.214281	20.629635	-17.611925	-5.867475	5.750151	-5.235190	4.124985	-3.039904	14.980174	-8.874223	0.065811	-1.443645	28.460384	1.146124	-0.628849	6.950099	1.378571	40.541902	2.117428	5.287988	-37.709825	47.447258	6.425602	5.394093	-13.242535	61.263945	3.467141	13.420775	-0.604431	50.871480	11.062677	2.339531	22.105812	-16.368993	-2.901261	-0.631536	9.347312	2.439847	4.834162	4.174881	12.806555	0.759461	-11.260593	5.832052	-5.690810	-10.096468	-19.519340	-1.247142	-24.426873	-0.410126	-4.498205	-18.047771	-45.492101	6.081813	21.607906	-9.799481	14.905435	42.495028	49.502032	3.817122	8.786691	-11.408432	-1.622754	0.791694	-2.238878	23.050717	1.008681	8.052505	-7.005526	-21.790148	-7.142834	-15.680680	27.517385	-45.588208	3.722069	9.088610	-0.661961	-21.914549	13.990160	4.888980	-1.998445	-76.434332	49.226550	0.608697	-3.979205	-250.772436	65.830966	-17.076432
