25.244889	36.372108	1.394343	3.940965	12.767408	105.320996	6.363236	9.519224	-17.508992	77.283577	5.363858	-9.162858	-1.757218	14.037348	-0.505143	-23.995401	3.343234	2.097898	-0.763556	-2.417241	2.328976	0.703313	0.898499	1.833871	5.351562	1.326515	0.181874	1.825788	4.668331	-3.737980	-1.653760	-0.220710	4.893706	-0.857986	-0.162759	0.626457	9.988425	-3.561433	6.592542	-0.478895	10.860102	-10.663952	-0.869413	-3.634783	2.733060	-3.778832	4.717257	-4.030036	1.974571	2.790375	1.001810	0.549661	4.674251	3.098685	0.269243	2.667291	5.805001	0.625906	0.525905	1.967573	5.731969	-2.798710	0.559846	0.082890	16.057016	-4.468142	1.236190	-0.231081	22.971044	-5.705132	0.880022	-0.568108	13.317215	2.247926	1.918465	4.055825	10.795319	3.712912	0.773436	9.170107	8.303223	-1.240082	0.597059	2.201334	15.624690	9.134224	1.267573	8.302896	5.224182	5.606324	0.781753	0.864398	8.187711	-1.957379	-0.285775	-0.455794	14.747534	-2.781047	0.107658	-7.187481	9.394761	1.569852	-0.065222	3.084037	6.494733	-0.670065	-0.264072	13.267012	2.695473	-5.814196	0.490058	-0.201307	0.329598	-6.306282	-4.692664	-0.241436	6.868505	6.898821	0.340521	2.392112	5.200921	4.771710	-0.030791	1.273429	6.064740	-0.872722	-1.078163	-4.383993	-2.258802	-0.870376	-1.616431	-3.539866	0.343555	-0.919526	-0.195595	6.773568	-11.840441	1.054523	-0.876370	9.156728	-7.721281	0.365582	-3.805195	-1.381836	9.896953	3.091160	-0.824024	2.971653	1.861049	3.246932	1.219162	7.873053	1.073921	-0.680470	-3.840086	2.643990	-2.418940	0.058128	-1.805660	-2.022081	-1.652323	0.178226	-0.029183	0.529320	-21.190256	4.554987	-1.119685	9.684417	1.858110	10.197458	-3.158723	9.470994	16.211334	15.433476	0.317877	3.808622	-2.064909	-16.648424	1.732583	-0.662281	-8.535749	-13.790123	-5.129324	2.517895	-2.801362	-1.473342	-3.961666	-0.545644	-2.583782	-0.398128	-0.573897	-0.230651	-24.790832	-4.741487	-1.687416	-3.103696
36.372108	94.770443	2.799718	5.443991	11.756565	182.489693	7.070191	4.924265	-21.073479	124.704165	6.314931	-22.159763	5.609508	45.561449	-0.218963	-30.429892	17.718582	13.674527	1.644103	3.744931	2.966056	1.887323	2.191448	3.749609	9.152411	4.216927	0.374355	4.184919	3.176740	-6.036469	-5.286977	-0.339659	9.767132	0.500100	-1.017078	0.222674	13.602545	-4.160803	7.420072	-3.915345	18.510833	-9.040675	2.718313	-9.160129	12.743598	-4.510801	15.474629	-5.473142	2.477179	3.029612	2.250012	0.769661	7.069488	7.514358	0.640343	5.840046	6.732090	-5.695628	-0.436749	3.761564	11.138779	-6.718800	0.429782	-0.628631	22.006780	-5.950467	1.292109	-5.333472	39.582426	-3.622008	6.325917	-6.521610	13.439924	3.791946	4.829901	3.176259	17.534242	3.234919	2.321997	13.669056	15.129294	-0.144643	1.207571	5.878233	32.373271	18.384680	3.242571	17.452508	9.846819	7.774930	1.230994	1.249174	15.835463	-5.285035	1.525119	-4.177542	27.670483	-7.991370	2.591892	-17.326614	4.284868	0.588483	0.047611	-0.794683	14.435156	-2.397120	-1.412184	17.384776	11.244234	-8.845955	0.257116	-2.008309	11.508970	-9.850222	-8.483039	5.544223	13.643214	14.428280	-1.090325	5.563987	12.688015	10.848396	-0.578763	4.119036	16.138120	-1.082864	-2.312005	-6.185031	-14.250984	-1.934219	-1.353701	-9.618824	-0.425958	-2.579720	-0.519372	4.916558	-21.743587	-4.174983	-1.122716	6.449408	-9.217363	0.855582	-13.190134	-4.254779	23.682142	6.815806	-2.452194	5.595889	5.194814	8.686184	0.694075	16.938205	-1.995323	1.590353	-3.089109	7.629494	-19.087183	0.601093	-1.910117	-2.756094	-6.724364	-0.449887	-0.698288	0.455086	-33.368236	1.921555	-1.029326	12.461177	-3.710457	8.416787	-10.167565	3.928856	31.582935	35.467292	-1.681068	7.591694	-8.017710	-7.160756	5.944887	0.520492	-30.648056	-25.989438	-7.706079	1.016348	-25.257268	-6.379436	-12.174049	-1.246968	-6.895721	-0.809792	-1.340457	-0.324352	-32.153438	-3.898223	-2.030217	-4.521147
1.394343	2.799718	1.245464	-0.140712	1.387152	11.929874	3.072127	-0.800780	0.823084	10.047716	2.539608	-2.476276	6.114337	1.806215	0.658026	-2.610459	1.214622	-0.845556	-0.445389	-0.940658	-0.518210	0.019568	-0.018158	-0.027148	-0.376018	0.020689	-0.025419	0.024645	0.304234	-0.044490	0.370572	-0.142030	0.594781	0.350709	0.169591	-0.085311	2.193592	-0.393258	0.333712	-0.196057	5.431013	-1.428243	0.319059	0.252374	0.961252	-0.697407	-0.371174	-0.213697	-0.263545	-0.204420	-0.001589	-0.008299	-0.326988	-0.028672	-0.023126	0.015159	-0.391920	-1.190637	-0.224067	-0.096259	0.401099	-0.362439	-0.132045	-0.166717	1.892233	-0.436905	0.651473	-0.248334	2.566560	-0.831389	1.001323	0.745396	2.138473	-0.244733	0.121447	0.831484	0.073927	0.096052	-0.104432	0.292735	-0.613216	-0.306429	-0.058546	-0.252312	-0.973853	-0.864888	0.306743	-0.294872	1.114411	2.915717	1.146273	-0.163271	0.294309	0.172437	0.603991	-0.736010	0.041945	-0.455439	0.614592	-1.408921	2.710116	-0.334940	0.025529	0.063322	0.407566	0.020081	-0.025561	0.438923	-0.105878	1.535666	0.154094	0.342816	-2.550421	-0.267525	1.419327	-1.155161	1.004275	0.969764	1.150671	-0.178063	0.680342	-0.134475	0.027778	-0.242752	-0.582794	-0.459448	0.094556	-1.798760	2.096431	-0.337163	0.197951	-1.168700	0.928825	-0.186410	0.114423	-0.273602	-2.027065	0.922980	0.021782	0.366570	-1.069921	1.666682	0.651123	-1.273546	-1.321901	0.083156	-0.171090	-0.393257	0.073013	-0.331169	-0.090764	0.037714	-0.808685	-0.053594	0.209871	-0.270261	-0.218064	0.037351	0.812867	-0.600624	-0.171140	-0.081758	0.057808	0.097363	-2.815244	-0.624197	-0.302819	0.433855	2.433803	7.089807	0.668177	0.449957	-2.611126	2.440268	0.343552	-1.189046	-1.134846	-1.176427	1.732419	-1.518197	-1.706209	-3.161776	1.228189	0.385595	-1.871883	-1.148828	-0.031733	0.003583	-0.599352	-0.064648	-0.111657	0.029359	-2.530157	-0.533895	-0.182565	-0.203234
3.940965	5.443991	-0.140712	2.285979	3.008102	17.363828	-0.373702	5.938618	-3.311326	9.491867	0.773168	2.526720	-1.803134	-3.722684	0.427782	-3.363573	-2.803964	-2.259709	-0.791087	-2.047360	-0.306174	-0.003318	-0.048590	-0.105004	-0.300425	-0.001574	-0.003977	-0.109852	-0.262875	-0.731957	-0.361492	0.193550	1.011505	-0.356907	0.303148	0.419769	3.343070	-0.141507	4.938005	0.592461	-0.005661	-2.473069	0.451175	-1.043754	-1.540022	-0.773149	-1.418322	-0.929196	0.819506	1.092825	-0.024985	0.084543	-0.110257	0.034163	-0.004587	-0.037843	-0.436035	0.297779	0.157427	0.487046	1.368579	-0.559781	0.442905	0.274910	5.484367	-0.877788	0.830200	1.106065	0.397056	-2.111999	-0.788158	-0.975175	1.864250	1.618870	0.018571	1.243254	3.838208	2.830573	-0.041767	3.327503	0.084041	0.013939	-0.046465	0.924717	2.455547	1.497340	0.370448	1.550580	0.433755	-0.448156	-0.421586	-0.015257	4.464350	-0.805297	-0.427633	2.099564	0.290136	0.075791	-0.351117	1.036533	0.379465	1.580795	0.119764	2.506399	2.185921	1.124612	-0.233201	6.164845	-1.794741	-1.643673	-0.185442	0.216001	5.376202	-1.462151	-1.436584	0.676499	0.893180	-0.900298	-0.639914	-0.309099	1.319295	-0.443059	-0.149805	0.564161	-0.884613	0.074928	-0.464601	1.789236	-2.130009	0.090580	-0.426940	1.288361	0.709109	0.161796	-0.187868	3.737730	-5.660363	0.823946	-0.493103	1.668753	5.173007	-2.088955	-0.108543	-0.878192	1.742088	-0.686877	-0.030352	-0.464380	-0.142640	0.341437	0.730425	0.402953	-0.600080	-0.134216	-0.922976	0.659751	0.006842	0.121628	-0.532756	0.102687	0.632054	0.116171	0.052468	0.638438	-7.732446	3.438792	0.470758	2.400369	2.456214	-2.720213	-0.034768	-0.500320	1.354645	-0.993671	0.075052	0.295426	-0.572589	-0.285053	0.368423	3.043778	-1.970131	1.609228	-1.526177	1.107725	1.901191	1.295757	-1.397292	-0.193831	-0.265156	-0.088943	-0.072475	-0.053395	-4.813148	-0.058100	-0.007356	-0.392892
12.767408	11.756565	1.387152	3.008102	282.293444	229.985328	12.213885	106.760787	130.395528	411.719035	5.109321	199.533251	-254.669009	-2.628659	-41.925477	-110.348032	-116.984509	-69.110851	-25.774300	-75.502584	-19.401720	-9.993302	-2.120630	-2.699092	-19.639748	-2.413429	-0.888501	-4.636501	-10.987644	-5.441646	-1.318478	-0.845820	5.252761	0.923017	0.953483	5.708749	42.127459	55.960835	14.942117	44.642311	43.622052	38.013907	16.474413	32.152709	-43.680787	-28.703582	3.648771	-17.680770	-7.237073	-3.311940	-0.260012	-1.433951	-19.275048	-2.612124	-0.161138	-5.299280	-31.671416	-7.057790	-5.593585	1.908345	-5.789143	-1.821864	-5.620160	-0.587819	13.241908	5.693307	11.893719	1.462866	-96.377971	-37.645393	9.954277	-35.609256	-36.425347	-14.024665	1.263552	-13.131019	4.494403	12.268006	-0.549872	16.466593	-57.571531	-21.774728	-2.661813	-32.722006	-39.846065	-5.820000	-15.186579	11.500355	-38.670221	-1.542745	-20.100801	2.528032	1.881376	29.978751	-2.863836	48.468522	-108.688413	37.058090	-10.549437	53.967085	-74.094609	10.635145	-3.724422	0.093727	1.515461	44.967954	6.096985	65.569459	-154.319193	-6.773600	-1.649667	42.591732	-13.646794	-13.816020	-59.851780	8.840714	-36.587909	-16.408568	-15.280391	-4.220161	-17.606853	-4.791433	-4.441187	5.504059	-34.372388	8.872047	-14.875410	64.032200	-28.090226	0.620300	-7.238609	32.902566	-16.504312	15.279633	3.756710	39.882488	-81.596305	2.553643	-10.705493	148.277477	40.772425	-12.493934	-15.848544	37.282672	-30.587266	18.521325	2.212784	13.585939	-40.000652	9.265588	-3.651262	-13.883430	-3.001403	-15.936010	-9.152018	-2.189080	65.272121	-13.092604	4.607161	-1.001012	-21.466224	-3.152606	0.786755	-1.007864	4.501467	14.389862	-9.726151	45.545661	23.687531	18.038473	-1.578430	35.488593	-18.360225	25.744010	-2.923951	15.384176	-51.327106	-24.062239	-22.900181	14.145429	31.785383	1.472741	16.170121	15.109152	70.398576	-11.802947	22.306705	-4.321070	-20.085162	-0.279603	-5.519831	-0.207337	-12.317806	10.314949	3.880304	-14.469758
105.320996	182.489693	11.929874	17.363828	229.985328	1039.984638	74.151365	139.749845	-100.123470	1194.246715	96.730124	8.021425	-28.013140	247.862527	33.440561	-289.154979	8.647782	-27.956078	-12.728611	-72.784188	-9.782365	-11.562438	3.536676	7.777071	-22.628291	-1.264924	-1.048729	-4.602259	-12.710473	2.732674	-2.721214	-1.181557	13.366273	50.263121	18.093462	2.524089	126.226329	47.653462	107.163016	4.349585	151.279832	-74.758086	51.786397	-51.018688	-16.490604	-69.913813	32.176827	-58.518049	-1.371843	-1.153197	6.834707	-0.408890	-22.019368	-1.767005	1.938798	-4.098886	-44.400804	41.605008	0.785452	18.056408	15.495997	5.308521	5.472832	0.581183	153.944788	12.729051	51.252944	15.233048	112.070983	-66.898376	37.758476	-3.608632	33.823907	-0.685131	11.132868	11.009615	47.707284	26.083000	10.285730	60.235475	-53.746434	-43.638156	1.604977	-34.975643	10.387322	75.759761	-19.892288	68.562216	13.149565	59.061289	-2.153437	7.500100	110.092887	49.639104	14.399133	46.362004	88.414829	-6.035287	3.992148	-35.032813	-2.965966	13.999729	0.161471	-4.569086	57.612264	60.842658	9.285856	156.868524	-199.086577	-13.218456	3.743235	35.223485	-82.951410	-19.937359	-113.010983	10.167852	7.069549	43.157863	-18.133637	12.791943	91.205721	28.441762	-2.285197	20.859252	103.832161	-11.074366	-18.712581	-15.954592	-83.832625	-14.024684	-10.427621	-39.903266	6.830808	22.568800	5.087624	106.677605	-231.912498	18.517203	-14.379277	254.147101	-44.758621	17.017877	-92.064921	11.954021	18.033129	51.960940	-22.230452	27.203664	26.029163	33.891075	9.378403	41.528838	60.422586	-29.443012	-28.037986	29.270537	-74.489743	-13.456406	-18.236725	-11.482111	-33.350842	1.238244	2.745685	15.870236	-103.687366	48.732729	-12.313007	157.926703	41.151237	131.567646	-49.375069	98.255568	62.305826	213.618542	-3.727411	37.429450	-36.436298	-124.517876	23.977076	-29.905259	5.655674	-183.978830	-50.947955	30.706446	-14.082766	-14.737426	-76.523806	-1.766011	-14.935958	2.191570	-5.175260	2.335501	-149.078767	9.548484	8.363119	-20.721398
6.363236	7.070191	3.072127	-0.373702	12.213885	74.151365	32.978841	-1.292398	-6.411823	88.788347	38.158411	-21.390565	36.686100	20.081815	8.273893	-30.793026	18.889283	-7.935055	-5.494136	-10.331894	-2.647809	-0.872548	-0.204039	-0.654924	-2.032284	-0.323894	-0.086182	-0.401045	0.403693	4.112939	1.113311	-0.171992	1.330045	16.967363	5.387898	-0.312374	14.067094	4.774275	3.798723	3.593903	48.828370	-10.263373	-4.601417	9.260276	13.618105	-6.722553	-3.200153	-2.700468	-1.699697	-0.841158	-0.124411	-0.396433	-2.047117	-0.522767	-0.049491	-0.725380	-4.532768	-0.633365	-0.820366	-0.373448	-3.017639	-0.976359	0.651387	-0.415317	3.924938	-13.134419	5.235207	-8.078888	38.879094	-14.252361	10.829206	0.004431	24.596572	-3.006477	1.144722	6.348093	-1.244439	-3.338422	-0.147198	-2.539566	-5.058194	-4.857462	-0.191289	-8.667577	-9.353812	-4.031043	-0.209386	-0.972397	4.464412	13.609756	6.996399	0.581731	11.699312	-2.767270	10.562908	-9.782002	1.077899	-6.555501	5.308761	-24.116725	17.206219	-0.472827	-0.584589	-0.603248	0.708809	-0.750924	-0.004825	-3.605200	-12.514539	0.067925	-0.731769	-13.444308	-33.450684	-9.055887	2.384677	-8.994827	4.534812	1.854319	7.311326	-0.632793	17.183693	-0.264487	0.464327	3.166649	-16.015556	0.717939	-0.012735	-9.128502	-4.302595	0.074348	2.950547	-7.884422	12.849526	2.281491	0.775947	2.130079	-7.337327	-0.694658	-3.553295	14.411961	-31.100183	6.636127	-0.521793	-5.453095	-10.651941	4.980720	-0.026834	-2.714751	3.578393	0.865785	-1.238651	1.925834	-21.212282	3.776610	3.421105	3.660132	-22.118258	0.746645	8.596049	-2.633052	1.435400	-0.459380	0.909293	3.016879	18.614692	3.518423	-2.718025	17.824752	18.642928	75.325690	7.389927	12.099201	-25.415120	33.891470	4.152128	-7.237378	-7.696855	-35.438825	5.255523	-15.536111	-24.641255	-41.743710	-6.739175	4.910797	-24.554440	-8.890288	-2.044198	0.465746	-3.287545	-0.398537	-0.947501	0.245051	-7.713054	1.673814	-0.905842	0.422565
9.519224	4.924265	-0.800780	5.938618	106.760787	139.749845	-1.292398	153.796035	4.253287	172.408752	9.003595	209.791351	-175.926964	-93.641181	-20.911167	-83.486038	-107.106133	-61.175449	-26.760404	-57.582793	-10.125246	-5.465816	-1.519142	-1.357186	-10.668192	-1.332112	-0.477545	-2.631519	-6.612834	-2.375952	-1.052214	-0.292525	5.578693	6.814507	5.340229	5.361309	32.768445	51.598105	40.987248	30.027536	-33.834707	10.881080	-10.483636	14.564425	-54.492117	-20.503376	-17.236120	-8.728804	1.352092	1.887676	0.058970	0.030570	-9.495169	-1.726662	-0.158647	-3.323982	-21.939240	-2.127077	-3.831007	0.560462	6.069181	24.157563	2.448144	5.646452	-6.404478	32.265932	9.723269	26.995741	-105.525493	-13.578051	-9.736614	-7.790435	-26.154667	-1.423366	-1.254592	-3.569577	4.868236	13.493324	-0.945962	15.061479	-43.414632	-24.475363	-2.062232	-26.161655	-49.306774	18.013842	-28.063782	7.323041	-32.860840	5.814237	-18.194847	8.089413	-5.261452	56.869484	-4.622202	63.610706	-103.940653	42.549498	-4.645211	43.314028	-40.403886	11.773083	0.740110	0.392597	-4.411037	36.234778	2.052860	43.403409	-130.251593	-19.252617	-3.761974	20.068205	-11.843688	53.118664	-59.935302	5.603618	-41.819290	8.634425	-24.675076	3.590284	-13.996564	14.353243	-4.175607	23.369005	-57.561718	20.082321	-4.632915	56.601471	-16.292826	5.071699	1.769144	24.261564	-1.182271	15.386003	0.333309	35.519263	-69.295518	-3.045955	-14.727405	115.922565	78.583804	-21.911526	-36.399686	18.720837	-30.138585	4.552277	-12.223905	5.601543	-22.325310	26.345880	-3.057548	-1.860993	-8.470382	10.433006	-10.641975	11.127571	39.002442	-0.800183	-0.661487	5.890949	-4.250009	1.430744	0.453166	5.889911	-29.073016	35.097638	-13.181354	65.167830	40.769854	-56.695467	-14.597077	25.580656	-12.014823	-15.390295	-5.091371	8.741608	-20.634207	-31.580432	-24.490379	19.491755	8.065174	1.388944	-9.715122	16.924230	57.826931	20.063228	-6.634678	-0.081614	-4.274069	-1.656004	-2.573597	-1.098011	-80.120404	-5.535698	-15.091322	-1.301899
-17.508992	-21.073479	0.823084	-3.311326	130.395528	-100.123470	-6.411823	4.253287	507.748141	-115.287485	-6.685653	162.090471	-9.831522	-261.039711	-59.258976	0.333155	-284.076381	-153.492056	-68.763879	-108.659822	-45.635345	-16.093633	-6.471223	-8.540416	-58.602287	-6.854729	-2.646371	-14.170053	-37.301802	-12.866513	-4.624011	-1.809207	-10.451939	-23.986395	-7.007756	0.357130	82.298303	11.121301	-15.760202	35.278296	14.441685	4.626417	-69.058565	43.622902	-116.914221	-25.802169	-68.270821	-0.636647	-15.754062	-5.853952	-4.493768	-4.094150	-58.465281	-5.894264	-0.816628	-17.566571	-80.302932	-24.338968	-16.194507	-7.358780	-30.599847	-8.353254	-15.977555	1.004006	-33.754387	16.772032	-21.120512	7.201815	-206.043702	-16.329516	-49.068535	-26.992099	-94.852569	-17.478790	-20.445415	-22.859942	-16.074264	-17.953372	-6.581985	-12.119468	-115.065260	-31.821224	-2.440490	-40.307318	-118.834272	-53.109641	-36.526827	-21.244391	-72.566741	-23.262845	-22.748308	-10.001361	-42.709124	18.408444	-11.500723	41.159553	-125.118901	45.810468	-6.219229	91.014788	-79.950853	-8.041825	-6.753643	-5.775180	7.160791	11.421515	0.701707	-2.246399	-113.384006	-38.753658	1.868040	5.347586	0.409550	-3.674337	-31.414081	-31.272275	-74.671381	-50.530135	-12.567490	-37.841164	-61.811663	-21.820447	-0.983155	-22.308235	-7.560813	-3.250530	3.514025	52.589797	24.915876	-12.076066	-0.301444	20.181183	-1.476055	7.564688	3.563396	-1.610846	93.963945	-32.988745	-8.983043	102.062301	184.132054	26.096450	-2.796615	-6.208579	-51.333508	2.605371	1.824013	-23.582120	-40.139504	21.103848	3.525501	-38.865998	-13.825580	-1.926407	44.271157	-28.004265	50.379803	-13.926300	14.995941	-14.410716	-42.001273	-4.557863	-4.037766	-11.882198	309.370088	-55.256761	2.994610	48.196134	339.574430	48.547156	-8.081702	-4.106881	9.595756	-36.251240	-1.220596	-15.527688	22.689951	29.949017	-5.884633	-24.009140	57.563025	-6.791590	42.471606	-27.512011	-2.706818	-54.438289	13.192764	-8.696896	-39.686827	2.128757	-9.633268	-1.111882	245.715848	71.567460	44.127649	18.628566
77.283577	124.704165	10.047716	9.491867	411.719035	1194.246715	88.788347	172.408752	-115.287485	2544.828525	152.849124	11.050878	-338.462430	1243.208186	180.626942	-378.588575	59.922605	37.887378	62.036182	-76.035503	-37.074311	-42.136841	2.615263	3.993749	-95.432375	-11.553764	-4.286655	-23.567706	-57.714171	-1.730948	-5.347183	-2.888932	-8.045337	69.193952	27.110494	-3.747682	154.409187	160.825150	229.664954	-18.525173	130.461961	21.334725	336.244637	-120.593944	-52.245848	-123.338284	143.799471	-120.909413	-15.346654	-20.841983	7.037902	-4.312432	-92.532650	-8.607467	1.389042	-23.569697	-181.656455	28.942985	-15.843687	18.074475	-52.842075	-4.173265	-6.991080	-3.620810	172.694291	46.554595	119.318670	72.964516	27.136958	-86.621935	106.735438	70.317900	-36.142582	-32.648555	17.707955	3.061706	-12.501152	56.166437	7.749909	49.813634	-216.228077	-19.345048	-3.237054	-83.287966	-223.464537	100.768825	-79.308445	78.471164	-50.571513	41.861094	-37.090889	16.435385	106.465057	74.166632	2.503349	108.752490	70.121283	-52.942408	-23.129619	77.173909	-47.874764	11.697234	-8.628025	16.947642	25.603567	174.643058	11.783027	222.794110	-472.792430	109.232941	-0.993955	154.138867	-165.031114	112.675136	-230.509676	89.031759	-35.892237	5.955017	-61.584461	28.445821	106.235394	2.937304	-10.589475	12.282224	196.447959	-42.345355	-44.347801	-17.182676	-85.852033	-36.750628	-24.274933	-50.279747	4.052328	63.418289	3.804190	167.879678	-518.317629	100.624986	-18.219257	391.823090	-178.115573	57.200982	-150.916947	122.184336	7.543270	60.183531	-49.370605	50.047033	22.261316	-0.778878	19.811439	17.841979	183.511801	-104.330702	-23.665256	-3.970100	-95.382572	-39.588907	-44.231815	-17.892438	-51.829666	4.419668	0.677386	30.178158	-396.346188	79.150245	-29.416020	137.855278	-466.867522	26.872170	-116.250723	144.389882	36.631768	336.347944	-6.115974	68.729719	-91.983543	36.878310	20.535631	-31.496626	118.888715	-204.233763	-27.779511	26.541746	27.349962	-50.455373	-78.408423	-1.063072	-11.549341	3.067777	-5.275849	6.136537	-276.254645	12.563508	-19.771451	-27.381694
5.363858	6.314931	2.539608	0.773168	5.109321	96.730124	38.158411	9.003595	-6.685653	152.849124	95.625066	-33.482267	56.904225	62.568805	74.024956	-82.450655	31.873260	-5.718016	5.161625	-27.247112	-0.890609	0.097994	-0.367290	-2.058499	-8.057245	-1.092296	-0.331917	-2.177002	-3.560830	6.423636	0.887281	-0.196378	0.826258	32.730200	11.095206	-0.166355	41.949042	32.581462	45.041984	5.087738	46.966971	-13.586756	23.217785	-5.207483	-12.580994	-22.531887	-9.699459	-19.223448	-4.960006	-2.334107	-0.123212	-1.886149	-8.372487	-2.348746	-0.083958	-3.392524	-16.640294	-1.422665	-1.956650	-0.769489	-10.977547	-0.264297	0.043682	-2.023312	4.504774	-19.639182	1.484861	7.536271	35.892483	-37.861395	-0.852436	11.367706	14.272932	-10.263615	-7.055998	5.224411	-9.420963	-4.126281	-1.065889	-3.801874	-27.657939	-19.019775	0.495601	-24.207603	-41.643530	-23.001489	-8.875411	-1.884905	3.513224	8.383594	6.820194	-1.453395	23.350365	-3.072605	14.551439	-10.465584	-0.850208	-3.291123	7.447970	-16.719697	8.463021	5.720252	-0.892074	4.915034	1.079447	14.347915	-0.827084	9.895347	-63.700224	-7.068567	-1.964160	-40.557188	-64.089085	-12.676301	6.885697	-12.416960	0.342052	-9.796140	5.322310	-4.388209	25.602686	-2.017321	-0.309603	-0.518493	-15.010921	3.854094	-2.282331	-20.437539	-4.571131	1.881529	2.677008	-11.183389	29.878029	19.074386	0.311685	25.037651	-45.732673	17.211354	-7.020179	50.194188	-17.055507	5.897131	7.700941	-16.356408	-20.314786	3.449247	-3.847959	-12.357636	10.102579	17.069002	-0.819073	0.345169	-38.131833	20.000419	10.237819	4.026827	-40.172880	0.917501	11.673760	-9.521493	1.772484	0.927671	0.099316	8.890346	40.430592	23.713701	-5.124003	60.592355	55.381443	94.622184	5.067911	0.845448	-43.414372	53.342561	1.096278	-16.998875	2.891069	-16.689515	6.775054	-19.441453	-49.775022	-53.609452	-18.336545	0.735258	-46.173639	-22.681409	-12.616012	-1.880349	-13.006929	-2.040188	-3.624070	-0.224369	-12.609895	13.659289	-5.532191	0.986461
-9.162858	-22.159763	-2.476276	2.526720	199.533251	8.021425	-21.390565	209.791351	162.090471	11.050878	-33.482267	767.489161	-530.479691	-411.658504	-132.051525	245.817465	-402.364439	-226.677406	-103.355119	-122.494802	-50.087499	-23.969568	-7.498975	-6.621175	-56.813195	-7.081371	-2.545122	-14.096669	-36.764077	-12.949542	-4.901887	-1.581764	-11.890701	-23.105520	-4.368287	4.085853	6.894724	74.086889	28.292362	75.976665	-59.331710	94.551794	-6.351385	119.296705	-96.977359	-20.109946	-32.479466	34.741673	-4.315726	-4.711827	-1.712846	-0.897976	-56.762988	-8.381697	-0.711740	-18.438599	-115.246524	-29.296925	-16.370203	-5.226132	-40.289767	39.819023	-16.460382	7.313593	-89.668463	112.369994	4.999583	46.937145	-393.472739	82.014313	-8.853353	-42.846204	-120.712014	13.341066	9.838506	-12.928698	-12.878652	25.542152	-2.511853	17.997779	-153.577937	-43.100186	-4.661426	-56.706408	-267.223454	5.896183	-41.224908	-2.032082	-150.656488	50.447037	-37.492893	22.020779	-95.834644	139.359801	-18.929154	175.529298	-375.371440	154.161495	-18.218390	190.764915	-141.733774	36.026832	1.155982	19.081939	-34.173286	66.855953	2.023801	52.014341	-306.310319	0.505061	-4.281865	90.823283	-97.469660	43.094867	-25.827200	-5.014284	-72.734089	49.006482	-6.918887	-0.287105	-72.354071	51.738113	-0.386310	66.418430	-221.467072	80.124750	3.126735	162.127525	-8.370212	36.653209	26.854454	112.936465	-1.892188	22.722035	1.674717	51.804568	-81.547809	-23.809079	-34.256879	179.294314	187.364770	-66.981437	1.893798	35.844254	-21.948947	3.595264	25.528706	-2.684197	-83.665790	74.075404	0.975762	-15.691606	-140.407868	75.537219	7.269835	15.103806	88.820803	24.201683	36.958789	25.291379	26.360313	6.054541	10.503690	12.666776	89.321006	1.913505	-27.420512	77.685254	101.668894	-71.558845	46.860394	52.224382	16.261396	-95.378583	13.723077	7.071646	-118.668559	-118.141582	-56.072845	26.594663	-105.344030	22.070047	-43.019627	34.544101	69.386509	71.859599	27.182841	9.424631	6.570792	-0.375453	11.469518	-2.131501	-105.162304	17.197657	-44.342847	-5.500501
-1.757218	5.609508	6.114337	-1.803134	-254.669009	-28.013140	36.686100	-175.926964	-9.831522	-338.462430	56.904225	-530.479691	1203.818191	-207.769082	78.441117	-139.237660	424.540395	-94.039577	-19.101361	-26.153504	-45.243103	-10.389863	-7.023319	-9.311965	-62.415251	-8.650119	-2.761809	-15.906871	-7.788134	4.669737	1.401492	4.080833	7.262730	36.439887	13.660254	-2.217930	75.179319	-106.836199	-1.297350	-75.682718	326.188795	-199.735780	-81.375133	-107.654045	157.022300	-55.372794	-99.096958	-36.717462	-17.534874	-5.830469	-6.309527	-5.632248	-18.917677	7.275518	-0.312413	-2.053129	38.188140	15.180491	12.897934	3.846689	41.252188	-29.943322	8.130262	6.248253	-14.661732	-70.160340	-30.355938	-54.837230	199.369084	-64.432796	-37.703937	12.581599	87.882515	-23.537792	-29.647865	0.509378	0.365049	-21.665749	-5.250470	-24.511527	79.814007	37.609677	4.936707	46.105062	135.703013	-106.458841	50.826045	-24.910225	65.925560	-11.858265	41.176295	-22.681918	28.617877	-46.771513	19.221896	-114.663175	262.331700	-82.379995	33.970840	-158.819090	104.367693	-34.867403	6.440721	-32.406168	11.440832	-71.711050	-8.195367	-73.544855	230.555743	-44.648782	6.486367	-122.365871	-22.311772	-100.206402	79.303264	-104.445643	-12.894611	-74.698072	18.461896	-60.489906	74.332933	-52.088280	0.001294	-39.971433	226.962841	-57.152172	26.839220	-136.305165	5.870634	-31.932404	1.399969	-134.324052	-11.196496	-25.107340	-2.370569	-69.105574	45.579851	-28.955367	8.660214	-135.391821	-120.949952	177.345328	28.241183	-134.874732	-91.438138	-21.167576	-26.998154	-80.201850	20.168966	-83.555798	0.140398	-46.554114	167.448566	-69.678018	35.265044	-41.412778	-171.401061	-14.787253	-8.302663	-51.382151	-59.200531	-6.532556	-6.598124	-8.707487	-1.179498	-40.937338	14.450541	20.099202	110.479791	219.135258	-21.716240	-46.083499	-65.814448	63.499846	6.189501	-49.767290	75.054745	38.794675	102.449447	-110.178532	134.545347	-182.641180	41.895750	-73.424186	-168.571229	-135.462489	-95.166530	-5.859752	-44.286756	0.984865	-8.750542	6.138581	150.681243	5.474834	54.916653	31.845565
14.037348	45.561449	1.806215	-3.722684	-2.628659	247.862527	20.081815	-93.641181	-261.039711	1243.208186	62.568805	-411.658504	-207.769082	1843.443963	232.699416	-217.511459	462.261415	595.107974	207.357784	175.680040	45.312070	-10.831631	18.346906	15.762073	-87.743804	-11.214399	-3.904838	-22.134915	-52.041109	-3.583033	-4.415518	-2.212991	-25.263925	34.178461	9.670327	-10.473242	-39.542568	73.432774	103.917671	-88.986114	-50.227311	153.881270	405.499057	-172.676330	84.457832	29.742659	271.140701	-80.089930	8.263680	-5.917771	10.900437	2.992093	-78.808320	3.431719	1.775073	-13.215039	-134.979608	9.438766	-6.334586	9.097743	-70.913793	-24.462076	4.579657	-10.368945	137.847896	-45.321851	101.571566	-17.449164	190.238951	-4.355464	169.942847	50.685814	-10.910069	-16.333426	42.036323	16.508242	-8.335252	16.459796	6.354791	4.066437	-73.552084	79.386018	1.770326	45.156050	-228.522190	60.861876	-41.423011	59.026124	34.482881	7.996286	14.418908	18.824408	77.283957	-41.124799	19.208126	-40.030674	126.257222	-108.276555	-7.442161	35.241313	36.863181	-6.744618	-6.777530	57.958306	-5.308609	41.707108	-5.510582	17.276996	-29.822953	159.866701	-0.648364	91.059632	-264.080319	186.060593	-100.814848	165.627216	87.714976	89.983433	12.234753	93.162113	68.399062	22.473833	4.603185	10.472450	78.363345	-52.392404	-35.172779	-51.759449	77.646735	-34.043376	-28.705474	-4.167909	21.950130	18.374104	-7.103970	17.404050	-347.166259	120.618680	17.619226	-85.532397	-417.400760	43.909818	-13.728040	131.018421	179.449915	46.281666	-1.438699	69.742221	88.392058	-72.869487	2.629413	102.801680	51.738860	-86.984570	-38.144273	20.184757	42.445884	-10.732845	-44.767810	13.803396	33.639877	2.484550	-2.893138	20.002253	-645.261714	26.362698	-4.846824	-113.708664	-732.822924	-17.777206	-53.583703	42.381132	110.678346	337.016347	17.436703	62.128155	-25.568811	159.382034	15.278661	-16.199529	-32.277531	47.055726	-6.610005	6.537193	39.853869	48.184345	26.105732	2.149364	45.583843	2.753875	5.049054	3.848036	-301.367182	-41.339470	-37.945199	-40.743385
-0.505143	-0.218963	0.658026	0.427782	-41.925477	33.440561	8.273893	-20.911167	-59.258976	180.626942	74.024956	-132.051525	78.441117	232.699416	183.210869	-128.637382	104.043276	66.449465	89.083605	-7.776998	18.131287	16.210537	1.792538	1.747494	-15.779095	-2.153627	-0.675607	-4.177117	-9.857390	0.849432	-0.617104	-0.381655	-5.831625	15.696402	5.467184	-1.713437	50.798128	24.133232	84.991761	-13.928164	-16.909825	-21.009501	136.871466	-55.302602	-60.660923	-27.061973	24.616725	-45.762759	-8.664858	-0.590166	0.914000	-3.288730	-16.203546	-2.261130	-0.051930	-5.821457	-24.484461	0.151876	-1.246880	-0.526606	-18.066128	-5.648726	-0.865269	-1.798297	27.217071	-12.610402	15.301552	41.805072	11.509689	-47.231797	-10.501378	56.620401	-17.137573	-21.774183	-17.917455	5.069789	-9.530324	0.901088	-1.897303	-3.693313	-29.790019	0.562883	2.409708	-11.715207	-56.572480	-29.157489	-12.304851	0.862753	11.758599	-13.755264	7.355836	-4.240090	-1.546388	-5.787127	1.858844	-11.961877	27.826213	-3.737339	1.883339	22.527326	21.143148	5.223434	-0.718295	27.459360	3.364566	8.643165	-1.695999	16.717690	-7.118978	12.711655	2.069291	-13.530016	-92.767536	27.028234	10.877907	42.028918	-0.756059	-22.396892	6.429633	1.102917	-9.070157	-11.756809	-0.693873	-27.457458	17.570335	-12.844625	-5.140393	-48.950444	67.225701	-6.784717	-0.656357	-12.194851	5.856831	14.887598	0.259993	17.482587	-18.338792	45.145905	8.995452	24.701999	-104.331227	25.089459	23.378011	27.326459	-11.119752	-0.607592	-0.822858	-1.159552	-10.794810	-12.467373	0.938634	-15.231261	4.305411	-18.852705	20.228025	-19.577424	14.380810	-9.119411	17.185157	-19.558528	-16.724362	0.495542	-1.460161	1.789880	-71.094923	40.955166	7.701750	5.268499	-128.421399	-45.616345	-15.258656	-31.379760	-33.297776	42.842890	2.326132	-3.059027	-8.153718	107.831672	25.570984	-1.189603	-3.425631	13.200507	45.549228	-14.851917	-17.612945	-39.888431	7.629104	-4.331646	-22.276473	-3.029678	-4.687984	-1.029253	-111.911681	-9.311243	-9.280945	-18.203771
-23.995401	-30.429892	-2.610459	-3.363573	-110.348032	-289.154979	-30.793026	-83.486038	0.333155	-378.588575	-82.450655	245.817465	-139.237660	-217.511459	-128.637382	709.705987	-171.649212	-94.023261	-69.060748	188.354854	-40.448894	-15.704421	-7.958121	-2.474414	-67.622720	-8.506777	-3.020579	-16.883156	-42.191200	-13.823476	-5.191921	-1.852989	-29.318457	-39.800578	-13.228728	-11.467499	-117.090408	-60.642297	-55.468514	-14.968872	-45.666580	128.196367	43.813598	119.346627	120.258690	132.467685	49.308117	140.310025	14.927810	2.563476	-2.275712	4.831388	-68.161890	-5.932410	-0.454533	-20.841885	-82.457744	-21.131444	-12.970303	-3.374312	-50.642313	-26.950167	-17.463270	-11.432141	-65.955846	33.358897	8.096378	-37.116419	-185.211277	167.742939	79.382282	-72.046565	-82.008643	71.753599	50.454858	-19.543951	-11.221106	17.279895	-0.996849	-0.960298	-106.178383	14.486890	-2.191825	-11.191682	-90.710402	28.530653	16.333971	4.001365	-58.239898	8.893368	-19.397650	6.720633	-18.692125	8.383307	-9.130699	64.287282	-128.064020	29.707522	-3.938520	76.634681	-133.592646	2.532453	-3.896828	-17.922089	-28.070820	15.357188	-4.788949	-3.023373	-57.070974	30.434303	-2.281819	58.726055	104.596559	-66.007248	79.676347	-23.455768	29.587614	34.797871	1.460051	2.675902	2.502010	19.925861	1.342220	46.126974	-44.953192	30.447721	-7.187605	101.871978	-101.360876	23.189127	-5.481776	64.723767	-4.321534	-1.029606	-5.164694	3.612528	100.929212	1.699793	-4.854217	-53.692539	161.761143	-82.934029	46.805601	-67.554947	41.421032	-16.755955	18.341971	6.526258	-19.725837	0.455869	9.227577	15.666460	-58.697857	-4.779895	-15.270470	23.123659	-31.966237	16.871067	-16.772129	42.560257	66.046011	9.071384	5.230773	6.681479	108.929606	-24.643362	-0.573867	-17.737778	-26.420559	-26.669729	64.186282	0.493110	36.540721	-136.539006	4.882869	7.716605	-55.929659	-34.683178	-22.772488	70.804548	-140.559480	61.808167	-22.835099	29.479134	-19.431589	65.366974	28.779803	14.138621	71.528703	3.383753	21.259925	0.085860	-2.376577	28.928877	-21.186607	-0.829880
3.343234	17.718582	1.214622	-2.803964	-116.984509	8.647782	18.889283	-107.106133	-284.076381	59.922605	31.873260	-402.364439	424.540395	462.261415	104.043276	-171.649212	677.684359	222.643828	105.017831	100.308121	45.518018	7.113707	6.989188	10.766761	-27.881170	-3.998082	-1.321218	-6.780545	14.432026	8.803648	3.483591	5.279965	29.866196	48.640655	13.197227	4.407123	-51.645271	-16.259264	21.194994	-53.663038	206.537706	-32.721951	148.741061	-96.975878	293.960659	-2.233129	114.102852	-31.135071	13.569494	-2.254439	4.617962	3.179104	18.168394	16.577950	0.506976	15.500177	47.841217	7.016454	22.676581	8.809986	67.445804	-20.662343	22.763671	2.156171	42.492134	-76.212031	48.037781	-73.767136	254.615699	-41.666487	106.134863	-53.315175	108.402682	-16.095020	26.047322	-12.014192	5.696205	-18.313959	0.748048	-14.650368	130.687141	58.077312	1.919400	78.300594	11.951311	-30.345142	39.414710	9.822090	88.850407	-18.766827	30.495292	-4.309835	97.262998	-36.128033	28.663921	-76.548429	170.260351	-71.520960	22.467626	-128.339000	31.027290	-25.402296	2.949143	-35.503487	-20.954165	-38.565249	-5.584582	-61.200524	176.758161	10.516800	1.149809	-97.676598	-152.455465	4.427661	-11.428507	33.271270	41.087169	-12.089799	2.746866	16.355102	97.514933	-16.927439	0.031166	2.514378	114.338185	-41.026149	-1.085185	-37.860437	-76.645333	-27.362608	-15.485294	-51.548321	-24.198407	-10.145030	-5.948167	-37.503786	-97.072479	-11.239932	28.110928	-165.416929	-265.311435	46.744058	-27.448366	5.417418	31.820558	1.341057	-14.840062	-2.581808	45.196090	-51.463928	-5.490938	11.496442	100.935009	-53.877011	-30.728380	10.430568	-96.993014	-18.448627	-39.808007	-2.400639	-17.477612	-3.032127	-5.277084	4.614504	-229.413533	29.596280	21.322914	-40.108773	-245.188477	118.853280	-12.995986	-4.003991	-30.822761	167.723182	11.177329	-3.887956	-19.161903	58.385522	27.258277	-31.079936	18.759470	-33.108034	-25.002602	-7.744951	-19.440524	-37.193737	-30.602213	-3.215986	-6.712785	-3.306385	-2.962732	4.080013	-78.108441	-19.228871	1.267205	-0.925684
2.097898	13.674527	-0.845556	-2.259709	-69.110851	-27.956078	-7.935055	-61.175449	-153.492056	37.887378	-5.718016	-226.677406	-94.039577	595.107974	66.449465	-94.023261	222.643828	469.670684	118.643953	90.371497	76.910208	50.610711	14.422247	13.794189	-20.272606	-2.694251	-0.912451	-5.037806	-10.256700	-3.105876	-0.999219	-0.294429	-5.841382	0.847460	-0.197500	-2.666977	-31.209056	-16.075505	21.119851	-34.837413	-47.794473	67.164713	146.150743	-67.758265	37.750664	82.619254	121.334117	-17.616361	13.703815	14.046223	7.720869	3.321734	-15.970183	2.917669	1.064812	-0.746458	-14.475634	2.818600	1.910357	2.688007	-7.456804	-6.218743	13.495800	-4.128033	72.752830	-54.368892	50.344785	-38.764552	136.224041	0.585476	102.380417	-16.351107	7.703256	14.174664	29.850385	4.740923	7.461369	-10.398059	4.590810	-6.788980	10.347402	34.090976	1.796115	27.213992	-80.701261	31.549670	9.087186	17.630061	42.642865	2.773081	18.544635	8.952629	47.057597	-25.676406	17.902294	-50.745115	54.510995	-35.256843	11.536825	-16.960739	5.963716	-3.052469	-1.883645	22.298016	-5.052614	-17.208190	-2.967318	-35.545126	58.476174	58.749796	-0.877116	-33.882054	-153.290729	97.019449	-1.166120	75.138104	59.609230	74.257938	12.904222	58.628687	21.708733	30.293661	6.029553	17.121722	-31.010908	-9.913940	-8.982166	-5.876062	26.956134	-7.977955	-14.302644	27.171961	14.979384	-2.054675	-2.270528	-23.086391	-65.709878	57.758673	14.157238	-119.066720	-124.961307	-42.503157	-7.507020	64.046699	101.797388	20.998697	6.352732	48.023265	44.888403	-16.473049	-2.973686	74.860522	-75.705212	-4.290002	-31.700137	47.167412	80.210859	8.140099	-17.251860	35.598211	50.244653	0.018856	-1.529620	4.403254	-183.591839	3.889622	15.457943	-78.238111	-137.367463	-3.683041	9.202823	25.238905	47.902138	160.013688	6.831186	30.245099	-43.273849	64.072022	-3.916173	-11.725796	-119.515554	118.282755	-25.228139	22.642738	77.900341	105.256261	33.139211	7.941697	60.682656	5.008768	6.424352	2.204484	-86.440708	-16.990125	-2.295015	-22.505770
-0.763556	1.644103	-0.445389	-0.791087	-25.774300	-12.728611	-5.494136	-26.760404	-68.763879	62.036182	5.161625	-103.355119	-19.101361	207.357784	89.083605	-69.060748	105.017831	118.643953	96.719894	28.240663	35.906176	25.040374	5.931712	7.292647	-7.599317	-0.917376	-0.346179	-1.884274	-5.098250	-2.011367	-0.567879	-0.226261	-3.696922	-3.746839	-0.910003	-1.242344	3.975684	-7.723995	35.381131	-13.013332	-17.906082	-1.669128	123.386277	-37.689378	-11.678339	-2.376341	59.012113	-22.872562	-0.684950	2.324074	3.032698	-0.071046	-6.266656	0.454149	0.161992	-0.216307	-11.361870	-0.127319	-0.214159	0.691409	-7.800114	-6.402309	0.603991	-1.154931	35.622374	-12.395088	30.627412	6.509590	32.078593	-12.789225	24.462784	15.131720	-12.978216	-9.852349	-1.877333	-0.865529	-0.750967	-1.653476	-0.139032	-1.911701	-0.833723	12.878453	0.481197	10.078603	-32.719092	8.387158	-2.594220	8.716722	5.207347	-8.209200	2.682235	0.388620	4.689332	-2.892925	-1.936464	-15.175841	21.895934	-0.348503	-1.159268	15.538715	2.103078	-0.683472	-0.966996	22.077388	-5.364029	-6.470071	-0.530854	-9.617608	36.317064	26.684005	1.364989	7.423750	-45.892078	51.524378	-7.437238	58.026552	4.997798	8.191627	-1.066927	20.199672	-10.541242	2.963539	0.474678	-10.091946	-5.026166	-10.280570	-2.418496	-13.607070	37.568028	-6.808307	-1.604488	8.195208	-11.230461	-1.342388	0.942586	-9.491241	23.978685	18.356021	12.444761	-38.681486	-91.904330	-9.456843	-5.570957	51.647514	30.048909	2.866465	-1.601988	24.388836	-2.808295	-8.608944	1.330295	8.146410	-7.399750	-14.473088	8.978667	-5.584782	21.627374	-4.298028	7.195207	-2.134647	-1.910603	-0.613193	-0.306490	-1.751748	-59.107746	18.027555	14.255959	-46.584030	-138.447049	-62.677617	-17.841958	-6.534993	7.812803	45.197330	4.343131	16.909173	-17.955491	66.589805	11.396401	19.069778	-18.663167	26.553766	30.863756	-2.652992	0.722775	-5.133205	17.143552	-0.218801	4.340022	0.739587	0.337264	0.351618	-49.188416	-7.735602	2.690501	-12.946981
-2.417241	3.744931	-0.940658	-2.047360	-75.502584	-72.784188	-10.331894	-57.582793	-108.659822	-76.035503	-27.247112	-122.494802	-26.153504	175.680040	-7.776998	188.354854	100.308121	90.371497	28.240663	206.336621	16.957224	1.980794	1.881939	9.519398	-19.779067	-2.575288	-0.883712	-4.941310	-11.085035	-2.763065	-1.270849	-0.496496	-8.907377	-4.994572	-3.729602	-4.229302	-81.003603	-29.527714	-28.198968	-27.743043	-64.297472	61.881676	56.421481	13.669586	111.412023	95.279198	91.471526	65.036571	23.503273	6.925688	3.852785	8.461431	-17.308230	2.547199	0.466204	-2.004298	1.078895	5.403448	-0.790693	1.522925	-3.777087	-13.624733	1.519888	-5.047521	10.699168	-12.523321	13.760955	-27.213918	20.517783	64.292492	74.600661	-35.621148	-15.083285	38.021508	40.582243	-11.462410	10.016123	3.761721	2.522117	3.463187	5.965397	15.302783	-0.494797	22.549065	43.628448	23.656779	1.666509	13.535202	41.958362	-15.293624	-2.746574	3.755012	53.006534	-27.705936	4.636900	-3.002892	29.008495	-30.584653	2.170109	-18.689543	-48.262841	-11.126471	-3.605864	-24.813022	5.261691	-1.496673	-1.212194	-8.543328	51.798516	16.833171	-2.099835	2.042847	30.543022	7.518484	8.217392	21.447841	55.203835	23.964417	-7.303661	28.701947	39.995472	1.137426	-1.207297	16.165108	25.232816	-8.631656	-16.731703	29.471896	-67.247326	-2.200282	-19.042046	10.310320	2.667896	-2.060012	-3.099746	-1.358462	40.237978	22.305517	5.598859	-67.560815	-42.687812	-21.755085	14.388005	-27.889891	69.271213	8.407664	-6.651611	31.045244	36.737544	-19.718165	0.495310	31.122466	9.407639	-36.391503	-25.070846	15.696459	-23.045594	-5.383233	-28.125929	24.183416	28.677754	2.997761	-2.301070	5.514534	-26.989833	23.972044	-0.769636	-13.363037	-140.944816	-19.881972	-5.565954	-13.048988	41.952384	-20.181639	-7.058444	13.266329	18.718884	31.067340	-4.914563	51.518329	-60.520002	54.418298	6.234282	8.833019	5.119411	20.136111	14.407797	0.801499	38.086244	0.448746	3.427280	0.642723	11.097483	15.568495	-5.164864	-1.170195
