1020.743599	1844.652717	127.153987	21.847795	174.779166	1256.697474	51.116056	23.523346	-173.207435	911.860205	-69.230774	37.653130	-271.943423	471.460835	-123.201324	68.001975	-132.226607	34.909028	-60.497139	50.873436	-116.609282	-170.158597	-6.873579	18.478935	-264.168244	-162.781654	-0.312786	-12.246013	241.171524	427.219357	-61.333363	30.980215	-203.320048	-27.579209	-161.929454	10.121359	-224.842255	-72.107207	-184.779984	10.056562	-104.551316	-94.218260	-103.587424	34.396745	7.605169	-30.968501	-26.944860	60.603576	-12.483866	78.780796	-2.481525	35.505944	-122.880177	129.232122	12.043963	27.073787	-423.220126	-908.118429	-301.981613	-46.479563	-143.157291	-493.834428	-254.598476	3.205248	-120.719608	-325.176663	-147.553159	1.037809	-54.428215	-156.983749	-42.146665	0.816417	-2.539318	-44.537347	-6.371026	5.513867	-56.486388	24.248596	6.779585	10.608193	27.432555	110.812769	27.318104	16.290736	-280.671326	-644.934557	-148.261913	-48.665351	-45.077970	-189.005517	-106.210779	-0.156326	-20.905766	-54.934375	-33.410739	-0.044571	-4.221692	-9.298205	-1.539695	-0.049598	-0.860627	5.480255	14.303834	-0.029036	-65.914402	6.040490	30.453393	0.092939	110.550529	8.989943	-6.012840	8.526984	-57.701544	-116.975371	-18.893431	-7.886246	-7.792680	-19.844337	-16.046553	-0.111778	1.418522	4.513398	2.930707	-0.080890	11.196083	23.572171	16.726799	-0.042479	8.777258	37.600633	4.860286	-0.054869	-35.353632	32.733122	-42.813692	-0.162910	140.327435	-43.201705	-14.601210	-0.304241	-4.968244	-8.894049	1.162362	-0.008091	7.346977	16.202340	9.949083	-0.030947	20.707839	81.064895	26.784591	0.256680	35.322621	122.222825	2.352138	0.059753	21.431974	121.494185	-119.510447	-0.176292	32.966612	49.979907	-106.982238	-0.031015	116.490652	74.520462	19.230774	-0.148780	14.556883	76.276295	16.854533	0.211607	118.684331	81.259589	44.672533	25.610714	145.834379	400.034370	46.582747	39.300350	-81.532156	437.877098	-78.844943	0.230689	-63.714783	276.760594	-180.725007	-2.419243	53.054082	161.230533	-42.870702	-0.354032	81.126970	52.478923	26.687976	-0.003194
1844.652717	3874.393264	237.287475	49.187213	296.436284	2556.464373	118.405682	36.369034	-302.500719	1888.041071	-112.711678	65.062940	-517.033942	1054.982613	-232.513701	131.004935	-283.127369	251.618808	-118.252115	103.868664	-208.069525	-141.763024	-12.956039	66.204478	-438.991990	-144.697590	-0.752122	37.984812	436.422587	1136.893747	-181.481015	79.135244	-437.363631	74.414687	-332.442853	18.275220	-471.923384	-135.947217	-372.753985	13.577813	-231.657491	-227.910420	-210.969859	59.567765	-22.945065	-111.845774	-54.119816	97.808960	-52.892996	132.293059	-4.345291	63.160658	-56.497323	247.271813	27.107394	81.125249	-961.254114	-1874.934947	-678.098208	-101.340768	-312.207898	-981.774806	-543.005767	6.249830	-254.464813	-645.066328	-311.015152	1.531869	-118.862960	-307.693391	-91.320331	1.099784	-16.456665	-105.340601	-12.550335	2.690119	-121.656723	-16.654748	21.977871	-4.076072	169.123536	156.856352	85.582126	-18.124854	-613.313284	-1405.275798	-316.307162	-110.189710	-97.433845	-400.665790	-225.122526	-0.683140	-47.421206	-115.051554	-71.449347	-0.095606	-10.800345	-15.019756	-1.521530	-0.258834	1.816464	19.983784	41.504062	-0.043819	-105.100648	33.698135	96.233809	-0.508081	111.495963	34.895712	35.632062	1.115289	-117.359264	-242.247480	-39.363912	-16.484578	-16.395055	-39.184207	-32.931004	-0.386303	2.203834	16.092231	11.326056	-0.511725	21.520294	60.467430	52.266114	-0.259342	15.070499	85.109201	49.290374	-0.294727	-31.935356	54.833727	-45.539839	-0.815588	153.381572	-124.378763	-47.396549	-0.948731	-1.812456	-8.477130	3.853285	-0.005309	15.223523	51.982655	27.180213	-0.156276	43.618527	167.149036	69.655317	0.416846	65.069158	214.274997	39.053199	0.491371	15.360762	172.755333	-184.812544	-0.127244	37.004396	19.470450	-205.899510	-0.163317	195.995496	95.681112	20.194316	-0.892619	64.695465	199.578205	42.634617	3.349663	237.899888	199.120826	114.190484	49.439195	238.286942	699.136191	100.459526	63.297292	-186.006297	704.187739	-124.158133	-5.116422	-155.674096	463.217433	-293.802803	-4.122701	79.543124	264.539448	-39.657374	-0.374855	127.451321	71.324163	42.939406	-0.018341
127.153987	237.287475	44.640775	0.317940	60.034351	245.712328	28.910235	0.992637	-21.303875	218.785684	-0.905140	3.591145	-63.843111	144.687683	-24.624913	9.587612	-21.919465	53.367669	-13.788595	11.307808	-10.580181	2.663682	-1.510510	10.268980	-33.651656	-4.456274	-0.076293	0.965162	75.306682	121.483197	32.088948	2.378672	-36.425336	0.950943	-14.051335	-0.281331	-48.416891	-16.031751	-34.221067	1.260845	-28.156179	-18.979664	-23.828541	4.358047	-3.550156	-15.601219	-6.431138	8.805077	-7.244739	2.737949	-0.544004	15.143289	2.302150	33.160067	3.221883	15.619377	-72.841164	-142.004651	-45.004418	-8.496604	-32.146897	-110.089486	-48.687997	-0.552346	-29.455352	-82.162410	-33.147039	-0.103360	-14.574797	-46.500799	-10.615457	0.006797	-4.213912	-23.954471	-2.165564	1.263444	-17.030373	-16.935143	-0.966197	3.556455	15.832182	15.340919	11.572800	7.220599	-61.356141	-138.280190	-31.355732	-10.979256	-9.973114	-43.573318	-23.081535	-0.142314	-4.916360	-13.488765	-7.662469	-0.007624	-1.094798	-2.538106	-1.524520	-0.016645	-0.732401	-1.450613	-1.946341	-0.002823	-4.827495	-3.132198	6.655588	-0.148934	12.083440	4.674334	10.350601	-0.204292	-12.367578	-25.627501	-4.103269	-1.763442	-1.741427	-4.885597	-3.520420	-0.075524	-0.609227	-0.902448	-1.204138	-0.020788	-0.600125	-2.524753	-0.909769	-0.013618	-0.582040	-0.133272	4.787014	-0.017351	0.815970	-1.077995	14.076507	-0.054779	6.543470	-14.798487	4.913553	-0.084758	-1.356320	-2.117185	-0.231607	-0.001257	-0.081727	-0.287083	-0.549508	-0.009568	-0.149425	5.561544	-3.364358	0.110118	0.982512	4.371091	6.729188	0.173955	-2.251479	4.634547	15.647591	0.003766	-3.164323	-7.058470	0.065055	-0.009500	9.352556	-4.508758	6.958511	-0.057515	-0.979604	-2.409151	-0.632978	-0.002917	7.196631	1.076091	-2.879419	0.413547	16.743322	40.054287	-1.280839	4.572460	4.183481	63.746495	7.393330	4.522316	-18.638539	34.608473	-7.548810	0.161351	3.972135	20.535959	-2.806126	-0.014525	12.053037	5.356998	3.958638	-0.001498
21.847795	49.187213	0.317940	2.688986	-2.374514	25.572115	-0.331664	0.808258	-2.308713	14.533714	-1.352669	1.280051	-2.178702	7.508034	-1.374042	1.819769	-4.335642	3.453640	-0.624957	1.089894	-1.640915	-2.562412	-0.197077	2.227677	-7.074817	-5.112057	-0.007314	1.818333	-1.229419	2.638706	-5.459203	3.742338	-5.278043	0.254714	-4.696874	0.770533	-3.709963	-1.173834	-3.136544	0.171952	-0.701935	-2.000458	-0.851369	0.760773	-0.139025	0.075891	-0.125301	1.230561	1.801192	0.584881	0.076486	1.850914	-3.196037	-0.021085	0.486977	0.922763	-12.828545	-24.986892	-7.557768	-0.854136	-2.638083	-7.875017	-5.286780	0.494240	-1.086871	-3.347860	-2.207084	0.157902	-0.306549	-1.315519	-0.503492	0.001770	0.379744	-0.631817	0.260609	-0.145700	3.622115	0.611987	1.454154	-0.144721	-2.747036	0.630049	1.118080	-0.887353	-5.517556	-13.089932	-2.706291	-1.041238	-0.867716	-3.105664	-1.893716	-0.004479	-0.461096	-0.581330	-0.595867	0.002405	-0.040019	0.042723	0.268632	0.001771	0.773754	0.488042	2.126878	-0.003643	1.835642	0.567662	2.135485	0.004748	-4.288115	-0.403346	0.048665	0.279636	-0.953711	-1.938749	-0.327317	-0.124907	-0.177680	-0.346495	-0.287709	-0.001691	0.057180	0.078533	0.496651	-0.014432	1.264151	1.336031	1.904132	-0.004141	0.592008	1.385350	2.497602	-0.007176	-0.041183	-0.836989	1.956216	-0.024635	-4.028435	-4.767229	-1.672145	-0.040570	-0.199556	-0.315247	0.180620	-0.001948	-0.011562	0.629972	1.113273	-0.003134	0.142141	2.796597	3.236530	-0.007531	0.665828	2.939149	2.725517	-0.024938	0.531111	0.681932	-0.809215	-0.009226	-1.284474	-2.419120	-3.142274	-0.005472	0.404014	-1.400535	-1.615594	-0.022552	1.085375	8.131691	1.867470	-0.047586	6.091891	5.731358	5.089288	1.459893	3.388983	9.999488	3.068625	1.874457	-1.971699	8.900481	-2.290736	-0.663675	-2.114066	4.396106	-4.852709	-0.221991	-0.826349	0.389925	-1.679734	-0.022189	-0.025346	0.499272	0.174233	-0.000303
174.779166	296.436284	60.034351	-2.374514	324.532880	438.828190	98.354357	0.413685	80.314860	550.544212	26.934383	5.641394	-151.570552	417.846644	-64.850923	18.757382	-49.390589	157.180929	-49.820926	28.111645	19.159193	-12.959701	-7.343383	13.342197	-118.546238	-56.205145	-0.531913	-28.578570	285.146996	403.437979	123.056941	3.343028	28.565189	73.417885	31.329689	-1.403059	-86.115424	-2.055584	-78.299511	3.458771	-86.171184	-1.760038	-77.974077	8.005398	6.549784	-11.892612	-24.088506	19.477788	19.861807	18.246893	-3.466982	36.775884	-25.269111	110.046178	-0.028493	30.129298	13.150160	-79.221705	-35.909517	-21.212313	-44.462921	-191.433545	-104.735633	-1.553084	-82.639414	-193.673989	-115.306733	-0.234633	-50.206463	-129.642105	-43.322285	0.155756	-8.477653	-61.244436	-10.348213	4.513785	-18.204101	-15.098724	-10.142076	14.751041	81.869562	28.361242	-3.333429	24.630354	-147.836852	-341.343421	-86.087665	-33.566717	-28.285711	-155.558981	-86.985007	-0.524021	-21.956264	-58.769706	-35.872250	0.113697	-5.646205	-13.129819	-6.997326	-0.171094	-3.825758	-7.860089	-21.627300	-0.075065	5.744175	-11.162322	-18.195230	1.617531	143.493913	-5.653534	18.024350	3.905364	-52.507993	-107.596019	-19.093506	-8.714679	-7.329484	-24.396158	-16.984585	-0.257800	-2.713082	-4.853210	-5.844351	0.020744	-6.807929	-16.376477	-21.540335	-0.135584	-2.539632	-11.800907	-38.463129	-0.231052	42.333898	13.327303	17.444391	-0.324144	108.209565	0.722793	30.560733	-0.118051	-7.191221	-11.515914	-1.451611	-0.080567	-2.102149	-6.441475	-5.020769	-0.066233	-7.494585	-18.633089	-27.220248	-0.003915	0.296646	-32.164856	-41.125060	0.285284	39.761221	8.082624	20.184263	0.111967	48.781495	26.976552	16.940805	-0.141661	70.203724	25.806176	15.559850	-0.541798	-5.651579	-20.669516	-5.019562	-0.011692	-44.893351	-34.504524	-23.611744	-4.458465	-59.943119	-65.920149	-54.477447	-5.532876	74.339415	41.886189	17.850278	5.538950	79.648225	52.526737	36.342714	1.005212	63.845036	47.120597	9.398457	0.244596	45.247429	17.235292	13.040762	-0.010989
1256.697474	2556.464373	245.712328	25.572115	438.828190	2342.010217	193.811151	22.451161	-85.537452	2073.561739	-20.964970	45.187867	-456.756143	1378.024048	-206.835503	106.145680	-218.293151	561.522913	-137.983556	120.666052	-81.296214	54.727842	-19.756445	87.699909	-361.391898	-40.984910	-0.833096	16.877351	664.258630	1282.014792	125.564699	39.453202	-256.860039	208.527765	-159.818101	7.698408	-425.783938	7.501309	-329.014128	12.075249	-260.438765	-73.704746	-230.001066	45.555471	-24.521868	-25.458181	-69.294956	95.703723	-15.331611	187.826981	-8.516250	106.663629	25.138280	371.110414	21.719042	142.269349	-567.123289	-1190.968379	-438.141554	-90.749479	-262.614197	-858.954900	-477.028486	-0.851284	-269.740836	-652.806991	-344.311081	-0.025224	-139.028250	-368.381038	-115.023432	0.885273	-23.520599	-155.894308	-21.002637	6.900975	-114.079771	-23.407066	6.956271	20.519402	230.898993	183.633125	85.645633	49.485711	-582.844383	-1313.533844	-310.583664	-113.412468	-102.022704	-452.777501	-255.599519	-1.815859	-57.902299	-150.490614	-92.092245	-0.054830	-12.752586	-26.409246	-9.973909	-0.143983	2.947466	7.020786	11.872776	-0.017333	-60.235416	19.447681	65.297207	0.336770	199.640068	7.424839	51.717699	4.909975	-141.868459	-294.025734	-49.189059	-21.823320	-20.195584	-57.164835	-42.452645	-0.919482	-1.653251	4.728073	0.420410	-0.320296	2.534533	20.059314	20.566127	-0.167724	2.263504	19.633395	41.973348	-0.196935	-1.412543	33.696863	46.112884	-0.654430	146.547761	-99.796560	23.245500	-0.338985	-10.604572	-19.175989	1.115637	-0.046690	8.164174	28.884824	13.341052	-0.134435	17.305526	95.580549	21.635899	0.534390	21.208058	102.265636	35.718884	0.913671	10.272498	110.961129	-5.425282	0.016554	24.016363	-5.828041	-64.268121	-0.141687	134.542729	50.517868	51.208974	-0.727224	36.622491	119.368274	24.582541	2.406271	126.762826	117.067162	56.099400	30.109159	117.977787	399.707113	44.656381	43.593515	-1.088132	448.384531	-6.848922	8.376890	-82.590761	305.033579	-147.539284	4.140143	64.683290	191.498972	-19.764680	1.069638	104.665907	54.142913	35.852573	-0.016158
51.116056	118.405682	28.910235	-0.331664	98.354357	193.811151	51.094770	-0.887883	22.942581	249.795966	22.656375	0.825420	-61.250276	210.943273	-22.160627	12.584215	-18.876298	100.941106	-17.989616	22.247025	2.553992	19.164690	-2.942788	18.733209	-39.080515	-10.200218	-0.141329	2.814207	78.971093	157.558553	65.206557	2.224464	-7.637531	23.668897	25.318297	-1.138553	-43.065482	-15.074742	-22.122852	0.967796	-36.415120	-18.452645	-28.627289	4.296145	-6.933603	-20.307324	-9.629414	15.913346	-1.916055	-1.144417	-1.537430	30.795379	1.923948	38.856295	1.530365	27.763375	-40.697128	-63.456502	-4.434531	-8.024762	-29.801411	-98.985836	-36.108986	-0.837517	-35.648592	-93.361146	-40.643593	-0.181965	-19.882345	-61.860151	-15.566723	-0.002519	-6.988664	-34.896417	-3.179835	3.288332	-12.311537	-16.170261	-0.567330	10.075016	19.802243	14.348405	11.438711	14.245884	-64.381690	-144.222448	-29.855608	-13.012401	-12.198173	-58.717614	-30.421565	-0.209461	-8.075050	-20.592315	-12.417536	-0.003672	-1.938300	-3.724859	-1.599932	-0.053760	0.129167	-0.519330	-1.424641	-0.012040	5.488676	4.100133	7.774126	0.142221	8.028721	7.158371	21.039111	1.527231	-17.905726	-37.729946	-6.452363	-3.017723	-2.691071	-7.722050	-5.626395	-0.117086	-0.715464	0.296475	-0.465622	-0.050434	-1.670455	-1.139623	-0.261730	-0.046998	-1.573930	-1.858284	9.773197	-0.056672	7.577981	4.876448	34.315462	-0.136452	-16.061945	-3.087145	13.941605	-0.183754	-1.044656	-1.818280	-0.043317	-0.000102	-0.236197	2.437671	0.521662	-0.022213	-1.820512	0.329995	-1.660147	-0.014320	-1.954039	-7.830250	8.998202	0.078146	-1.764509	-3.894253	50.243425	0.035907	-10.690228	-6.281245	26.668995	-0.036543	-19.259203	-13.951142	0.358242	-0.178420	5.965538	7.286245	1.029234	0.715049	-9.099011	0.941195	0.276254	-1.487102	-5.200963	-13.208356	-4.346346	0.100770	35.191497	4.969582	37.927626	5.559339	-6.965591	-22.346089	30.719491	-0.081066	-19.493388	-18.244200	-3.827946	-0.031316	-3.960498	-10.451222	-2.078824	-0.002996
23.523346	36.369034	0.992637	0.808258	0.413685	22.451161	-0.887883	1.527664	-2.321175	13.163532	-2.393601	2.112466	-0.591941	3.323108	-1.482771	1.989626	-1.005174	-4.061980	-0.423442	0.389410	-3.653270	-7.788346	-0.024683	-0.492697	-7.531494	-5.908579	-0.020008	-0.923057	1.023639	2.059110	-2.678106	0.984102	-2.668211	-1.206072	-3.260817	0.641013	-2.353968	0.550612	-2.915255	0.712767	0.744460	0.941547	-0.768543	1.314830	2.724965	2.348330	0.078206	2.085161	1.211894	4.754738	0.085169	0.804218	-5.873988	3.260823	0.028825	-0.128173	-7.872188	-18.585611	-4.735895	-0.635899	-1.851028	-8.681090	-3.646567	0.230556	-1.368134	-4.614134	-1.864185	0.044266	-0.468975	-2.300575	-0.443324	0.044385	0.414064	-0.477446	-0.063768	0.311930	-0.213787	2.976380	0.208872	0.583312	-1.199960	3.638225	0.053720	0.718877	-3.630519	-8.645249	-1.877424	-0.734568	-0.464531	-2.306333	-1.324187	0.020086	-0.356586	-0.523747	-0.429692	0.008263	-0.122546	-0.072747	0.065731	-0.001865	-0.053605	0.188902	0.297432	0.006145	-1.252928	0.389993	0.310510	0.010040	2.582557	-0.738294	-0.781539	0.779731	-0.677058	-1.337508	-0.234557	-0.091605	-0.130665	-0.242528	-0.225406	0.010863	-0.004806	-0.016254	0.128500	-0.006004	0.021598	0.256405	0.349965	-0.004149	-0.417776	0.181964	0.214572	-0.008938	-1.185116	1.506646	-1.425464	-0.041329	3.481201	0.938759	-0.138364	-0.054209	-0.162230	-0.232967	0.035102	-0.008535	0.141136	0.189848	0.244671	-0.007625	0.271026	1.950601	0.912536	-0.002658	0.789855	3.691518	-0.026478	-0.016425	0.871470	4.820833	-2.286626	-0.007535	0.744832	3.918500	-1.743656	-0.011899	1.229992	2.235455	-0.809547	-0.043403	0.084603	2.105606	0.511322	-0.053573	3.726375	2.350356	1.635351	0.673832	3.426426	12.575885	2.092384	1.278273	-0.750634	12.455753	-1.529455	-0.278816	-0.612668	6.422173	-3.592131	-0.119819	-1.153033	1.490392	-2.019300	-0.012429	0.384214	0.469990	0.006114	-0.000963
-173.207435	-302.500719	-21.303875	-2.308713	80.314860	-85.537452	22.942581	-2.321175	340.051595	105.468837	90.791006	5.706461	115.121536	277.516504	24.056867	5.602300	-22.026223	238.281880	-31.257614	17.993421	73.323775	54.707866	-10.944387	23.104903	-55.416836	-58.766134	-0.654962	-17.186579	65.103512	144.678364	69.365228	6.520900	133.425873	173.798618	109.044332	-2.150063	78.600450	105.008701	44.541826	1.182175	9.553250	63.800436	-14.914213	2.966039	15.357351	52.028184	-15.360931	12.283151	82.684618	60.051536	-5.044969	45.724140	1.018503	120.768916	-6.020187	44.696755	127.320060	316.150261	121.062997	4.526243	32.910038	66.034352	47.585209	-1.064609	-15.932878	-46.462158	-37.723662	-0.144999	-26.623203	-89.952195	-31.060045	-0.126217	-18.563671	-65.516717	-11.619456	3.166227	17.411299	-15.686098	-9.653119	21.414966	113.086345	42.135597	-9.582267	47.856031	4.571110	-11.715128	18.048603	-20.223183	-7.102147	-77.148139	-40.235955	-0.806919	-12.757978	-51.844180	-29.631908	0.233492	-5.980599	-17.738017	-8.821000	-0.178509	-1.232581	-10.307953	-22.980208	-0.244246	39.974920	3.623589	-15.047608	2.198055	140.558807	17.875986	33.561656	10.538785	-22.365944	-52.465697	-13.056275	-9.092569	-2.983188	-23.372601	-14.274183	-0.249245	-1.097169	-6.199790	-6.985383	0.427983	-10.335361	-17.047163	-22.813197	-0.118119	-3.485640	-21.388876	-14.332629	-0.324144	70.540484	25.579157	64.109115	0.001636	33.847389	88.254333	63.814835	1.413603	-7.906956	-14.530471	-2.030139	-0.155166	-2.222724	-12.458457	-6.969278	-0.048772	-8.104222	-27.692712	-27.538783	0.015625	-2.789256	-32.078063	-24.623627	0.605939	38.655410	1.900700	114.654213	0.234726	23.834351	37.313295	120.072589	-0.142616	-52.424173	26.073510	15.361742	0.034926	-18.611604	-45.429610	-9.053284	-1.648835	-34.286567	-58.423579	-32.813508	-1.428203	-24.691514	-111.075715	-53.078655	-3.216984	161.764930	-32.404021	87.942424	9.798318	114.501172	-38.738389	158.028551	9.162912	-21.181692	-71.954724	32.362883	1.020060	-55.623187	-46.106976	-13.689584	0.013586
911.860205	1888.041071	218.785684	14.533714	550.544212	2073.561739	249.795966	13.163532	105.468837	2254.395727	65.721055	27.986816	-415.300166	1753.662900	-180.940561	92.541364	-191.338855	886.574153	-151.120079	144.397106	-7.853340	265.351330	-27.883207	117.312426	-265.421630	40.229841	-1.114502	25.294993	655.115485	1398.382995	269.146726	22.779981	-63.288355	403.279012	4.801211	2.796529	-345.641470	98.542323	-262.806491	8.717885	-300.959736	7.653444	-252.167201	36.078206	-47.569114	26.928005	-89.143541	103.825116	34.231262	202.986820	-14.370209	156.172933	144.022457	417.640254	16.724714	187.850280	-404.664517	-685.209676	-224.340075	-99.241587	-219.986715	-747.459885	-399.492794	-3.796932	-286.015419	-691.538345	-378.090779	-0.678658	-162.200799	-463.581871	-142.428533	0.598009	-39.173987	-240.504925	-29.790280	12.125300	-88.486744	-54.508579	1.826854	37.849987	365.266444	197.172532	85.587908	74.725309	-552.458940	-1231.754115	-275.118235	-132.778371	-112.656352	-514.350525	-293.074638	-2.726833	-74.814315	-194.186219	-122.231879	-0.034223	-16.686640	-39.470360	-15.388443	-0.195539	8.551673	7.829672	1.672943	-0.100073	-1.804127	49.674995	54.403110	0.428878	288.647504	72.194582	90.757308	7.514361	-172.386644	-354.249251	-64.207355	-30.487625	-26.101760	-79.261170	-57.415183	-1.376746	-3.553598	5.198774	-2.038886	-0.236380	-5.371558	15.276293	19.480107	-0.180361	1.402158	13.072087	63.697713	-0.259561	63.716025	85.508355	130.471906	-0.721778	110.593754	2.426249	66.528137	-0.676416	-14.938392	-26.954933	0.311768	-0.069249	5.718233	32.500355	12.227466	-0.138203	4.999145	70.438693	12.038144	0.288709	13.089706	44.689355	54.941760	0.222931	34.438718	85.748197	161.273631	-0.155748	22.152665	21.232463	62.662511	-0.183308	31.943029	22.924612	39.070755	-0.820569	52.627416	121.630016	23.287230	4.725444	59.683521	91.457815	47.026301	15.867482	67.251588	216.612273	20.240505	23.682705	157.126979	325.892978	139.222915	11.286568	-3.969649	144.949765	38.108221	2.840758	-13.927324	64.181418	-14.362825	0.575957	48.013287	6.497392	18.233368	-0.006285
-69.230774	-112.711678	-0.905140	-1.352669	26.934383	-20.964970	22.656375	-2.393601	90.791006	65.721055	47.802996	-3.288018	12.894831	142.750295	11.879048	2.162742	-11.885900	117.849248	-11.881707	18.340476	18.523764	40.892709	-4.413757	19.515645	-14.422699	-13.302833	-0.144948	5.432394	1.384116	63.160884	48.536287	1.808197	28.665867	49.924724	54.960268	-1.532590	9.539008	12.140578	23.762969	-0.809212	-9.807652	-5.148381	-5.477237	-0.702817	-9.253907	-9.203049	-7.399984	11.150156	14.590930	-3.722623	-2.456312	31.406346	9.712464	23.695964	-0.398944	27.209589	-0.853128	74.128862	57.086739	0.171069	-4.523940	-7.897607	24.087687	-0.466104	-13.988689	-39.480582	-9.582486	-0.199733	-11.961647	-47.464396	-10.315562	-0.140160	-9.294038	-38.955821	-3.171615	3.083217	3.057881	-17.393264	0.013219	11.304969	21.842150	19.141646	9.103512	17.865543	-10.714908	-23.003415	10.814554	-6.632320	-4.727047	-32.138742	-9.822436	-0.228463	-6.129300	-17.334910	-8.669132	-0.056880	-2.130387	-4.341497	-1.682981	-0.113487	1.365938	-0.196421	-0.656962	-0.046234	19.904165	10.932384	8.937082	0.187210	1.274731	24.034857	25.800835	3.083681	-7.567007	-16.831349	-3.268918	-2.476306	-1.255928	-5.372570	-3.531792	-0.099922	-0.683029	1.160251	-0.129166	-0.080209	-2.579060	-0.881220	1.311640	-0.090082	-0.109707	-2.455127	16.990173	-0.077370	20.349944	8.282384	44.618237	-0.157573	-37.274978	22.701882	20.213652	-0.199583	0.262416	-0.019872	-0.121396	0.014692	0.169705	3.308193	0.157278	-0.015476	-0.581649	-0.168510	-1.267858	-0.007288	-3.241181	-6.675901	15.916401	0.250066	-1.994498	-6.434834	75.615014	0.106740	-17.549353	-0.898905	53.441162	-0.039428	-52.440215	-16.074606	-3.160051	-0.143582	6.596152	-2.404340	-1.134959	0.896965	-5.931147	-3.548251	-3.712885	-1.797914	5.127728	-20.178086	-2.702776	-1.802288	53.333973	-15.048344	58.477442	6.110496	-1.971770	-57.830843	66.688245	2.402665	-44.532980	-57.129086	2.348572	0.161293	-31.276452	-26.796605	-9.247225	0.000400
37.653130	65.062940	3.591145	1.280051	5.641394	45.187867	0.825420	2.112466	5.706461	27.986816	-3.288018	6.965789	5.737122	5.294726	-2.707220	6.248237	3.134608	-16.492767	-0.139317	0.538059	-7.565055	-23.753580	0.300657	-1.752898	-22.139720	-16.040768	-0.057681	-4.212334	2.822916	3.839243	-0.190179	1.373740	-4.984717	-3.630545	-3.317661	0.509293	-4.774168	-0.966237	-5.374648	2.002278	5.647198	-0.250036	-1.007215	4.306810	9.991156	4.660665	1.050206	4.385838	3.209451	12.477876	0.657977	2.437391	-17.339180	16.134912	0.272246	0.791507	-12.695745	-33.802131	-6.684552	-1.352078	-4.665402	-20.808384	-6.750620	-0.026088	-3.720193	-13.908835	-4.533918	0.012442	-1.755933	-5.566349	-1.447476	0.060190	0.335504	0.494635	-0.379234	0.601402	-2.312981	5.200815	0.311572	1.881448	-5.818351	9.542741	1.965063	3.336668	-8.237781	-19.410687	-4.057738	-1.593062	-1.019003	-5.704879	-2.896779	0.015476	-0.446468	-1.801752	-0.962929	0.020250	-0.220783	-0.488777	-0.023014	-0.011356	-0.543807	-0.316926	-0.213930	-0.000281	-3.061872	-0.325812	2.789278	0.333357	-0.088979	-1.656234	3.167031	1.577442	-1.467698	-3.171530	-0.536028	-0.221266	-0.117562	-0.756220	-0.468687	0.011712	0.065146	-0.392516	-0.096786	0.021314	-0.108547	-0.541875	-0.802133	-0.011122	-0.088016	-0.949112	1.383180	-0.039279	-2.160850	1.386260	3.921132	-0.060619	-2.199647	1.744236	2.972688	0.002810	-0.319905	-0.592893	-0.069757	-0.022530	0.332610	-0.223484	-0.184191	0.009590	0.563277	2.539638	-0.415272	0.001444	1.579084	5.557778	-1.080215	-0.033488	3.227031	6.001693	2.632599	-0.015777	0.689710	2.040518	1.153024	-0.035757	-3.148149	0.496144	-1.601860	-0.098607	-0.903402	-1.366696	-0.242915	-0.114680	8.526776	0.951512	-0.333022	2.169099	9.034736	19.930292	0.993861	3.125658	4.600212	18.973440	0.025397	-0.565844	2.522240	6.124550	-2.221199	-0.301519	-2.731529	-0.410187	-3.780962	-0.027131	-1.170254	-1.514265	-0.696681	-0.002736
-271.943423	-517.033942	-63.843111	-2.178702	-151.570552	-456.756143	-61.250276	-0.591941	115.121536	-415.300166	12.894831	5.737122	479.717477	-300.242701	111.804181	15.404660	189.572828	-57.812485	41.213032	2.351894	-7.885878	46.867013	-1.130669	-18.936782	32.465917	25.515246	-0.227606	-24.172446	-97.875629	-202.954499	-35.421011	-0.004283	78.776589	29.419504	44.540998	0.831997	151.438397	81.946852	102.540553	2.771822	157.792563	61.134259	89.742512	6.424739	87.933825	72.587839	28.949011	5.916815	65.636752	85.701682	5.524762	-0.663543	52.548469	100.271411	-2.509334	-11.020821	179.524889	352.264792	112.157655	35.269580	80.095968	261.639449	133.042556	2.162892	94.381647	211.306172	104.401179	0.705188	46.336147	109.831283	30.673978	0.113044	11.425732	53.128749	1.065349	3.200326	50.602741	55.412475	0.301846	12.048261	62.486505	33.097651	-1.540385	45.731126	161.194952	356.622608	85.665028	29.224162	30.830662	124.157109	74.774597	0.442113	20.724292	24.806883	24.837906	-0.005523	2.740003	-1.512179	-1.802497	0.260476	2.319418	-5.957008	-8.178594	0.032768	54.792551	5.412546	0.520984	1.608622	94.739618	23.107133	12.837876	9.412646	48.477583	87.100544	16.824862	3.419688	7.829569	17.801068	10.715555	0.136885	0.969707	-2.362915	-1.918949	0.140796	-4.104917	-6.385506	-9.434381	0.208226	1.813373	-14.920429	14.426862	0.271954	49.678360	3.960385	33.027803	0.649918	54.117307	98.552733	32.190016	1.349505	-0.006176	-0.403631	-0.366538	-0.118499	-0.436419	-13.261022	-4.243445	-0.017038	-4.784056	-19.741276	-8.377786	-0.323533	0.083236	-8.019457	-9.006265	-1.081084	34.346930	-6.888930	53.102372	-0.320305	51.142589	41.370393	85.613131	0.136119	-19.452532	43.723363	13.062622	0.751407	-24.088123	-33.768826	-6.246754	-2.241531	1.475010	-28.329708	-16.930955	0.051687	16.013353	-31.064513	-24.234165	-2.612024	91.856559	-12.949639	30.858363	-7.681109	124.836400	48.083713	128.313970	-4.637723	21.837897	4.988848	34.043831	-0.530256	-46.037709	-15.904289	-16.843409	0.025518
471.460835	1054.982613	144.687683	7.508034	417.846644	1378.024048	210.943273	3.323108	277.516504	1753.662900	142.750295	5.294726	-300.242701	1767.037847	-84.653598	41.528926	-142.709260	1208.057881	-110.337714	122.009520	118.803596	579.320725	-26.889259	148.633670	24.870524	225.614535	-1.004275	81.155073	434.913793	1119.886156	260.102044	21.083045	66.943720	467.513404	119.331705	-0.222235	-141.364114	186.615520	-104.263248	0.869865	-211.161581	22.259900	-169.217305	11.104074	-79.419949	23.064984	-79.584071	61.544173	101.890811	154.087146	-16.782546	157.368741	391.804916	352.951357	11.089611	214.872635	-246.840378	-175.324619	-28.014846	-73.414590	-122.780632	-471.337131	-207.870135	-4.300538	-205.402217	-564.644296	-262.266681	-0.894115	-134.299556	-466.412966	-115.737839	-0.148949	-59.246269	-308.427674	-27.716054	3.112521	-38.557256	-140.465764	3.131944	16.906157	562.814661	146.104309	82.394724	54.348991	-368.058540	-807.514513	-154.897492	-109.712734	-84.533519	-400.172997	-205.459920	-2.593991	-62.234759	-167.625973	-95.284574	-0.109028	-15.639676	-36.187458	-13.604292	-0.233285	18.165235	12.378581	3.289140	-0.068389	63.415872	84.945605	55.231303	-1.666283	328.393177	151.713973	126.419785	-1.008611	-123.968452	-260.887862	-46.451103	-25.638235	-19.787114	-62.128979	-44.605490	-1.346018	-2.864067	7.971845	0.012768	-0.302916	-3.887353	17.307116	20.307471	-0.199662	25.949872	32.950736	83.075405	-0.222078	128.371756	123.353102	172.259817	-0.671309	62.788245	109.405936	89.761095	-1.319248	-5.570974	-13.865214	0.667055	-0.055925	4.777974	35.549272	10.000525	-0.170169	7.029947	54.876431	6.376038	0.382354	20.809903	23.428458	79.697934	0.568588	54.814590	66.166364	275.256487	-0.065286	5.176205	53.467040	153.133321	-0.152587	-55.539787	5.211414	23.838943	-0.860250	62.026671	94.771458	16.429577	6.235578	10.765050	54.254725	28.128866	4.256271	85.446156	66.022399	7.258486	11.754909	270.520653	206.251918	242.415703	15.174354	57.722010	-1.544428	178.804628	7.223391	-77.919517	-65.192858	-0.527942	0.767168	-24.409375	-45.202983	2.083642	-0.008501
-123.201324	-232.513701	-24.624913	-1.374042	-64.850923	-206.835503	-22.160627	-1.482771	24.056867	-180.940561	11.879048	-2.707220	111.804181	-84.653598	50.761035	-11.012569	33.370181	51.057198	21.599506	-9.750053	8.899160	95.897412	-0.403040	3.170802	93.797235	79.853382	0.003673	15.125030	-66.373101	-101.805282	-8.429330	-1.286134	23.541822	2.790956	23.857217	-0.277060	56.923883	19.023588	52.362142	-0.400055	48.865453	5.345360	41.116928	-4.427036	10.139495	0.310190	10.663247	-11.628432	17.122689	-1.996811	0.988877	-9.901612	89.614169	-10.685820	0.969532	-2.227730	44.178741	118.239357	55.679801	13.103985	27.357775	85.802575	66.001458	0.457281	32.927529	63.801606	52.900247	-0.020157	14.206428	24.310893	14.340746	-0.169476	-1.482706	-5.935581	1.203191	-2.287062	14.928806	-10.788104	3.629072	-8.724173	48.734526	-4.016490	9.979709	-8.183169	60.207101	144.356285	42.998332	15.083619	11.845441	46.637912	41.821832	0.451707	6.390039	10.045443	14.597045	-0.069583	-0.110403	0.665686	1.519164	-0.091453	2.888929	1.322400	4.871178	-0.046120	19.855224	12.458936	10.502813	-0.524309	-4.894658	31.901633	15.069272	-2.326481	21.368000	42.293362	9.202412	3.365891	3.454581	11.309604	7.365287	0.205915	0.224535	1.588332	1.729139	-0.106270	0.643147	0.248693	5.056780	-0.062000	6.372299	2.286426	20.791687	-0.022135	17.005955	8.287210	19.188917	-0.160225	-24.531201	29.717337	2.815994	-0.495662	3.374770	5.349372	0.363292	0.009163	0.464731	1.545078	0.268960	-0.018820	1.134962	-0.793073	3.151640	-0.066179	3.168733	0.494356	17.025614	-0.044009	9.705111	-3.342347	36.973567	0.014263	-2.322283	9.361190	24.769245	-0.005932	-33.689514	-8.129439	-9.870339	-0.083409	2.298415	-4.782074	-1.263519	0.343704	-0.198232	-1.611950	-0.930343	-2.142745	19.162239	-7.026134	7.894399	-4.185387	33.035162	-16.967816	27.723110	-3.067377	19.928142	-35.785556	38.771988	-1.006211	-21.763142	-31.765196	-1.626416	-0.110625	-24.946272	-15.635869	-9.443112	0.003460
68.001975	131.004935	9.587612	1.819769	18.757382	106.145680	12.584215	1.989626	5.602300	92.541364	2.162742	6.248237	15.404660	41.528926	-11.012569	23.170056	19.726102	-34.591438	-6.553853	21.670850	-22.588683	-71.050898	-0.615052	1.670396	-88.975092	-73.926547	-0.051369	-14.495594	10.683251	32.454715	10.832866	1.248916	-15.017705	-7.693093	2.814890	0.464880	-19.013074	-9.687376	-10.396208	1.744944	-3.761487	-8.500164	-9.801315	9.107546	11.933625	1.878919	-2.487979	22.741036	1.034531	20.512177	0.007709	25.062690	-72.695130	38.066912	0.564410	9.902930	-37.886431	-60.210709	-12.319024	-4.253299	-16.626671	-48.222305	-14.963739	-0.288765	-12.928229	-38.442412	-13.507356	0.005819	-6.172936	-20.269790	-4.830735	0.129736	0.017309	0.528933	-1.027934	4.432207	-2.695223	17.895636	0.278538	15.031157	-41.912893	28.912963	3.433179	25.764430	-29.047295	-57.381531	-12.885912	-5.787429	-4.951967	-19.874969	-10.223820	-0.120676	-2.120019	-6.748885	-3.547821	-0.034793	-0.378250	-1.289731	-0.232510	0.008194	-0.452071	0.506238	1.197635	-0.007392	-3.466276	1.268547	7.762893	0.807445	-11.058612	-1.414023	7.328775	7.047874	-5.717360	-11.537044	-1.887936	-0.864708	-0.789186	-2.573248	-1.602186	-0.061201	0.372951	-0.095563	0.373316	-0.026466	0.074543	2.264499	1.939649	-0.002809	-2.629605	0.004109	10.259124	-0.019307	-9.224322	-0.952296	17.264884	0.029389	-14.269678	3.296876	8.945932	0.204509	-1.194295	-1.866483	0.127805	-0.002460	0.724137	0.307001	1.245518	0.027329	0.832007	5.661494	5.331420	-0.012258	-0.404352	10.153372	7.625538	-0.149884	-6.970825	5.594102	16.886565	-0.058187	-6.403185	-2.711187	13.230252	-0.015110	-15.550992	-2.138513	1.327331	-0.037273	-0.794798	9.379439	2.316184	-0.291111	16.294385	10.937984	6.505426	3.360569	14.933131	36.447117	8.951360	5.878114	2.648363	25.609163	16.436346	2.730556	-15.003915	4.364986	5.831084	-0.686306	-12.617329	-7.406339	-5.243168	-0.072950	-6.498167	-6.547392	-2.793061	-0.002503
-132.226607	-283.127369	-21.919465	-4.335642	-49.390589	-218.293151	-18.876298	-1.005174	-22.026223	-191.338855	-11.885900	3.134608	189.572828	-142.709260	33.370181	19.726102	474.122976	-216.991989	54.693199	72.025331	124.801515	-179.527746	9.656773	10.538870	-285.255713	-231.317188	-0.029180	-80.547278	-18.291879	-110.721705	14.396093	0.701637	17.769220	-2.699428	23.205004	-1.634022	74.808055	62.337557	47.584573	1.844004	107.555139	56.552277	53.073002	10.602452	122.769341	45.409907	26.339665	40.295160	81.824584	48.586120	7.235167	71.712516	-178.785082	178.917679	-6.683583	21.827218	129.666317	179.947606	53.917344	22.929618	36.966232	125.079474	69.310115	0.152359	66.083500	120.869071	70.729475	0.028238	39.785436	96.178892	28.498021	0.200302	27.132742	82.846439	3.762479	10.913935	65.547557	91.940859	-8.522458	54.250506	-42.955040	86.541182	-33.888507	109.102529	125.005827	230.802204	31.472430	19.083780	28.459191	117.564145	56.455180	0.508826	22.995813	46.736264	28.610085	-0.087325	5.530203	9.583455	1.315555	0.277152	-2.366667	-7.256588	-12.723388	0.278372	45.861758	-10.087402	-24.942523	2.179101	168.662640	-24.449248	-20.165802	20.215063	43.187493	85.765672	13.861856	4.049132	8.363746	22.421814	11.649015	0.224491	0.779096	-1.070906	-0.909328	-0.121121	-4.952031	-9.588483	-19.354934	0.207917	-6.685200	-22.803921	-33.161016	0.412251	44.221264	-19.612462	-16.236849	0.342924	165.628845	26.756844	31.148209	0.015334	4.769672	6.584679	0.298995	0.137352	-2.686391	-11.285194	-4.225085	0.075090	-8.302216	-32.511344	-17.052624	0.153589	-12.094284	-44.406257	-38.755109	-0.176599	2.575439	-27.528569	-2.937029	-0.145941	50.988141	10.815422	59.515692	0.184860	104.812228	73.343251	42.461605	0.441306	-14.397811	-19.633314	-3.514263	-1.341881	-48.602845	-31.687121	-16.875410	-3.452896	-56.899650	-129.932792	-32.893080	-5.990257	34.142353	-34.175511	7.998293	2.503837	59.894954	129.881173	90.026327	4.764804	93.927687	94.574066	74.810102	1.024096	35.601783	55.269754	15.317694	-0.007690
34.909028	251.618808	53.367669	3.453640	157.180929	561.522913	100.941106	-4.061980	238.281880	886.574153	117.849248	-16.492767	-57.812485	1208.057881	51.057198	-34.591438	-216.991989	1431.922697	-23.319203	-12.334033	156.502875	1147.376628	-15.703208	124.021700	691.205654	815.314358	-0.244327	207.961282	202.942616	627.993637	120.404185	14.261746	122.427635	373.841187	98.627739	-0.168107	47.659395	210.375106	32.547735	-5.051057	-46.440609	47.002116	-19.431521	-26.643021	-106.381864	0.685329	-27.880382	-67.093705	99.513998	104.091814	-7.907592	-5.906588	964.615818	154.370569	16.822131	164.511264	-35.862300	201.501722	41.123211	-25.674028	12.257667	-94.122457	-24.787224	-1.754293	-49.139059	-224.673418	-60.034142	-0.400469	-52.986079	-273.239254	-41.710794	-0.730550	-57.186209	-288.049444	-11.300028	-26.818349	-34.255140	-237.364956	24.127790	-92.557052	879.067829	-9.121971	119.546515	-94.984659	-89.043174	-204.499459	-18.169149	-36.765075	-27.470319	-147.964715	-42.045690	-1.040198	-22.408826	-79.087644	-27.982947	-0.041085	-6.890644	-17.469981	-3.172016	-0.129124	32.039028	20.579096	26.035859	-0.085023	72.442334	110.306654	81.236855	-5.734854	262.962765	244.804670	167.353079	-37.767303	-26.254216	-73.067791	-8.415730	-8.102854	-5.723543	-15.287881	-11.840560	-0.568928	-0.611594	5.530925	4.859827	-0.236215	8.375950	16.374238	38.352441	-0.128590	65.108163	60.875281	127.505223	-0.150066	140.409339	142.926841	176.606453	-0.474006	-17.109069	148.805898	53.823460	-1.592991	2.289075	1.664720	1.284105	-0.067085	4.331949	25.657852	9.035832	-0.081063	13.295757	40.182713	20.612251	0.311831	49.486520	29.841992	122.352186	0.312445	103.404878	56.466438	275.011632	-0.059926	13.118950	79.497722	107.382813	-0.106617	-97.731096	-25.392578	-13.602664	-0.691233	45.742778	61.712478	10.381556	4.863953	3.732331	43.367892	30.913181	-6.183962	126.320321	48.847907	46.340287	-6.804648	305.254910	106.612222	227.810253	-7.842280	141.310116	-89.444115	155.889309	3.134649	-71.746119	-107.573058	-21.575447	0.392683	-64.077330	-63.034973	-15.685895	-0.019718
-60.497139	-118.252115	-13.788595	-0.624957	-49.820926	-137.983556	-17.989616	-0.423442	-31.257614	-151.120079	-11.881707	-0.139317	41.213032	-110.337714	21.599506	-6.553853	54.693199	-23.319203	32.524390	-14.846098	5.128853	62.293336	5.862479	-6.506102	99.781408	81.401985	0.267263	17.691905	-44.211985	-97.247309	-19.946090	-1.085371	-1.719474	-25.533366	-3.332941	-0.147575	32.659767	4.259033	26.926357	0.160408	40.064093	8.438024	33.164272	-1.730231	16.973989	1.985007	16.540752	-11.613476	4.247552	-5.121516	3.787448	-17.011818	75.408681	-28.135109	1.818741	-8.621725	28.873441	45.007994	10.856395	9.594948	19.344866	56.127473	34.589823	0.243285	28.937715	58.449843	43.897898	-0.049820	18.118550	42.401872	19.213642	-0.090903	3.487381	14.937661	4.589390	-2.722596	11.258371	-4.896756	5.898152	-10.282924	32.079361	-14.760264	9.806516	-16.436318	48.854074	117.411724	23.698155	15.221641	11.440692	58.002960	36.178691	0.664693	8.539936	23.942856	17.768619	-0.052555	1.639265	6.099299	4.421177	-0.058859	2.689631	4.655320	11.276963	-0.030264	4.743778	9.824778	16.863469	-0.710044	-26.968794	19.556534	13.514258	-3.663323	21.513303	43.068339	9.337545	4.727683	3.136743	13.867452	8.667906	0.325521	1.020234	4.119439	3.215228	-0.095969	4.900665	6.359510	8.657685	-0.043651	10.013488	10.514893	21.412049	-0.023215	-6.060489	5.400437	10.060764	-0.099263	-29.829223	6.710802	-3.564716	-0.492581	6.659027	9.939918	0.758846	0.075824	0.586802	6.507236	1.586176	0.025751	3.103436	4.118971	6.619437	-0.028704	11.017868	5.425371	17.101142	-0.162752	7.208964	-2.305585	7.988706	-0.053241	-5.724082	-2.217102	-5.409748	0.001323	-14.753696	-10.396979	-10.121672	-0.113236	11.258263	4.278687	0.297647	1.222428	5.578272	12.257693	3.450715	-0.451204	15.419948	6.384445	17.232693	-0.709336	2.976043	-23.272115	9.838427	-3.564045	2.177270	-26.791714	-2.975292	-1.580537	-8.096946	-16.020097	-6.065776	-0.086727	-7.551080	-4.251457	-4.172428	-0.004292
50.873436	103.868664	11.307808	1.089894	28.111645	120.666052	22.247025	0.389410	17.993421	144.397106	18.340476	0.538059	2.351894	122.009520	-9.750053	21.670850	72.025331	-12.334033	-14.846098	55.714210	8.259379	-117.844131	-3.742394	22.867111	-199.357290	-173.746452	-0.082504	-33.734211	13.838754	77.601636	38.316659	2.902570	-13.513088	17.553325	21.110966	-0.132058	-22.438969	-2.386583	-5.116729	0.149651	-18.132701	-11.667280	-16.532676	7.605963	11.892727	-8.549895	-8.326515	39.738449	19.962698	11.066959	-2.087413	64.390876	-147.185588	72.177239	-1.785795	29.651965	-43.782475	-47.923362	9.079324	-3.630305	-24.793817	-62.136562	-11.145998	-0.517228	-19.607525	-60.543869	-19.184891	-0.099021	-11.211866	-41.830442	-9.295374	0.055987	-0.719063	-13.256795	-2.618332	8.240296	12.359102	22.829549	-2.740545	33.024280	-70.950773	52.444867	-5.575047	56.231661	-33.342188	-84.916656	-14.773645	-8.287003	-6.294591	-36.581056	-14.113415	-0.270571	-3.200881	-14.776370	-5.229724	-0.008977	-1.234555	-2.928392	-1.227430	0.007036	-1.016442	-1.404056	-2.412732	-0.001808	14.692552	1.562200	-0.198307	1.072735	13.771661	-2.470507	3.305612	10.957661	-7.727798	-18.645932	-3.460245	-1.443151	-0.175506	-3.215151	-2.277820	-0.124604	0.513060	0.029256	0.660544	-0.007664	-1.987900	1.012929	-0.584532	0.006007	-8.112394	-5.989534	2.903979	0.004656	12.211918	-4.460655	17.852206	0.004925	4.176147	6.601179	14.176224	0.091493	-1.635215	-3.285609	0.243714	0.007011	-0.063891	-0.738283	1.934180	0.011382	-1.503608	2.147563	5.441884	0.082267	-12.156570	-0.430766	5.226806	0.199907	-15.757687	-2.861283	33.367225	0.042592	-4.844098	-5.136385	37.161899	0.006367	-10.482707	2.473276	6.267179	-0.010755	-1.594280	16.575301	4.324798	-0.704759	1.650139	6.983346	9.665815	1.329398	0.172616	0.524436	2.881212	2.739915	6.521662	18.521924	31.546188	7.096254	-26.284860	4.306602	41.453128	2.299256	-12.944553	-6.472644	8.341449	0.260422	-6.299850	-5.745873	-2.258678	-0.001031
