5759.956760	986.921631	27.898604	110.888604	-165.765299	-1385.040508	-99.173742	-267.511749	-2738.664828	-1210.843039	-96.679317	-349.560746	-1637.795110	-410.939887	-50.525279	-181.342436	-124.037122	-29.494162	-2.647606	-19.547619	0.080033	0.292803	0.017173	-0.007093	0.001095	0.008109	-0.030066	-0.019217	3963.400275	163.173631	15.859230	102.099722	91.673340	-166.436139	-89.780126	-0.930510	-2243.691088	-153.179486	-87.561363	-58.430685	-1461.466787	-24.606225	-37.509051	-48.480128	-146.924256	-3.986677	-3.533498	-1.523203	0.050454	-0.043672	-0.019817	-0.003531	5.219761	2.744914	0.836711	-0.015892	3537.963286	60.904979	-27.806088	102.159261	222.654026	-36.765541	-81.446538	42.414446	-2052.322556	-131.834036	-92.977410	-33.081769	-1383.857981	-46.849405	-72.795877	-23.111297	-139.427092	-4.025359	-3.261577	0.046303	1.450025	2.912574	1.745443	0.001456	20.891240	40.574792	18.850444	-0.028699	3028.197023	100.202341	-47.372972	171.487825	354.478932	72.898704	-36.445033	77.696840	-1910.317836	-127.561704	-77.930550	-53.740305	-1272.307364	-56.437619	-58.192995	-57.300939	-99.999126	-5.687220	-1.962849	-4.120811	38.331418	28.244252	24.791804	-0.003263	191.441088	323.785545	129.172872	-6.099836	2349.624903	327.709880	-18.562704	236.316121	525.474871	183.388898	-7.487284	190.170211	-1652.120309	-93.608204	-44.038436	-65.532357	-1302.366891	-82.409660	-30.573528	-101.299311	-128.811538	62.208013	41.258724	-17.106894	140.200149	271.310751	162.998822	-0.018178	608.638475	783.077789	397.726680	-4.341279	1535.356605	329.194749	-5.167255	248.030927	719.733197	442.662840	2.493203	332.113027	-1190.175045	313.128055	3.886170	-27.106566	-1289.963785	347.867751	50.219938	-246.852280	-93.164861	457.455640	188.718148	-77.293412	237.985606	614.067447	272.766296	-12.108741	704.784253	955.441850	371.786513	-4.526846	854.023057	453.538710	0.394864	209.280887	817.944937	1370.778389	2.508697	532.731504	-415.186988	2318.403226	49.454149	-70.175918	-1139.424611	1583.429915	117.593526	-762.916421	-210.448664	726.950854	187.858853	-301.434680	423.040409	632.017730	207.899124	-82.779678	469.742075	70.505003	74.265930	-72.566561
986.921631	5643.468533	-37.580512	595.132657	85.646496	898.562754	-104.184737	359.064287	-1023.805683	-213.197470	-78.059691	-51.922128	-998.277206	-159.397760	-36.068406	-102.484157	-74.028242	-7.039488	-2.014597	-13.463608	0.047781	1.074681	-0.026358	-0.004100	0.055310	0.270654	-0.030254	-0.000780	96.633153	-97.994444	-98.012628	76.225937	727.153179	93.088739	-99.113332	122.025734	-11.059253	95.678506	-53.034723	64.171683	-723.195303	12.107188	-26.449669	-20.419211	-49.551748	6.840045	-2.758996	0.361751	-0.037455	-0.219816	-0.132463	0.011516	8.157042	4.217377	1.275287	-0.029102	-401.827032	-463.676503	-112.434991	-4.590183	1026.538203	7.137024	-69.473923	59.011945	334.368602	2.039005	-43.575163	25.987801	-602.985237	20.330570	-33.817902	-10.570773	-66.454667	6.873166	-1.144522	0.197922	2.450022	1.138729	2.704237	0.123454	26.739540	18.767044	23.305028	-0.017819	-607.617027	-533.499009	-90.794653	-59.304302	985.328780	16.638528	-21.139857	37.159367	448.015584	22.525827	-39.405041	51.524912	-430.216198	22.806852	-35.759706	-20.147541	-72.738988	9.763382	2.498823	-1.901292	10.720556	15.205670	20.373558	-0.073815	57.455226	82.563968	52.066089	18.242005	-631.762615	-576.322481	-47.136024	-115.757679	757.552258	90.416429	-8.756637	41.295798	387.143327	92.365789	-26.006067	101.148940	-250.073575	17.402686	-25.190466	-3.754740	-51.029407	-9.038446	18.760350	-6.338541	37.350566	-17.898257	29.104058	-0.121207	345.279715	24.897487	101.521469	24.070012	-573.269426	-489.864694	-2.443714	-138.904521	385.947410	41.197742	1.627937	-64.147472	403.686304	116.752561	-5.247690	133.122631	-205.245411	61.236467	-13.752720	70.317084	-35.178461	-20.321019	11.625843	16.039107	83.248001	-17.443613	67.106732	-0.220658	435.416578	191.028294	232.074425	4.132665	-322.584139	-352.149242	0.980237	-97.521207	104.260497	-480.898272	1.211883	-220.153011	510.276589	-278.992796	-11.280847	-30.872650	-322.807796	219.292619	-89.841824	38.884973	-273.874989	938.142557	-31.077842	47.168251	150.330544	1232.027016	265.932934	34.285257	472.036225	1049.131751	368.468276	52.017998
27.898604	-37.580512	25.503667	-8.384128	18.217863	3.474731	5.398994	-4.012018	-28.227778	-6.337152	0.867945	-4.290705	-24.232831	-4.163422	-0.320991	-2.832834	-1.726353	0.125563	-0.038668	-0.337691	0.015443	0.074406	0.004124	0.001229	0.004199	-0.007388	-0.002147	0.002648	59.027264	20.384375	7.308795	-0.536961	-5.435811	-0.803993	2.056940	-2.386221	-32.908354	-3.134430	-0.377223	-1.923911	-24.526935	-0.805816	-0.539485	-0.875890	-2.696917	-0.101975	-0.058261	-0.025962	-0.001954	-0.020366	-0.008451	0.001156	-0.382672	-0.272995	-0.069513	-0.002426	72.299825	1.735235	1.514086	0.627370	-7.659580	-3.746595	0.221077	-2.158892	-36.662427	-3.704203	-1.347902	-1.578792	-24.698023	-1.298932	-1.268822	-0.456738	-2.487589	-0.095279	-0.063065	0.013008	-0.108880	0.168188	-0.127481	0.004781	-1.268213	0.636133	-1.095668	-0.002434	68.797333	9.426193	0.186418	4.346377	-6.326387	2.579306	0.143577	1.069053	-43.912474	-4.309336	-1.253832	-1.558161	-25.318552	-1.993670	-1.005132	-1.117125	-1.835822	-0.139145	-0.296288	-0.086681	0.576399	-0.029156	-0.989841	-0.011851	0.021840	-1.450467	-3.289390	-0.178120	47.078925	25.702192	-0.202158	10.872349	-2.680061	13.198381	-0.081238	7.774239	-38.081479	2.791316	-0.890328	-0.196827	-26.764266	-1.222603	-0.773293	-2.256430	-3.377842	0.964833	-0.674990	-0.304184	0.481337	5.318107	-0.583175	-0.009472	-6.260572	8.899852	-5.660371	0.519074	23.658588	12.314688	-0.509941	9.173539	-1.778689	9.598316	-0.192035	13.430726	-24.591710	16.037079	-0.160631	4.885810	-27.134861	20.263024	0.892078	-2.723448	-8.288770	17.152789	1.340798	-1.085618	-3.372713	10.023481	1.905854	-0.084584	0.192733	19.705083	3.023821	1.712900	-8.635674	-0.011772	-0.030269	5.150370	5.539633	9.996721	-0.093253	16.422949	-21.148393	20.176260	-0.739781	8.046616	-32.857145	14.405079	-1.329177	-10.398962	-14.435274	9.875751	-0.436690	-4.359853	2.035885	22.119243	1.208399	-0.759782	8.492704	16.404134	13.741908	-1.364350
110.888604	595.132657	-8.384128	145.445377	-92.166776	49.938235	-13.277347	61.804895	-141.012998	-45.356767	-9.854087	-5.488360	-104.333402	-22.634892	-4.151160	-10.252542	-8.247423	-1.847781	-0.197138	-1.348951	0.006558	0.006383	0.003183	-0.000805	0.001425	-0.009346	-0.000914	-0.000890	11.478090	-10.942701	-7.636325	14.634768	77.110916	18.132815	-8.928870	17.657473	-6.788963	5.040317	-5.347483	7.715116	-79.007577	-1.240361	-2.555581	-2.090060	-6.367931	0.430045	-0.264165	-0.007431	-0.000011	-0.003194	-0.001335	-0.000173	2.384964	1.371737	0.396100	-0.000675	-33.006158	-44.837312	-8.855672	-0.422280	126.496160	-1.998626	-5.879518	4.866310	20.358721	-3.062913	-3.632588	2.502109	-67.532000	-0.404232	-3.250816	-1.280692	-7.469741	0.420902	-0.139189	0.004669	0.692628	0.219157	0.795821	-0.001640	7.035534	4.477641	6.241112	-0.001969	-33.471535	-80.183589	-7.338079	-9.004960	121.230673	-6.113835	-1.039345	0.468708	32.048673	-5.484250	-3.738741	2.576077	-59.072579	-1.651612	-3.404456	-2.767825	-7.677665	0.608280	1.124464	-0.199459	0.577170	0.396995	4.325437	-0.001191	-1.360923	6.126616	5.061306	3.476250	-33.780362	-80.453197	-2.519145	-9.749406	99.496880	-2.035310	1.038506	6.166237	12.755992	-14.018672	-2.153470	11.625354	-43.138912	-9.627596	-1.672572	-3.199919	-11.759816	-3.560699	8.631956	-1.571689	-4.049276	2.365236	17.650326	0.000000	59.642392	72.099396	57.255249	4.763543	-24.472138	-47.823154	1.358064	-5.508842	60.444237	-9.301844	1.117097	1.142474	27.688533	-13.285282	0.948087	17.576136	-41.323591	-6.753874	5.922617	-1.427661	-19.882942	12.850741	21.306316	-4.405309	8.969624	45.983448	57.338973	-1.583596	75.677672	108.762431	109.458153	-0.277168	9.393389	-35.002748	0.145220	-1.341360	29.874214	-14.731530	0.142217	3.310885	52.209511	31.066134	3.744639	5.810878	-50.782098	55.258208	12.780404	-11.592257	-27.718681	45.644401	36.524000	-14.978852	29.627394	-19.321546	72.525860	-11.991682	14.748189	-185.335271	44.346338	-5.923720
-165.765299	85.646496	18.217863	-92.166776	1254.511268	396.118499	48.150303	27.106478	-162.030002	-55.102382	5.292667	-51.231208	-611.381270	-106.614698	-14.794078	-63.176928	-52.077880	-4.275227	-0.610234	-9.690265	0.485357	1.075025	0.245666	-0.031553	-0.646913	-1.259985	-0.240245	0.046631	-5.232186	121.069973	38.814604	-23.905461	720.248708	99.431991	55.618307	2.478259	-161.278737	16.781301	-0.483991	-6.020048	-541.691581	-8.155818	-13.473577	-18.203485	-60.298419	0.156074	-0.921756	-1.100949	-0.096937	-0.558162	0.039159	-0.116111	-2.325100	-3.928199	-0.699987	-0.142774	177.868320	206.036943	54.591156	-11.423762	534.581296	99.288510	50.045017	4.813582	-243.089613	24.811576	-7.375420	-0.932969	-518.606542	-11.562469	-26.758076	-5.415706	-59.063774	-0.515254	-1.232547	0.549432	-1.588136	-1.479789	-0.659837	-0.264820	-5.912459	-7.676016	-4.535503	-0.316144	262.213317	270.449447	46.072538	6.127202	429.995317	86.614748	21.594441	22.708018	-304.844175	23.557798	-14.710016	6.976209	-481.671297	-2.244493	-22.569079	-12.706731	-44.192569	-0.112789	-3.251570	-0.011507	-1.799606	-1.807084	-1.475283	0.383638	32.451373	16.584982	-0.483404	-1.818633	284.725749	176.466526	12.044963	6.974544	322.115664	100.381883	0.961095	44.716560	-245.316087	87.855044	-14.950698	32.584918	-454.396190	18.044639	-17.102455	-7.433716	-59.857074	-8.567502	-11.270311	0.041041	13.637546	-1.488157	2.225218	0.245797	62.922454	128.135957	58.371455	2.505562	188.920075	135.391905	-0.145237	11.284607	175.847282	113.089559	-1.125119	71.831680	-158.947088	91.791844	-4.481962	61.281235	-389.431534	28.685837	-12.195412	-15.730458	-40.534174	86.279122	4.786812	4.355303	68.940971	140.252383	67.121497	7.474340	162.005007	276.663172	132.660608	6.182281	91.351404	204.597204	0.168394	27.485161	71.176211	155.120578	0.147261	70.848105	-18.241433	384.811208	-10.711531	47.389185	-329.735549	454.313639	-29.526770	-165.210759	-97.626116	420.282516	74.431387	-53.120070	160.683618	512.914204	121.880579	32.069798	235.914827	548.603251	76.567763	17.371639
-1385.040508	898.562754	3.474731	49.938235	396.118499	1370.373429	41.159609	231.086806	561.125167	599.881001	19.437221	102.170690	-138.099976	65.955075	-3.171774	-18.548121	-18.380529	11.517916	-0.411916	-5.345826	0.524783	2.025674	0.226400	-0.009601	0.196350	0.362050	-0.071718	0.017959	-1038.056986	58.602149	6.829582	-33.793949	275.241031	145.304143	37.269695	19.260103	688.426660	116.965967	18.294842	30.682527	-36.033317	19.425149	-5.843032	-4.867321	-8.717378	4.689831	-0.755961	0.200374	0.053890	-0.729552	-0.139666	-0.040914	-3.699354	-4.168149	-0.879848	-0.100659	-904.804316	42.128929	12.760750	-35.604675	280.634848	33.711680	32.336385	-10.751660	624.007493	66.896759	15.801594	5.510186	-29.109680	21.724633	-6.459975	-3.166965	-18.916521	4.314953	-0.238541	0.557916	-1.291468	-2.290512	-1.208862	0.093872	-11.475280	-21.264514	-10.030911	-0.157898	-756.684699	84.616235	24.103611	-53.664092	230.602413	2.003882	15.762523	-18.198477	538.985821	60.254501	5.918017	18.976944	-15.809297	32.332330	-8.843077	-3.410167	-28.311636	6.677622	-2.426250	-0.178237	-16.390612	-7.962354	-10.995621	0.116233	-67.513594	-119.945364	-41.361102	4.230220	-544.551434	55.247611	15.869693	-71.662899	96.410932	8.283043	4.818858	-45.850346	449.347492	96.545301	-6.020216	33.894950	37.918960	69.030789	-11.303766	12.846307	-24.238501	-13.110858	-19.840677	0.542102	-44.967747	-90.803995	-64.166303	-0.130576	-180.687469	-249.707293	-134.237024	7.185175	-321.325575	36.545612	1.871979	-74.735282	-34.402208	-41.562274	-0.696615	-91.053585	318.613828	14.121093	-5.372222	25.519149	22.636931	-11.880372	-22.480263	65.532823	-56.772251	-86.129571	-55.541926	38.694824	-59.204006	-125.249518	-65.454835	10.189223	-130.524958	-119.941642	-63.313058	7.044779	-182.796467	-51.835676	-0.207223	-54.760898	-118.431669	-256.042785	-1.128302	-148.847645	125.080609	-358.583323	-16.860075	35.907120	-159.342126	-72.316355	-74.927366	108.455000	-198.862512	453.412817	-47.918797	127.166089	-111.324683	876.612735	64.630581	83.452382	116.237492	1277.423491	187.855161	81.306504
-99.173742	-104.184737	5.398994	-13.277347	48.150303	41.159609	16.244920	-1.388174	35.528240	43.131068	11.352203	2.559741	-4.742930	21.058165	2.928322	-0.961307	2.099204	4.461526	0.000616	-0.212815	0.022894	0.167442	0.018141	0.001556	0.006708	0.039244	-0.005956	0.006069	-22.374213	24.193997	7.113115	-3.363378	13.334715	11.141987	7.794076	-2.016105	8.767994	2.260788	2.580751	-1.135701	-12.201243	-0.029755	-0.063862	-0.446797	-1.539850	-0.041060	-0.012377	-0.015717	-0.019608	-0.047718	-0.015001	0.004344	-0.279725	-0.300935	-0.073060	-0.005574	5.169768	22.019102	5.676496	-0.650290	1.342451	4.751769	4.128226	-1.189881	-2.514621	1.279047	0.404458	-0.749841	-14.167152	-0.623412	-0.671201	-0.205785	-1.402365	-0.026613	-0.027762	0.039976	-0.095507	-0.119135	-0.077609	0.003212	-0.743228	-1.177785	-0.661793	-0.013253	7.797490	41.843592	4.893821	3.127323	3.423703	4.799358	0.798995	0.804796	-9.349680	0.318107	-0.092397	-0.053516	-15.659814	-0.792037	-0.544362	-0.395132	-1.053809	-0.052497	-0.154400	-0.022142	-0.925739	-0.799242	-0.686392	-0.023681	-3.876668	-7.090039	-3.264050	-0.365891	5.333959	38.291240	2.221770	3.790246	-3.127176	13.391740	0.484764	3.138988	-10.082701	13.723283	-0.409793	3.620162	-12.659564	5.157129	-0.432318	1.294556	-2.572710	0.030952	-1.019178	0.340461	-3.216051	-1.946462	-2.238907	-0.015651	-16.627421	-1.643192	-4.062622	-0.531960	-1.351619	10.197752	-0.054341	0.663938	-6.009397	13.396337	-0.118845	4.808043	-9.806264	11.344892	-0.143531	4.378263	-5.506760	6.955890	-0.391708	3.287668	-2.396513	4.473310	-2.410729	2.359147	-2.206607	-0.056154	-2.201191	1.150844	-17.367844	-6.398516	-7.814461	0.624209	-10.513378	-5.555503	-0.016037	-1.697488	-10.259064	-8.645246	-0.050339	-0.110130	-12.284433	-10.773332	-0.472067	3.752424	-4.795321	-9.059837	-1.452961	-0.769874	0.089217	6.473505	-2.734368	4.924147	-1.582150	27.291377	-4.681282	7.881076	-5.625680	61.171287	-3.555015	3.864123
-267.511749	359.064287	-4.012018	61.804895	27.106478	231.086806	-1.388174	94.510903	61.284091	64.114306	-2.880696	30.335352	-49.822023	-7.562860	-2.408130	-4.240384	-5.477268	-0.753702	0.089125	-1.042217	0.207281	0.300824	0.138676	-0.006761	-0.133006	-0.427074	-0.055461	0.011348	-251.416646	-42.050449	-6.072805	-5.316909	98.545394	27.971451	4.990085	9.986392	161.207909	22.528314	4.604674	10.857432	-23.552163	3.782704	-0.660942	-0.148987	-1.512365	0.930850	0.068596	-0.043824	-0.000096	-0.226343	0.036062	-0.023897	0.211287	-0.553674	-0.039707	-0.027468	-240.339019	-23.994393	-0.631189	-8.053039	113.730776	8.468281	8.338789	-1.640386	151.071701	11.022587	4.932038	2.124935	-20.704167	2.149879	-1.241645	-0.435588	-3.418519	0.810204	0.032775	0.188371	-0.137181	-0.463462	0.115090	-0.060543	0.779010	-1.724045	0.776784	-0.074080	-206.846261	-18.313511	5.661070	-13.964068	106.491881	2.121088	6.265826	-4.086281	124.874358	6.512777	1.286787	3.654078	-16.184269	0.381647	-2.133504	-1.236313	-5.859375	1.370102	0.154926	0.274325	-2.684946	-1.609208	0.123462	0.119373	-2.508324	-18.167666	-3.019921	3.553440	-145.797799	-36.199061	3.569332	-18.732106	75.828093	-3.179211	3.370790	-8.728710	96.444117	-2.507399	-0.562062	9.113991	-2.553808	-1.140996	-1.796140	0.689611	-7.222164	-3.787718	-0.433811	-0.681092	-9.366183	-15.375240	-3.111534	0.058942	14.459005	-16.765023	3.708435	3.077815	-87.028411	-23.314079	1.093667	-14.828618	26.998066	-22.195727	0.390114	-13.826305	91.358615	-19.593023	-0.847655	13.708834	-3.418734	-35.347277	-1.530279	8.351877	-20.493493	-29.332893	0.628208	0.761740	-4.814378	-7.795908	15.923673	-0.277204	24.699527	18.042326	43.979244	0.272453	-32.961130	-23.151830	-0.006349	-7.883252	-10.711122	-64.741245	-0.150454	-20.314410	62.673300	-59.568275	-1.789129	24.326260	-23.143970	23.826061	-6.356104	23.355831	-46.615148	91.358595	18.032792	1.452163	-10.103603	84.819861	53.767893	-2.912093	27.903462	48.965623	60.033584	8.696162
-2738.664828	-1023.805683	-28.227778	-141.012998	-162.030002	561.125167	35.528240	61.284091	1761.670590	612.519221	36.358468	186.605713	885.331028	170.920764	18.025874	88.242982	11.539944	2.476054	0.665109	0.742754	-1.026669	-0.933070	-0.287062	-0.099846	-1.299966	-1.704703	-0.366053	-0.034718	-1885.411419	-82.404113	-12.941961	-49.909650	-303.188232	24.813487	37.137348	-16.080153	1305.489865	69.682600	40.128007	24.167962	813.570453	14.732057	14.302265	25.963843	28.746809	2.344913	0.994554	-0.521093	-0.706837	1.196608	0.250870	-0.336384	-4.636692	-3.092632	-1.171825	-0.104883	-1690.854459	-5.309215	13.462490	-45.681272	-365.059136	-7.136784	31.527324	-26.184534	1176.391530	58.955211	40.083844	19.642662	780.710212	20.255998	28.537614	18.150375	37.703633	0.981925	0.682336	0.374158	-2.667765	-1.854822	-1.394665	-0.686793	-16.646165	-24.231646	-14.388669	-0.601529	-1437.640680	-60.232364	21.784974	-80.314092	-412.131462	-61.311336	11.853850	-51.533591	1064.080577	65.340554	37.050804	26.680391	744.404183	32.023939	27.744371	38.762398	35.558463	1.429030	-2.035889	4.095501	-19.440179	-11.225354	-15.806259	0.270986	-106.402470	-158.665803	-64.519946	-2.058912	-1094.511535	-125.408597	14.069997	-106.346652	-448.421519	-141.831520	4.234239	-122.485951	901.170344	12.066780	26.680483	2.014901	746.958770	41.661605	11.743363	54.710840	59.262115	-24.667876	-26.107354	11.920198	-60.746151	-137.488449	-94.377090	0.457124	-400.099484	-483.122915	-257.767032	0.862380	-674.586599	-114.715596	2.126403	-108.806891	-432.968368	-251.187849	-1.572742	-177.580165	605.738741	-210.730960	-1.248487	-30.676357	665.735319	-188.851436	-25.530319	118.910897	42.475845	-251.863821	-110.956562	45.639546	-137.776630	-388.539474	-196.828603	7.486709	-491.559359	-655.870601	-328.074353	4.649223	-399.792507	-201.348711	-0.403690	-99.023868	-398.941627	-613.312271	-1.496626	-245.482300	165.688218	-1123.562750	-27.660085	46.043729	546.198828	-768.948647	-62.138628	398.647949	115.871101	-385.922788	-127.660183	167.844910	-266.586851	-342.141709	-180.363635	43.568895	-283.640343	109.103501	-73.658865	36.487025
-1210.843039	-213.197470	-6.337152	-45.356767	-55.102382	599.881001	43.131068	64.114306	612.519221	637.761666	53.212346	101.964202	322.342462	240.430805	17.988424	33.283826	19.473093	30.944016	0.305854	-0.922381	0.522769	2.536332	0.297029	-0.044387	1.168840	2.505253	0.214529	0.081038	-789.885034	28.804611	3.028014	-25.478211	-120.059221	62.591946	23.378857	-4.379086	515.145093	68.729746	24.802351	14.146000	313.111958	19.691867	4.591451	7.638083	23.772181	4.244966	0.041005	0.409122	0.009746	-0.901725	-0.114772	-0.112657	-2.586380	-3.423037	-0.699661	-0.184040	-672.415375	9.290856	4.930382	-21.806004	-116.871214	5.199208	20.386039	-14.050523	449.328636	41.329453	27.530965	3.029597	277.271064	20.653013	13.794170	4.331974	16.135346	3.821706	0.286079	0.634352	-0.708398	-1.702820	-0.906972	0.167771	-7.529367	-11.949073	-6.594528	-0.163423	-562.487203	38.600355	7.652888	-33.557008	-111.662211	-30.796622	6.058699	-21.737743	418.347133	34.123011	17.428638	7.813176	241.404730	26.750391	10.265463	10.509767	-0.060231	6.335980	-0.765057	0.956683	-8.912921	-5.829353	-7.862465	0.078914	-61.125906	-90.571265	-37.104209	-0.358993	-439.766782	50.097277	9.640330	-41.256723	-151.578417	-38.143423	1.093954	-47.368797	349.296253	52.762933	1.070000	6.679045	264.773716	53.587285	-1.927015	22.458308	15.890608	-9.592723	-13.406566	3.233628	-38.541010	-79.028926	-53.932582	-0.333227	-216.109496	-289.446702	-157.799589	-3.032642	-281.386924	23.191543	2.825850	-47.741054	-162.691880	-50.507106	-0.972846	-77.177160	192.366507	-6.701888	-3.032373	-7.525149	253.166858	-14.588214	-16.922461	59.757291	3.227616	-107.477567	-62.141222	29.299111	-88.326820	-190.167444	-113.598589	6.380055	-241.618866	-304.447469	-164.679972	-0.367930	-181.037640	-86.113031	-0.174444	-49.742036	-173.161440	-238.105691	-0.663863	-121.052624	-0.019089	-464.464411	-13.136103	-2.761309	132.480183	-319.552754	-50.029371	137.617997	-11.678449	71.692679	-99.162228	124.919894	-163.505060	350.085738	-82.657823	65.204847	-51.202921	758.200055	32.536814	58.671029
-96.679317	-78.059691	0.867945	-9.854087	5.292667	19.437221	11.352203	-2.880696	36.358468	53.212346	16.146185	4.486932	22.551319	41.691566	6.995817	1.204500	5.098215	7.935072	0.000592	-0.128904	-0.004176	0.184873	0.024363	-0.001033	0.082766	0.206991	0.004223	0.004412	-40.691084	18.746514	3.282629	-2.156818	-2.126621	3.173482	3.369944	-1.427595	29.187136	0.697487	2.524568	-0.491682	8.714908	0.220859	1.134781	-0.067519	-0.884572	-0.038528	-0.014775	-0.010936	-0.025652	-0.008586	0.000734	-0.000595	-0.177456	-0.158532	-0.043841	-0.009942	-23.183087	3.336675	1.378617	-1.077069	-9.148499	0.373183	1.711595	-0.958003	25.955040	1.227731	1.082217	-0.334472	6.278578	-0.145879	0.244664	-0.085268	-0.743614	-0.047896	-0.007853	0.032285	-0.042108	-0.078719	-0.039215	0.001965	-0.465730	-0.741671	-0.388633	-0.019311	-19.506433	17.241823	1.293705	-0.448173	-5.667229	-2.141534	0.185007	-0.648655	22.343808	0.460690	1.219435	0.020270	2.417503	-0.177211	0.304564	-0.018993	-0.591238	-0.032535	-0.086669	-0.008494	-0.540471	-0.501933	-0.480096	-0.012691	-4.494527	-6.275074	-2.653268	-0.220752	-17.165891	19.272413	0.721947	0.027571	-8.960129	1.581881	0.148130	-0.902857	17.209263	10.195002	1.245533	1.616199	4.242911	3.428165	0.708080	1.021326	-1.587971	-0.762720	-0.901042	0.122875	-2.727118	-4.233516	-2.894938	-0.004097	-15.697824	-14.652708	-8.414841	-0.519149	-16.044508	0.079714	0.079233	-2.475475	-8.505242	7.193431	-0.070404	-0.646127	7.363331	6.894703	0.159271	2.384972	11.210919	2.464801	-0.508660	4.108124	-2.625471	-6.668500	-3.651491	1.081552	-5.912801	-12.007706	-6.422583	0.560697	-19.871367	-21.731055	-11.234131	-0.159855	-13.704330	-8.512894	-0.008681	-2.629892	-15.381229	-18.182473	-0.036972	-5.779986	-3.252184	-29.952334	-0.504706	3.452752	12.350508	-22.711220	-2.238179	11.414254	0.104964	-2.328843	-6.062923	8.980799	-9.953949	13.964667	-7.696642	7.245480	-17.879375	49.576262	-3.851542	3.683676
-349.560746	-51.922128	-4.290705	-5.488360	-51.231208	102.170690	2.559741	30.335352	186.605713	101.964202	4.486932	59.799927	96.672080	14.573528	1.594536	22.084370	-2.856109	-0.835129	0.275958	-0.616507	0.022273	-0.010083	0.117904	-0.024543	-0.850399	-1.400294	-0.232845	-0.000213	-255.514428	-31.433000	-4.320865	-6.870737	-51.192418	3.537951	4.081678	-0.485238	177.383148	11.890761	7.969532	7.018260	119.307742	4.891618	2.481973	5.100954	3.783108	0.783648	0.351450	-0.103142	-0.280645	-0.052399	0.118254	-0.089421	-0.879852	-1.488813	-0.351904	-0.050422	-235.659930	-10.460728	0.568308	-5.667038	-50.579551	-2.980891	5.219945	-3.915803	168.182609	8.923872	10.817511	1.080591	106.211711	3.738995	5.272580	2.235718	4.354259	0.456612	0.114370	0.571851	-0.702103	-0.480028	-0.157737	-0.049086	-2.128825	-3.454697	-1.694471	-0.163376	-208.432809	-9.739964	4.047841	-10.904015	-42.514694	-8.976721	3.546860	-7.643196	155.880129	6.347535	6.753448	1.199405	96.093337	3.389018	3.194719	3.380939	2.687220	0.766671	-0.318005	0.913126	-2.513684	-1.577408	-1.831765	0.536316	-5.753491	-19.178612	-7.515197	1.379302	-157.292591	-25.070078	2.120466	-14.370183	-36.720631	-21.594596	1.511176	-17.180734	133.596682	-9.219118	5.453398	-3.905024	94.665136	1.326421	1.970436	0.371409	4.236640	-3.267171	-3.310193	-0.291291	-9.280379	-17.967999	-11.153527	0.254035	-25.124020	-65.729741	-31.546753	-0.147261	-96.044411	-14.923666	0.552266	-12.081427	-34.363512	-34.754028	-0.307605	-22.918462	107.101882	-29.842165	0.761627	-4.091432	72.708980	-31.672660	-2.070420	7.769647	-8.041358	-39.201753	-11.443356	0.872134	-21.172605	-47.502593	-20.301068	-0.155397	-46.856179	-68.516661	-23.646641	-0.721856	-56.988907	-25.303341	-0.040178	-11.130798	-43.386413	-78.174826	-0.163410	-30.783190	48.167914	-138.628604	-3.360145	26.537633	52.742307	-63.801983	-7.763224	59.294004	-20.936114	-2.398731	-10.565623	12.326060	-41.985197	-13.497473	-9.165731	-0.658060	-26.532071	18.782403	13.845487	5.752183
-1637.795110	-998.277206	-24.232831	-104.333402	-611.381270	-138.099976	-4.742930	-49.822023	885.331028	322.342462	22.551319	96.672080	1176.131968	220.029724	31.350085	117.935715	115.253802	7.111624	1.433698	20.987873	-2.565855	-4.812011	-1.405228	-0.007824	-2.728647	-3.238469	-0.809849	-0.102687	-1153.050133	-143.951660	-23.862406	-26.282802	-535.509862	-43.541078	-10.012134	-16.493047	589.205714	7.067231	29.548682	8.561751	984.228493	5.505655	28.956490	29.854390	125.244156	1.113853	2.505888	1.751291	-0.595439	2.722632	-0.065920	-0.054112	0.276458	6.461515	0.774874	0.249836	-1130.394741	-124.319651	-20.248347	-23.151906	-515.041606	-53.917156	-9.206748	-17.492803	583.525788	22.641440	38.442582	8.620866	927.230043	24.671191	54.119222	10.796736	119.750970	2.197981	3.195707	-1.117528	0.498845	2.618472	0.089309	-0.284026	-4.778803	-3.327330	-4.187249	-0.041199	-1040.700792	-191.988197	-17.758439	-47.114870	-508.257271	-80.417038	-7.050474	-35.101072	635.989686	27.539179	42.504058	9.204386	827.591698	25.263995	45.977767	30.973944	90.452918	1.444720	4.030152	2.052422	-5.429462	-7.328331	-6.929273	-0.172053	-63.024855	-87.476496	-37.101109	-1.489016	-872.536165	-225.130694	-6.920232	-69.764554	-475.246153	-136.431266	-3.261811	-81.548918	574.532714	-24.853476	23.796739	-4.609588	788.371853	16.718960	27.194677	47.786254	111.378635	-17.433121	-8.414816	8.442219	-38.427929	-85.026004	-56.966417	0.292691	-234.638936	-356.309246	-191.719050	-6.283314	-579.523022	-191.225505	0.378964	-80.584275	-415.112814	-218.262617	-0.975378	-140.887831	369.054447	-163.034448	0.122048	-40.205983	769.662638	-133.549817	-15.929738	93.130745	113.470408	-211.275899	-76.849999	21.880054	-114.709921	-309.890593	-164.727326	-1.864959	-337.084209	-538.119410	-265.362129	-5.147788	-310.098026	-223.805626	-0.162187	-77.730023	-361.167605	-520.864645	-0.504319	-208.107393	59.599086	-1022.998708	-10.663156	-48.003522	745.894688	-936.699818	-23.499482	356.135925	254.517209	-722.917916	-133.882516	137.623062	-226.453113	-770.910504	-208.906215	-0.372173	-330.505813	-589.521818	-173.060165	-4.702952
-410.939887	-159.397760	-4.163422	-22.634892	-106.614698	65.955075	21.058165	-7.562860	170.920764	240.430805	41.691566	14.573528	220.029724	195.482721	19.818863	16.918371	35.383883	31.582800	0.705941	2.295654	0.563174	2.962425	0.319966	0.016670	2.325938	4.635571	0.528763	0.052560	-246.777021	21.570302	0.808131	-7.347818	-81.002228	8.659389	1.328337	-3.607354	131.412432	12.366984	5.732913	2.635820	166.656186	5.150764	2.983319	4.552422	24.267060	0.759636	0.187809	0.619901	0.291764	-1.291016	-0.261199	0.053351	-0.477797	-1.212981	-0.056420	-0.111340	-218.039352	-34.218351	-6.180171	-6.249776	-76.727168	-11.871700	-1.803079	-4.698672	123.732775	5.633497	6.782317	1.993118	154.164331	8.513368	9.730532	2.501619	18.680298	0.922297	0.287072	0.230804	0.745629	-1.066554	-0.447938	0.548378	-1.260663	-3.057408	-1.454409	0.140658	-200.695891	-10.514587	-5.944274	-10.158296	-78.364039	-23.230284	-2.622667	-6.924919	135.612005	3.570040	5.896427	2.224222	140.539471	8.840511	7.706145	6.529679	7.472230	2.494464	0.625980	-0.448859	-1.445493	-0.984241	-1.676310	-0.414391	-16.875946	-22.509187	-9.917002	-0.428858	-175.480041	-0.080511	-2.130133	-11.374579	-92.642967	-21.811270	-1.171457	-14.945922	106.038692	28.875917	1.162244	3.065655	155.471906	19.049833	1.317081	13.604501	19.728192	-3.213735	-3.094117	1.734513	-10.760732	-24.261124	-15.702269	-0.746099	-65.872279	-99.284767	-52.390723	-2.258599	-135.750394	-38.759634	0.149329	-21.693314	-84.555220	-3.822252	-0.348930	-25.826874	41.091090	6.682431	-0.745478	-4.165919	171.563969	0.924264	-5.413472	26.568917	29.182961	-46.313457	-21.964947	9.239295	-31.043425	-82.793233	-46.327178	0.271771	-93.047148	-152.342928	-74.756672	-1.301065	-81.891127	-64.640361	-0.074850	-23.180997	-92.443610	-128.668212	-0.181078	-55.170078	-11.225181	-231.553228	-3.331598	-33.024763	157.507660	-216.246796	-13.804786	58.119932	66.860735	-86.057805	-46.326009	55.107314	-59.638632	-2.079306	-58.597857	25.658640	-78.893761	149.555355	-36.994391	17.473025
-50.525279	-36.068406	-0.320991	-4.151160	-14.794078	-3.171774	2.928322	-2.408130	18.025874	17.988424	6.995817	1.594536	31.350085	19.818863	5.089504	1.249930	3.931790	3.710676	0.289533	0.128266	0.234776	0.375395	0.114431	0.008079	0.068031	-0.016215	-0.004527	0.004598	-28.150467	3.504072	0.324282	-0.860831	-11.724696	-1.144254	0.077754	-0.598177	17.776000	-0.436415	2.027948	-0.146791	20.727922	0.123762	2.135172	-0.006768	0.725414	-0.091459	0.180565	0.010165	-0.021786	-0.220235	-0.020970	0.005460	-0.214818	-0.428824	-0.069399	-0.014053	-24.210611	-5.116243	-0.688885	-0.681401	-12.951078	-2.106275	-0.257115	-0.526861	20.804654	0.194424	1.305864	-0.119008	18.543538	0.276561	1.396958	0.095591	0.429711	-0.178083	0.044056	0.158933	-0.069133	-0.228929	-0.055705	0.024736	-0.240527	-0.548913	-0.182457	-0.011088	-23.358537	-0.836597	-0.447411	-1.110978	-10.198748	-2.698041	-0.220254	-0.759120	21.536327	0.661724	1.971805	0.143362	12.555395	0.202412	1.235061	0.568259	0.130581	-0.031423	0.035759	0.127212	-0.248652	-0.193518	-0.198048	-0.009394	-1.990227	-2.710090	-1.090888	-0.132536	-20.482362	0.176020	-0.255096	-1.252744	-9.413757	-2.835021	-0.128090	-1.669364	19.156148	2.633513	1.209766	0.831817	11.059239	0.972712	0.926500	1.282448	0.025975	-0.595322	-0.366216	0.083788	-1.213400	-2.637477	-1.740406	-0.015319	-7.417198	-11.114296	-5.854722	-0.253658	-15.320116	-6.117640	0.011092	-2.418464	-8.725595	-1.480059	-0.016448	-2.879842	11.217323	0.228849	0.122498	0.726663	15.962519	-1.621568	-0.419268	2.964989	-0.378345	-6.811637	-2.423095	-0.024239	-3.472291	-9.426836	-5.001655	-0.102398	-11.368178	-15.967162	-8.103323	-0.169733	-8.978415	-6.361700	-0.004135	-1.946650	-10.874091	-15.014445	-0.017517	-5.889217	1.412119	-27.181608	-0.156366	-0.063924	17.278064	-24.932752	-0.762119	13.534175	2.583693	-15.884205	-4.615229	5.661476	-7.488821	-12.541883	-6.027721	1.748955	-13.614382	0.101524	-4.223403	0.578493
-181.342436	-102.484157	-2.832834	-10.252542	-63.176928	-18.548121	-0.961307	-4.240384	88.242982	33.283826	1.204500	22.084370	117.935715	16.918371	1.249930	24.147154	13.712492	-0.228770	-0.021456	3.221056	-0.502275	-0.713000	-0.204159	-0.010593	-0.604969	-0.689162	-0.169202	-0.035216	-128.618206	-21.381922	-3.044320	-3.048570	-60.780680	-4.149281	-1.206258	-1.664525	58.179074	0.548495	1.712056	2.108965	113.940606	0.582508	2.378241	5.953007	20.264662	0.197508	0.134377	0.496131	-0.211449	0.283312	0.005015	-0.004853	0.058268	0.519359	-0.035542	0.067603	-126.895720	-16.689936	-2.497521	-2.400374	-58.185582	-5.603167	-0.796927	-1.810651	55.498056	2.378862	5.842530	0.654818	106.144879	3.424950	7.696395	1.472809	19.476122	0.313529	0.318571	0.196138	0.235297	0.305959	0.016949	0.245879	-0.449782	-0.252486	-0.484552	0.072537	-118.548507	-22.053533	-1.733476	-4.989497	-55.383242	-8.858213	-0.785496	-3.774830	64.002378	0.745140	4.433341	0.244472	99.155025	2.118878	5.195243	2.947821	14.592094	0.250935	0.609667	0.057072	-0.428270	-0.861362	-0.657470	0.329122	-6.025746	-8.861216	-3.849994	0.198084	-99.983018	-29.449762	-0.990242	-8.006025	-49.534427	-14.823141	-0.481374	-8.721786	60.425859	-5.927734	3.825055	-2.959842	94.946328	0.132675	4.384722	1.183189	17.221687	-1.827193	-0.512583	-0.021079	-4.026528	-9.340630	-5.994902	0.032231	-23.687187	-38.328861	-20.059218	-0.538115	-65.606003	-29.448452	-0.082642	-9.521855	-43.572103	-24.917243	-0.146316	-15.463609	52.048640	-20.273347	0.512957	-6.273740	85.979930	-20.253426	-1.312339	4.288087	14.032196	-23.881080	-8.281625	0.493071	-12.032172	-31.677984	-17.088032	-0.112910	-36.469019	-54.117412	-26.263920	-0.523205	-33.935190	-23.247732	-0.038096	-7.363642	-39.516519	-60.394363	-0.070956	-23.349288	21.823136	-113.516069	-1.327038	-1.021830	89.351077	-92.393303	-1.806324	37.449428	21.780024	-78.752134	-10.349556	8.218986	-24.847274	-97.214649	-20.391738	-0.354376	-39.684470	-85.736219	-19.974619	0.276173
-124.037122	-74.028242	-1.726353	-8.247423	-52.077880	-18.380529	2.099204	-5.477268	11.539944	19.473093	5.098215	-2.856109	115.253802	35.383883	3.931790	13.712492	43.401194	6.054810	0.727240	7.722760	0.394013	-0.632818	-0.279062	0.129770	-0.710287	-0.639012	-0.312055	-0.040750	-82.658888	-6.544958	-1.217869	-2.043707	-39.988596	-2.331365	-0.900881	-1.312565	2.389176	-0.209756	0.264698	-0.275798	84.517571	0.145232	2.541173	2.710202	36.890257	-1.219655	0.630820	0.870191	0.522186	-0.238821	-0.446418	0.246388	0.542350	2.055223	0.319408	0.115224	-80.331500	-14.136883	-2.391820	-1.635597	-38.324702	-4.598833	-1.538303	-1.245185	7.061307	2.745390	2.006885	-0.637116	78.748794	4.289475	8.080874	-0.983007	30.110854	0.156224	0.789878	-0.469653	0.989690	0.680181	-0.046180	0.330711	0.652832	1.451819	0.073581	0.295404	-76.603035	-12.531812	-2.070001	-2.992093	-37.206491	-6.892947	-1.145630	-2.208570	19.946607	-0.973963	1.785673	-0.720216	72.884430	1.554428	4.727201	1.075513	20.912039	-0.330968	1.540990	-0.956207	0.290453	-0.678182	-0.516576	-0.442663	-3.656445	-4.712399	-2.523678	0.338077	-67.942726	-13.432938	-1.101529	-4.241699	-38.197270	-8.809442	-0.521907	-4.888185	15.777904	1.682458	1.379497	-0.874168	71.062622	2.092068	5.140844	3.583810	23.441371	-1.497396	0.427385	0.588753	-2.746977	-6.588297	-4.171632	-0.422057	-16.863541	-25.121497	-13.709453	-0.419700	-50.295264	-22.350587	-0.201631	-7.407704	-34.027500	-10.567770	-0.096673	-9.430058	7.722278	-8.547806	-0.204428	-5.141929	80.187272	-10.097785	-1.461659	2.834402	27.483081	-17.568458	-6.063258	1.320841	-8.167328	-25.324903	-13.201536	-0.036034	-28.365764	-48.629571	-23.193998	-0.439128	-27.892383	-24.776978	-0.007536	-7.353066	-31.356546	-48.695011	-0.032168	-17.571477	0.899129	-86.832265	-0.869315	-12.738610	92.309838	-94.419840	-6.251424	15.199958	41.228905	-83.639090	-16.411322	8.319801	-18.464246	-63.422091	-20.419286	2.979438	-33.010652	-40.211970	-20.101374	2.212660
-29.494162	-7.039488	0.125563	-1.847781	-4.275227	11.517916	4.461526	-0.753702	2.476054	30.944016	7.935072	-0.835129	7.111624	31.582800	3.710676	-0.228770	6.054810	11.487441	1.059489	0.197143	2.125650	7.114800	1.123419	0.078213	4.020062	6.926251	0.893462	0.092604	-11.397945	12.118001	1.379507	-0.483820	-1.112141	5.033129	1.141603	-0.177971	5.869150	2.882802	0.609190	-0.140460	0.799700	1.176160	0.373687	-0.401273	2.782196	-0.866940	0.261234	0.180193	0.741453	-2.843511	-0.431725	0.216460	-1.308923	-5.206940	-0.585076	-0.195173	-7.282886	-5.773506	-0.605988	-0.452686	-1.928069	-3.042737	-0.145513	-0.377413	6.339783	-2.809152	-0.310720	-0.117227	2.195892	-1.414153	0.155132	0.137891	1.568665	-1.429265	-0.473018	1.047291	0.373838	-2.824457	-0.829138	1.048331	-0.285454	-3.961005	-0.622471	0.341828	-7.910494	-0.748669	-0.905793	-0.488910	-1.220471	-5.115046	-0.690066	-0.215081	7.698202	-3.461944	-0.415705	-0.135213	2.064146	-1.461490	0.026817	-0.413618	-1.000178	-0.270831	0.166874	-1.131363	-0.214907	0.286571	0.128150	-0.632733	-0.218026	-1.292314	-0.568547	-0.095013	-7.896268	8.231685	-0.295807	0.614352	-3.576937	0.405579	-0.164715	0.167158	4.394043	5.993063	-0.103570	0.653146	5.406109	2.133389	-0.110605	0.562331	0.674152	-0.399774	-0.176490	-0.565191	-1.252036	-2.791932	-1.069384	-1.061496	-4.992929	-9.265535	-3.876958	-0.938366	-9.437278	-2.797573	-0.022741	-1.552262	-3.703176	6.424116	-0.073748	-0.160548	-0.525807	6.571473	-0.066283	1.179715	10.014953	3.861776	-0.408547	2.070160	1.966700	-2.600708	-1.734724	0.705785	-2.301316	-6.283567	-3.691458	0.023840	-7.796637	-13.149731	-6.423163	-0.158149	-6.909236	-7.387102	-0.027003	-2.383530	-7.226705	-11.515866	-0.055493	-4.951765	-0.991922	-16.144674	-0.273779	-3.914065	10.906774	-14.267137	-1.799232	1.859526	4.926553	0.184481	-4.649093	5.380717	-4.447673	14.731007	-5.225044	4.592723	-7.299365	35.977806	-2.689608	3.285119
-2.647606	-2.014597	-0.038668	-0.197138	-0.610234	-0.411916	0.000616	0.089125	0.665109	0.305854	0.000592	0.275958	1.433698	0.705941	0.289533	-0.021456	0.727240	1.059489	0.759225	-0.043319	0.911661	1.511230	0.541237	0.014602	0.667316	0.599626	0.145835	0.038599	-1.857933	-0.085037	0.033098	-0.031880	-0.835497	0.230772	0.184126	0.062170	0.439156	0.189682	0.119551	0.194174	1.758640	0.170289	0.223634	0.027736	0.558759	-0.321960	0.424430	-0.005290	0.008455	-1.076576	-0.017258	0.006193	-0.644707	-1.826290	-0.247467	-0.064412	-2.056599	-0.584336	0.013733	-0.040373	-1.059032	-0.580329	0.174715	-0.037145	0.412625	-0.641018	0.144237	0.041545	1.870943	-0.507279	0.097704	0.378007	0.338787	-0.465200	-0.065290	0.580499	-0.195986	-0.887871	-0.190936	0.174204	-0.315928	-1.221393	-0.187071	-0.008247	-1.943766	-0.641918	-0.041560	-0.092495	-1.030104	-0.601268	-0.012220	-0.055186	0.956177	-0.502249	0.016353	-0.006132	1.291307	-0.285462	0.116139	0.144797	-0.052229	-0.051674	0.050818	0.186019	-0.177572	-0.043812	0.020680	0.007296	-0.163728	-0.390302	-0.019659	-0.066233	-1.535298	-0.063210	-0.009718	0.108461	-0.984609	-0.124928	-0.008227	0.048705	0.704250	0.048000	-0.007868	0.056398	1.520160	0.068989	-0.010021	0.207670	0.211259	-0.087830	-0.008132	-0.026389	-0.202409	-0.389193	-0.089560	-0.137830	-0.484690	-0.961120	-0.267536	-0.145629	-1.025463	-0.737014	0.017096	-0.034524	-0.800153	-0.366705	-0.000560	-0.022180	0.079048	-0.159153	-0.004995	0.091333	1.763259	-0.063141	-0.029406	0.301505	0.513881	-0.229850	-0.125417	0.089349	-0.191989	-0.393442	-0.228086	-0.020904	-0.448470	-0.610974	-0.363578	-0.020215	-0.544111	-0.721045	-0.004204	-0.176921	-0.608775	-1.297764	-0.010786	-0.409610	-0.158318	-2.191370	-0.023780	-0.398910	2.171406	-2.475260	-0.138729	0.323792	1.207593	-2.576711	-0.326805	0.100918	-0.488696	-2.128973	-0.236017	-0.075872	-0.372362	-1.503614	-0.109528	-0.030639
-19.547619	-13.463608	-0.337691	-1.348951	-9.690265	-5.345826	-0.212815	-1.042217	0.742754	-0.922381	-0.128904	-0.616507	20.987873	2.295654	0.128266	3.221056	7.722760	0.197143	-0.043319	1.863802	-0.141402	-0.254811	-0.128114	0.038914	-0.090041	0.057952	-0.037671	-0.012304	-14.074687	-2.758477	-0.386629	-0.311977	-7.516957	-0.890530	-0.254332	-0.239599	-1.526466	-0.109164	0.107850	-0.107034	15.531462	-0.025539	0.473615	0.675858	7.360790	-0.384870	-0.012669	0.257928	0.076476	0.009123	-0.090397	0.075554	0.322160	0.624429	0.090445	0.064376	-14.328616	-2.479332	-0.404338	-0.244069	-7.115532	-0.856290	-0.301995	-0.166046	-0.386301	0.390770	0.327037	-0.151064	14.843211	0.731205	1.471655	-0.355361	6.257032	-0.039443	0.114641	-0.154830	0.351518	0.109287	-0.000029	0.159100	0.303558	0.480328	0.063640	0.124585	-13.565171	-2.991523	-0.323821	-0.487160	-7.027567	-1.037098	-0.181468	-0.381889	1.720945	-0.125118	0.356958	-0.166051	14.366231	0.129872	0.834054	-0.051716	4.687733	-0.298041	0.332628	-0.410240	0.175181	-0.261715	-0.029852	-0.113032	-0.364568	-0.657073	-0.359901	0.168975	-11.764071	-3.217442	-0.158536	-0.793959	-6.864803	-1.582321	-0.080169	-0.878771	1.847473	-0.619339	0.369288	-0.330976	13.175402	-0.031433	1.291666	0.348155	4.865390	-0.329473	0.215316	0.025579	-0.399635	-1.142955	-0.604250	-0.120358	-2.409992	-3.957378	-2.077530	-0.060542	-8.196935	-3.663175	-0.042640	-1.107505	-5.992795	-2.814937	-0.029718	-1.620315	1.797399	-2.572321	-0.033260	-1.184615	14.260103	-2.449396	-0.219821	-0.007716	5.246889	-2.901921	-0.913073	0.081200	-1.234776	-3.877108	-1.986600	-0.010501	-4.273290	-7.383079	-3.507210	-0.065916	-4.322611	-3.836978	-0.012186	-1.080281	-4.934225	-7.935824	-0.014674	-2.664399	0.765447	-14.531428	-0.130298	-1.884223	16.561731	-16.619124	-0.948006	2.600645	6.862764	-17.060108	-2.489912	0.780017	-2.911635	-14.849988	-3.138865	-0.108783	-5.338527	-13.646051	-3.473147	-0.097935
