18.788938	4.111169	0.875694	0.086455	59.299519	18.905710	6.426690	0.093539	21.887771	9.636787	-3.315818	-0.501809	-43.235874	-6.550983	-19.211306	-2.000745	-18.757199	-4.614085	-10.430337	-1.266980	-2.348370	-1.558193	-1.804322	-0.154379	-0.312217	-0.306282	-0.144554	-0.015031	20.115509	4.468584	1.266922	0.040315	40.887785	3.771661	3.071885	0.027607	-3.238340	-2.185013	-12.292655	-0.097480	-21.517386	-2.758776	-17.436191	-0.097798	-3.195580	-1.341254	-3.926963	-0.022912	-0.082806	-0.464474	-0.233369	0.008560	-0.938673	-0.298276	-0.200966	0.004149	28.670678	7.550891	2.705435	-0.025736	22.265706	4.435072	-3.451427	-0.159466	-9.091425	1.163445	-16.665955	-0.957173	-6.643681	9.430874	-4.347274	4.445578	-0.360587	2.272261	0.055928	5.943732	-0.141479	-0.074680	-0.033542	-0.162111	-2.138922	-0.636503	-0.671780	-0.116873	37.151350	6.497637	0.378960	0.363054	13.367969	2.172079	-7.452224	0.267556	3.678057	0.451452	2.716680	-3.478714	6.405677	2.032804	6.138753	2.028071	11.195461	-0.050360	0.172435	13.889242	2.525276	-0.734282	-0.683392	1.633778	-7.302207	-5.329591	-3.465062	-0.442288	27.321471	3.643862	-5.549100	0.541154	1.546070	2.310837	-6.371406	2.072380	12.145958	-2.586044	6.860655	-2.306743	-8.885332	-7.980612	1.568801	-8.164166	14.048364	-3.748313	-0.989719	5.922123	12.053890	-3.768994	-3.711785	5.723232	-6.158122	-0.797037	-11.204673	-0.795270	7.871353	-5.126366	-10.291667	-0.064940	1.306149	1.535659	-4.276906	0.213689	5.922416	1.523188	1.111328	-0.627198	-15.005695	-1.419088	-0.546262	-6.881214	0.904664	-5.336633	-1.532830	-2.179767	15.435812	-5.032542	-5.942250	12.136033	11.419655	9.500957	2.315420	1.266866	6.497554	9.874977	-8.446712	-2.220294	14.383121	12.358740	0.622308	0.194418	1.009132	2.726818	0.168707	-0.105816	-9.199544	-1.828981	-0.076616	-4.254462	-6.600980	-15.564847	-1.970590	-6.645229	6.448131	-1.082419	-6.225275	3.930884	1.569093	8.156448	4.232298	1.506309
4.111169	18.881524	1.054248	0.671167	9.239115	12.444395	2.088385	0.595947	0.521516	7.656275	0.623537	0.848101	-10.567637	4.776717	-2.124562	-0.141693	-3.731021	1.016426	-1.492384	-0.193857	-0.497776	-2.688081	-0.773444	-0.000028	-0.265151	-0.997867	-0.160459	-0.029745	3.845498	1.667023	-0.866284	0.579459	8.464055	-1.506462	-0.529812	0.383572	1.413671	-1.788687	-2.338649	-0.163972	-3.962376	-3.860293	-3.923612	-0.361186	-0.884280	-6.797604	-1.989851	-0.067869	-0.229572	-4.255861	-0.539701	-0.044119	-0.431556	-1.037015	-0.092587	-0.004035	4.573259	-12.007842	-0.830178	-0.302884	5.860727	-3.373001	-0.632220	0.051176	-2.575009	1.725745	-3.007766	-0.120945	-2.028527	2.671483	-1.342711	0.796113	0.053870	1.301978	0.421349	1.160565	0.369445	0.887753	0.280624	0.122654	-0.413141	0.305161	-0.541440	0.128275	6.125857	3.138399	0.201779	0.171277	1.047812	3.318828	-0.805402	0.238502	-1.779221	1.277044	0.839807	-0.775967	0.443868	-1.046481	2.074039	-0.203465	2.126089	-0.308033	-0.105867	2.045106	0.601093	-0.796028	-1.239915	0.466651	-1.414830	-1.227010	-1.463216	-0.013882	3.447620	1.114567	-0.781525	0.093427	0.929949	0.669806	-0.375565	0.170641	1.776523	-1.061564	2.106324	-0.703648	-1.544581	-2.884353	-0.276072	-1.148649	1.778568	-2.265023	-0.949711	0.600312	1.327397	-1.661496	-1.031078	0.258050	-0.832197	-0.534422	-2.099334	-0.381442	2.031218	0.043726	-1.406530	0.018589	2.282573	0.868534	-0.573551	0.275769	1.142790	0.336242	-1.128259	0.326701	-2.693907	-0.361720	-1.643751	-0.460583	0.155034	-0.793298	-0.721181	-0.394146	0.935226	-1.051681	-0.870225	0.586600	1.572315	1.095234	0.587313	-0.238755	0.847528	1.338263	-1.055958	-0.398629	1.454197	1.691266	-0.454076	0.898412	-1.056945	0.510217	-0.672196	0.596358	-2.153995	-0.405351	-0.299710	-0.399163	-0.420584	-2.638008	-0.318826	-0.323466	0.841496	-1.613847	-0.208360	0.712285	0.061261	-3.082936	1.331009	0.569148
0.875694	1.054248	0.237827	0.015028	3.782208	1.758611	0.673396	0.033775	1.627465	1.380924	0.111419	0.021265	-3.280471	0.027912	-1.213158	-0.121903	-1.409682	-0.112003	-0.685969	-0.096394	-0.176118	-0.224899	-0.152548	-0.020447	-0.044182	-0.065268	-0.014777	0.001001	1.334989	0.321409	0.178089	-0.001523	2.911701	0.052293	0.256818	0.014283	0.047478	-0.277440	-0.869719	-0.018535	-1.491393	-0.525777	-1.303024	-0.032330	-0.262660	-0.665587	-0.346526	-0.007724	-0.036678	-0.364881	-0.051366	0.003077	-0.104465	-0.119070	-0.026859	0.003739	1.839519	-0.276502	0.108295	-0.017784	1.942086	-0.138340	-0.239688	-0.025048	-0.681917	-0.139611	-1.179744	-0.075407	-0.470744	0.563885	-0.334824	0.275801	0.048843	0.215834	0.097676	0.431457	0.123402	0.077523	0.041381	0.024766	-0.067754	-0.170402	-0.072630	0.014967	2.331500	0.559172	0.073431	0.029779	1.067777	0.061361	-0.591579	-0.002587	0.203915	-0.412797	0.253237	-0.302482	0.626507	-0.312310	0.733797	0.151046	0.934027	-0.076532	-0.017946	0.842595	0.264073	-0.202006	-0.169648	0.126503	-0.199432	-0.570362	-0.067586	-0.023347	1.855123	0.187556	-0.393392	0.052403	0.361901	0.118439	-0.450221	0.134740	0.981934	-0.441181	0.634157	-0.187470	-0.240463	-0.771976	0.210452	-0.527820	1.007152	-0.409159	-0.099727	0.262873	0.699120	-0.376567	-0.194163	0.204767	0.021971	0.029269	-0.471085	-0.069414	0.554932	-0.428925	-0.703009	-0.001449	0.096932	0.070970	-0.349406	0.030851	0.654045	0.100210	0.010721	-0.021248	-0.869209	-0.130569	-0.090038	-0.409388	0.342292	-0.306862	-0.098801	-0.091604	0.853739	-0.247887	-0.178404	0.451722	0.741850	0.463422	0.176437	0.010408	0.112843	0.701953	-0.502798	-0.101766	0.791399	0.761477	0.079985	0.011607	0.136527	-0.000623	-0.023168	-0.051827	-0.597309	-0.365518	-0.009807	-0.276715	-0.017849	-1.134652	-0.099828	-0.283380	0.654340	-0.455339	-0.138019	0.278513	0.149186	-0.151956	0.276917	0.033721
0.086455	0.671167	0.015028	0.089088	0.145945	0.318027	0.059257	0.030148	-0.094926	0.204922	0.032422	0.074147	-0.269551	0.064322	-0.028758	0.020841	-0.086326	-0.161646	-0.043411	-0.003553	-0.025578	-0.155937	-0.032785	-0.000653	-0.011914	-0.048131	-0.007322	-0.004873	0.049869	-0.204620	-0.056220	0.097120	0.154413	-0.148221	-0.024316	0.019742	0.030473	-0.066151	-0.031789	-0.004258	-0.098034	-0.117965	-0.067676	-0.010077	-0.019657	-0.261021	-0.019429	-0.000732	0.023804	-0.148412	0.010654	-0.000946	0.016782	-0.055562	-0.008528	-0.000480	0.135281	-0.391578	-0.019839	-0.009046	0.086942	-0.100800	0.018698	0.000187	-0.148638	0.130418	-0.014569	-0.015516	-0.054559	0.111210	-0.029979	0.020408	0.015954	0.006597	0.035812	0.017175	0.020386	-0.024507	0.062681	-0.005971	0.003056	-0.046814	-0.012993	0.004963	0.126138	0.172408	0.021247	0.009079	-0.029442	0.170363	0.041445	0.000203	-0.119137	0.049628	0.077863	-0.042088	-0.020882	-0.058181	0.049854	-0.028117	0.053637	-0.104715	-0.018813	0.015330	0.017956	-0.126065	-0.027753	-0.005881	-0.030518	-0.096056	-0.017878	-0.001577	0.032594	0.083106	0.005898	0.009215	0.044489	0.034549	0.062350	-0.007304	-0.024087	-0.026864	0.075163	-0.017309	-0.053944	-0.130020	-0.008567	-0.019719	0.004507	-0.112374	-0.022429	-0.003892	0.004626	-0.068132	-0.021837	0.003406	-0.025002	-0.056018	-0.018459	-0.003885	0.053564	0.011351	-0.009889	0.003168	0.107991	-0.000745	0.014874	0.006137	-0.013053	-0.025992	-0.030353	0.010358	-0.047370	-0.030585	-0.037753	0.011712	-0.047712	-0.036922	-0.020680	-0.002824	-0.040666	-0.002912	-0.004432	-0.005215	0.000205	0.022238	0.001791	-0.008001	0.005117	-0.035484	-0.004856	-0.010186	0.027283	-0.018733	-0.018080	0.056970	-0.034794	0.052407	-0.014859	0.027538	-0.047944	0.056208	0.002549	-0.021166	-0.016287	-0.006257	0.003162	-0.011194	-0.011467	-0.036265	-0.007573	0.000143	0.024382	-0.057204	-0.027058	0.046639
59.299519	9.239115	3.782208	0.145945	438.732624	100.266252	73.748311	0.339308	528.954716	148.740563	74.059459	21.670024	-375.302233	-44.460639	-239.939490	-4.698569	-295.423437	-71.150324	-170.912260	-20.155430	-38.501062	-20.185538	-28.816727	-2.659547	7.741300	2.395612	-0.242461	-0.170543	106.603615	24.165339	9.175823	0.222452	392.742156	61.950462	77.190400	1.072282	121.049735	-0.105455	-92.603124	0.407547	-245.840163	-28.319746	-248.066061	-0.267873	-50.963070	-7.917317	-63.709218	0.185558	-1.997623	-2.307878	-4.228503	0.078187	68.247162	8.424683	21.026951	0.110416	212.869579	64.652632	29.266616	0.012816	320.601007	71.185045	14.794756	5.639663	-85.943342	21.732591	-177.874882	2.889293	-109.003380	60.409960	-85.412580	25.632295	-0.614086	6.948490	-6.786605	33.467923	7.341785	-0.253608	4.008486	-1.184853	106.888527	2.943006	52.907795	-0.639412	314.776276	94.900554	27.429762	1.154955	113.102610	21.426065	-86.582511	8.534305	21.738897	-2.022517	6.858659	-0.333063	99.886704	-56.427159	36.637109	31.174679	75.734003	-21.899835	1.744920	47.797246	34.539929	-0.178871	19.906246	3.760573	126.092788	12.661173	98.094892	-1.073341	291.212425	59.717747	-49.924536	4.705220	-5.948262	-2.690819	-95.873225	8.364412	137.802125	-86.143565	21.002025	-11.145001	42.654267	-99.639522	12.771845	-35.680322	42.928259	-15.224576	3.723054	23.468376	90.984074	15.951599	41.823904	20.147932	63.339664	2.350965	14.209963	-5.476847	91.774947	-15.596260	-112.700125	9.088984	-1.226475	-12.885776	-70.496605	2.385811	102.828908	-3.723768	10.118103	-1.625159	-43.068068	-15.186625	4.805518	-26.228916	-37.431171	-5.860864	12.717517	2.421042	92.403344	0.751671	18.246835	36.637677	5.563065	-28.645742	-68.621161	-2.180589	-158.000447	45.349074	-118.707133	3.307976	97.244146	117.617063	3.039775	0.164941	44.740364	17.867859	9.260578	0.973098	-21.268623	3.259054	3.947456	-3.714097	-49.209654	-91.012889	18.944046	-43.708155	23.198126	-139.585188	-25.256536	-2.601967	-90.085802	-85.182788	-52.827644	-0.238376
18.905710	12.444395	1.758611	0.318027	100.266252	35.947641	14.737941	0.322608	80.030601	36.971923	6.709882	1.740763	-83.060312	-5.168790	-43.436413	-3.091868	-49.285793	-8.590916	-28.024690	-3.375465	-6.235518	-4.573287	-5.180775	-0.436271	0.365566	-0.696960	-0.258198	-0.049155	29.681811	5.680084	1.608966	0.211331	84.192362	12.829461	10.901035	0.124000	11.241811	1.024652	-23.904787	-0.187983	-48.223820	-7.475897	-44.623116	-0.358174	-8.593316	-6.198780	-11.577101	-0.144821	-0.558196	-3.132624	-1.174672	-0.075611	6.002080	-0.412528	1.911138	-0.062558	48.709158	7.181491	4.933247	-0.223439	62.418420	10.889633	-2.459110	0.350595	-19.699142	2.469503	-36.624936	-0.694565	-17.187077	15.118198	-14.501629	6.324253	-0.213169	3.781229	-0.515295	8.930272	1.197136	0.802136	0.451904	-0.359568	8.082993	-0.753467	4.587059	-0.279932	67.774528	19.788736	3.688807	0.348831	27.080816	4.513825	-19.336243	1.120877	7.596124	-5.121904	2.306344	-2.774834	21.429843	-11.611818	13.342739	5.137704	19.870665	-2.330223	0.376579	16.280216	7.237551	-0.738940	0.714552	1.815339	4.931043	-2.684781	5.568528	-0.588841	58.566656	9.589854	-11.744277	0.859789	3.285383	1.221065	-19.683496	2.879980	30.689194	-12.531810	9.277005	-3.323220	2.109839	-20.267631	3.665422	-10.935773	18.187983	-6.475917	-1.748898	5.127473	21.678406	-3.395651	0.633578	5.182543	7.429101	1.924667	-10.261043	-1.609007	18.743217	-4.122283	-23.110380	1.141961	-0.476481	1.589456	-13.978616	0.717517	20.520559	3.469300	1.385740	-0.571041	-16.421260	-3.029844	-0.513468	-8.534010	1.151614	-5.247760	-0.859004	-1.076735	23.910938	-5.196640	-2.694977	10.947462	12.234991	3.609008	-4.227756	0.029460	-20.071379	18.220510	-20.901610	-2.215395	21.883012	28.627117	0.947463	0.591184	5.983414	6.302886	0.961875	-0.211649	-11.113563	-1.134027	0.161171	-4.221938	-4.762755	-22.222611	-0.145117	-9.141412	12.313942	-16.401614	-5.099364	4.775821	-3.973806	-4.545284	-1.259536	0.824951
6.426690	2.088385	0.673396	0.059257	73.748311	14.737941	19.859492	0.047622	118.319457	29.387211	35.621606	4.170583	-74.030959	-6.626869	-45.330648	-0.467600	-71.135887	-16.853479	-40.618093	-4.666166	-9.299880	-4.937583	-6.923982	-0.679483	2.446712	0.997992	0.054069	-0.029159	18.489490	4.009214	2.476633	0.035103	80.349719	12.773144	26.861268	0.218133	25.980579	-2.166359	-7.530019	0.027220	-59.090149	-8.029946	-56.571557	-0.060017	-12.581823	-2.898569	-15.430049	0.036719	-0.564073	-1.055198	-1.093668	-0.016970	18.545637	2.148934	5.285791	-0.069953	44.958520	12.419595	8.859465	-0.023430	74.852838	13.400562	13.620246	1.649087	-26.663684	4.634315	-36.121529	1.606298	-29.678259	8.202299	-21.504815	5.075592	0.540985	0.383217	-1.325337	4.667280	2.164494	0.220757	1.082543	-0.014365	26.344478	1.018794	13.403892	-0.240022	70.803880	21.676613	11.411336	0.254552	21.497759	6.144416	-14.077315	2.763453	-3.202848	4.039953	3.473084	1.036873	23.110996	-14.981952	5.763017	8.216126	14.747246	-6.865737	0.990188	3.009708	6.405032	-0.500239	5.543370	-0.749293	30.487986	4.548437	29.419648	0.278721	67.091852	13.563053	-7.028760	1.260089	-6.255450	-0.105815	-15.702721	1.226267	23.502363	-23.485457	3.335654	-2.333696	21.458448	-23.460757	2.799568	-6.067568	10.201587	-6.960374	2.391759	0.190688	17.191774	-2.716937	11.433646	-0.950152	17.828266	-8.866362	12.003772	-0.227678	23.267629	-2.801972	-22.163237	2.896490	-4.986976	-5.531005	-15.144895	0.617617	19.588917	-4.897673	2.756652	0.011660	3.491707	-3.415630	1.919763	-1.360698	2.921289	-2.460189	5.120974	3.356029	21.629643	-7.494226	10.621244	2.779384	3.953490	-23.153521	-11.258202	-0.745274	-58.708129	-7.906642	-26.902188	3.689249	4.245521	16.541169	1.357139	-0.083883	9.868245	1.774056	2.839828	0.354536	2.589189	1.333286	1.193214	3.263157	2.197259	-11.476753	6.343824	3.518454	14.358002	-28.105255	5.976417	3.288644	-15.935085	-32.306480	-1.559159	-0.921319
0.093539	0.595947	0.033775	0.030148	0.339308	0.322608	0.047622	0.084379	-0.076678	0.235999	-0.000953	0.106497	-0.371313	0.212677	0.005655	-0.026028	-0.094828	0.059378	-0.008964	-0.007658	-0.022322	-0.064056	-0.023621	0.008932	-0.010342	-0.055962	-0.007766	0.001086	0.058025	-0.102947	-0.042403	0.028289	0.211354	-0.235350	-0.022883	0.038965	0.058012	-0.117556	-0.044537	-0.005482	-0.129039	-0.093104	-0.093404	-0.016636	-0.030926	-0.259677	-0.038290	-0.008037	0.000583	-0.119986	0.006564	0.001700	0.010400	-0.015382	0.000560	0.008872	0.116891	-0.398602	-0.023042	-0.004878	0.163223	-0.141877	0.002437	0.010217	-0.119537	0.079053	-0.062654	-0.007672	-0.089317	0.106776	-0.050086	0.005478	0.022904	0.062602	0.044951	0.005680	0.045348	0.044582	0.088806	0.002792	0.016867	-0.042156	-0.022931	0.019001	0.097204	0.141029	0.015660	0.007622	0.001829	0.150574	0.017950	0.008264	-0.076270	0.064945	0.062766	-0.036495	-0.015233	-0.044941	0.076396	-0.036151	0.019282	-0.072266	-0.014967	0.017343	0.061555	-0.154056	-0.056677	0.044646	-0.013452	-0.131586	-0.066445	0.008177	0.019514	0.087612	0.009689	0.006351	0.027345	0.080020	0.063278	0.000649	0.025509	-0.000084	0.119934	-0.022953	-0.025793	-0.132995	-0.006796	-0.021179	-0.040002	-0.087496	-0.051137	0.021665	0.061696	-0.043237	-0.042929	0.058963	0.018243	-0.030245	-0.024233	0.008937	0.080343	0.052204	0.007756	-0.000286	0.097957	0.044610	0.036089	0.007147	-0.009540	-0.015694	-0.048773	0.006271	-0.053249	-0.070132	-0.085450	-0.001034	-0.055114	-0.068608	-0.036357	-0.008172	-0.018416	0.005843	-0.010877	-0.005558	0.001593	0.009990	-0.018629	0.001542	0.062374	0.083309	0.000932	0.019815	-0.028886	0.059784	-0.024616	0.062281	-0.073856	0.059209	-0.036684	0.038061	-0.052189	0.062230	-0.014615	-0.035151	-0.009918	0.004237	0.007025	-0.023721	-0.006892	-0.036501	0.008990	-0.008854	0.013322	0.000048	0.009356	0.036923
21.887771	0.521516	1.627465	-0.094926	528.954716	80.030601	118.319457	-0.076678	2491.335560	420.076023	487.691980	93.867870	358.454085	85.407879	-763.466857	46.202267	-1530.724157	-399.839907	-1094.765947	-108.151810	-290.758008	-150.233731	-221.463914	-19.683969	4.109162	4.803551	-11.996808	-1.316471	82.890001	24.382213	10.812306	0.038849	795.445418	142.666685	231.956747	2.621873	1216.655782	71.473736	-43.804344	4.547904	-386.154435	-91.363840	-1125.048518	3.111868	-303.731146	-23.455066	-437.289140	2.271916	-15.746755	-10.528409	-33.480382	1.052903	185.882201	28.269698	48.661273	0.108433	311.018554	98.083324	61.459983	0.060697	976.255084	248.150515	131.673948	23.050018	217.152077	173.164062	-595.581475	41.725152	-313.808897	293.650206	-469.015963	90.304344	28.409233	96.266709	-58.308035	95.535287	40.082010	2.999370	7.700492	8.078089	285.372379	-7.688725	88.806362	0.494487	623.779641	238.233744	74.459681	1.333253	354.823576	164.396882	-258.041310	31.102543	-134.486479	122.160185	-168.614110	22.439884	129.710428	30.824035	3.478947	85.069573	324.230505	47.992311	8.390650	137.033327	168.948880	15.472561	34.336834	26.392680	352.130747	82.030048	134.089544	-0.463136	764.039132	279.965165	-154.926160	3.182494	-5.380731	17.066248	-400.967615	-5.543226	117.043293	-343.284613	-133.215738	-43.613357	-27.713548	-322.078210	2.359956	-135.258760	242.383687	-25.079592	25.528321	60.816574	292.271439	64.233677	52.413168	71.627240	412.332233	98.643879	-15.292700	6.173397	469.084882	123.194057	-395.437049	12.097519	79.336054	-21.674353	-332.498015	0.338165	149.838614	-66.184716	-39.732188	-6.023873	-212.322374	-64.368865	13.697391	-140.944703	26.313423	-75.893980	17.058722	-26.782477	258.276477	-26.714140	-25.417360	92.506597	280.596064	-74.464379	-162.643490	-10.725257	-281.579657	163.747367	-472.448127	34.007282	154.240929	251.174549	-76.698828	0.187598	70.487443	22.725962	18.061569	-2.200534	-92.461840	-23.233637	10.630575	-80.210515	-46.606862	-327.887687	7.171921	-75.354476	125.396996	-336.890955	-60.688364	51.795175	-120.633187	-320.675612	-44.575974	-12.348374
9.636787	7.656275	1.380924	0.204922	148.740563	36.971923	29.387211	0.235999	420.076023	159.268172	69.696807	7.203003	-29.510659	83.293978	-163.569898	-1.718547	-236.215129	-55.914209	-176.510318	-17.112497	-42.821223	-23.842672	-34.235638	-3.157064	1.223855	-0.106231	-1.634885	-0.197954	27.842985	5.502233	3.195646	0.092582	199.466078	43.174652	47.735702	-0.221003	178.730766	42.381379	-48.729656	0.084294	-107.908861	-0.505694	-209.094719	0.230979	-44.901043	-7.303509	-67.345307	0.341665	-2.508544	-3.986634	-5.326735	0.551533	29.474113	4.188170	7.635179	0.105351	86.964407	22.952063	14.144018	-0.135673	216.888373	67.035127	15.279605	3.118647	-15.148604	41.675760	-145.509927	6.441393	-49.601408	53.555006	-80.869413	14.749869	12.104498	21.632272	-4.755734	16.348500	9.539641	3.702068	1.880870	2.116662	39.350121	-7.166143	12.952980	-0.172061	160.763755	67.206004	14.021881	0.333283	72.844020	36.281448	-76.944208	5.253166	-20.136331	10.519958	-52.839730	5.154474	47.213759	-32.392686	4.297020	8.023582	59.566119	8.033183	2.906506	10.790511	37.945651	7.392006	5.177378	7.213515	19.551578	12.093836	7.947950	0.853454	179.652101	65.059539	-36.983890	0.596118	-5.549681	4.527218	-103.526856	0.466188	47.256448	-48.428007	-37.211607	-5.569525	10.277033	-58.105542	3.258074	-20.827457	15.928281	-4.030572	-1.227600	-1.493672	57.355075	19.647107	0.794991	12.880016	45.808288	38.182021	-48.501703	1.990605	84.036227	48.069230	-96.190522	6.486720	-0.828226	5.868043	-78.488514	0.193953	53.393450	1.662536	-3.802521	0.071580	-25.079521	-8.815145	2.654984	-14.292704	-19.811613	-9.551101	0.962382	-9.278301	42.343508	-11.573981	-25.978576	12.141524	65.598743	15.511768	-41.813149	-0.706934	-143.465003	26.998352	-113.003198	2.912084	32.544437	80.279493	-17.963796	0.382443	25.085216	9.456554	6.368099	-0.563122	-14.486697	-1.392846	1.490266	-6.778485	-26.571448	-55.282794	-4.167697	-9.747400	5.277717	-45.626157	-19.822949	13.336447	21.776682	-20.016128	2.820117	-1.750976
-3.315818	0.623537	0.111419	0.032422	74.059459	6.709882	35.621606	-0.000953	487.691980	69.696807	278.602563	13.913522	71.666955	21.806421	0.014547	8.056592	-410.321564	-110.462849	-308.574439	-27.535105	-103.570536	-51.624699	-78.561903	-6.559517	-2.910039	-0.863219	-4.911572	-0.457777	11.252934	3.076151	4.195688	-0.017932	197.065776	28.714505	105.667049	0.117327	317.248570	-4.673311	123.785978	-0.161407	-183.014569	-41.057699	-279.341823	1.249932	-101.333074	-8.262713	-142.636696	1.670898	-5.951414	-4.441043	-12.485900	0.195869	41.262435	8.733885	10.477390	0.452044	75.057474	19.768704	23.187914	-0.044639	311.321780	42.162836	104.222360	7.096515	40.168120	40.000350	-96.263983	11.700916	-136.818358	109.248456	-129.736032	27.919585	21.709371	33.235931	-21.482904	36.063864	11.855893	-0.090546	1.838866	2.663767	85.459778	5.973905	20.854912	4.733336	172.875263	50.663328	45.418542	0.410963	115.596211	25.006033	-23.198974	14.971585	-75.705507	56.194445	-1.108600	-5.079430	21.000530	25.005514	21.388338	26.347457	144.690834	11.350940	3.938933	50.009938	41.998789	2.372536	8.942553	3.851002	130.896024	33.776288	67.074411	4.420186	225.083634	52.103575	-11.235201	0.916279	-31.662109	-25.220781	-82.880800	-1.195854	-22.306794	-104.011635	-20.544706	-25.611514	-21.017876	-94.278685	7.466781	-49.221456	138.375357	-14.464414	12.555019	30.200880	71.786359	10.674055	19.781881	13.160017	139.767934	0.367026	69.314302	3.768429	137.361397	9.472101	-76.962071	3.811347	-9.982617	-23.903393	-62.212177	-0.358573	-0.240243	-38.857717	-9.383938	-5.686977	-82.046835	-31.048807	3.388323	-44.395058	41.102999	-37.408725	4.319435	23.344516	72.744742	-15.322352	20.004797	33.838695	31.996798	-104.804166	-0.283444	-4.771229	-99.499968	-45.985488	-97.044961	8.122002	-33.277477	4.818549	-11.821351	-0.064735	2.237751	-2.325685	2.542617	-1.139513	-66.088943	-20.566743	1.052391	-25.893237	-32.707312	-139.143750	-2.322160	23.526483	33.899959	-137.012870	15.381309	45.244344	-74.020070	-149.302189	28.688052	-5.643868
-0.501809	0.848101	0.021265	0.074147	21.670024	1.740763	4.170583	0.106497	93.867870	7.203003	13.913522	18.869892	-27.839517	-11.258819	-35.317331	18.790602	-57.697704	-14.124554	-32.812689	-3.012145	-7.742521	-4.087353	-5.738973	-0.539380	-0.013256	-0.408303	-0.298559	-0.024724	1.628018	0.318061	0.259466	0.108043	25.669709	3.670579	10.336723	1.031883	40.114114	-2.350288	-4.087646	0.933078	-13.217467	-5.223577	-37.641845	0.065631	-9.585165	-1.163883	-12.415171	0.078036	-0.399071	-0.749653	-0.855839	-0.041204	4.894224	-0.472874	2.352179	-0.044024	9.500631	0.401247	1.546916	-0.006104	31.432793	5.674193	4.176617	1.581487	4.124498	5.407883	-15.274079	2.517722	-8.194740	10.123413	-12.640599	3.769746	0.598154	0.960887	-1.825329	2.723487	1.072438	-0.442171	0.300788	-0.181525	5.407369	-1.174423	2.748377	-0.354135	16.518414	4.335644	2.180626	0.008162	7.290045	-0.769731	-8.052963	0.729717	-2.511410	-0.115698	0.426927	-0.327238	16.617603	4.070818	4.372479	8.187482	12.997406	-1.636579	0.647078	5.148341	2.036113	-1.371315	1.461605	-0.052415	11.565105	12.014381	10.643708	-0.362732	17.958223	7.726216	-1.856009	-0.085464	-5.280865	-7.783221	-9.176373	-1.350891	2.295860	-23.746315	1.424887	-5.403354	17.805620	-16.118686	1.213783	-7.961788	15.986066	-0.683566	0.889885	2.612685	2.004160	6.378722	8.560496	1.685422	20.287159	17.386200	26.536820	-0.041103	8.985201	5.050472	-8.712782	0.212973	4.110429	-4.994382	-8.179846	-0.169183	4.367352	-5.238408	0.274703	-1.725665	2.637039	-3.856618	-0.313444	-7.484754	1.653220	4.593380	1.450669	-2.347110	1.164717	12.921141	14.770871	-0.841816	-9.428662	-4.839401	-0.929614	-1.378392	-19.008736	1.153146	-14.820585	6.014660	10.345149	8.832741	-0.352760	0.065120	1.689133	0.566540	0.135471	-0.188017	3.946886	-1.346321	0.175332	0.000277	-13.314849	-4.826195	2.951147	-7.394987	-7.988011	-29.877191	0.960553	-9.268307	-32.811418	-39.193762	-19.300770	-1.176260
-43.235874	-10.567637	-3.280471	-0.269551	-375.302233	-83.060312	-74.030959	-0.371313	358.454085	-29.510659	71.666955	-27.839517	2114.899686	245.193423	37.609888	8.729453	-187.628988	-237.218472	-925.910755	-29.253652	-424.521686	-241.834371	-367.008013	-23.932920	-49.862449	-25.022601	-29.337950	-1.925591	-90.276367	-18.931836	-8.985268	-0.374973	-249.400263	-37.077864	-66.084472	-2.614464	669.701542	85.569814	140.761130	0.549648	640.900726	-5.131332	-435.359330	1.648631	-129.662962	-56.389103	-449.437093	-0.952574	-22.600440	-14.020686	-55.229266	0.309284	-52.252229	7.481228	-22.849667	1.547327	-185.261658	-41.555154	-25.140327	0.013002	-45.115194	29.559426	-22.649962	-5.313988	610.779815	76.083965	-155.079761	14.868199	110.471477	23.925991	-344.429009	13.004539	-45.204460	28.910659	-90.683192	-9.518395	2.574422	2.180854	-5.005383	0.093399	-43.533222	17.024567	-75.781460	4.930181	-189.960215	-22.538959	-26.125870	-0.858281	128.001467	142.134021	-84.604648	-5.835780	44.903657	90.179691	-302.291728	25.467596	-217.455040	132.328082	-116.761523	-13.070742	-33.417752	115.772192	-9.256030	35.601831	31.281890	12.031186	-29.962811	22.618435	54.582988	21.169546	-114.272956	-9.832650	0.545446	110.173753	-89.995671	-3.153526	117.621456	97.534316	-200.971341	-6.325189	-87.911771	108.242716	-123.410344	-4.213796	-268.257800	94.125506	-11.102079	-15.502025	-35.974647	35.914176	-14.576610	48.078215	80.566203	3.928051	-87.467631	72.423141	78.994163	-33.418736	-119.977640	-2.713302	196.454868	132.693943	-215.611043	-9.458103	120.628220	105.297032	-103.524109	-3.030687	-11.635267	-11.948496	-38.033789	3.079691	-200.717577	-23.678913	-4.691227	-64.103167	48.657681	-61.102085	-35.484349	-83.396365	132.155651	-68.199939	-148.350259	46.606454	211.323415	85.567325	-80.059414	-2.258603	462.247215	335.164088	-142.409041	-49.351639	73.209622	38.892271	-79.605923	-0.206313	-3.109786	-8.001879	-11.984556	4.446546	-75.447816	-4.811942	-3.502821	-71.224289	84.902121	-152.468470	-33.397104	-32.384112	198.609873	56.669724	-81.706769	57.830711	259.751657	141.972727	69.498763	0.368544
-6.550983	4.776717	0.027912	0.064322	-44.460639	-5.168790	-6.626869	0.212677	85.407879	83.293978	21.806421	-11.258819	245.193423	229.058324	-5.651939	-8.085942	-19.024194	34.293341	-146.274422	-4.097542	-64.049282	-38.225538	-57.103951	-3.799939	-8.942074	-5.331684	-4.538834	-0.311496	-12.403909	-2.279980	-0.808167	-0.015125	8.424419	9.254369	1.494360	-0.387691	119.400095	50.841200	0.040303	0.292446	63.742362	22.708080	-111.696741	0.484810	-17.466401	-6.220985	-72.238672	0.180033	-3.009521	-5.126884	-9.532001	0.637074	-15.563042	-1.430619	-5.278306	0.267334	-7.648538	-7.269641	-1.267854	-0.121710	49.279512	29.359709	-3.295062	-0.592173	54.151133	36.733311	-85.509161	5.440596	33.914943	49.947553	-64.007249	9.783102	13.015396	27.418261	-8.645688	6.737630	6.517529	3.477883	0.041874	2.488367	-29.334686	-10.636593	-18.374873	-0.072661	15.487285	18.226585	-6.158138	-0.173297	28.773236	26.239236	-55.013257	-1.756777	-19.667346	-3.320682	-84.879732	-6.670112	-9.315577	31.758266	-14.855140	-13.359631	54.293746	41.859537	1.332683	13.605076	23.310576	5.237971	-6.244604	8.709163	-48.545753	-3.182496	-49.751323	-1.759934	46.451070	37.340973	-30.850844	-0.706620	12.762947	4.550289	-86.177424	-4.593262	-7.543328	-9.438036	-47.819876	-14.038307	-54.194600	3.650350	3.991233	-31.251926	45.857449	18.436022	-7.928910	6.440316	29.975968	20.249417	-21.173412	16.596653	-49.608750	35.949084	-75.988606	1.470176	37.916270	58.101315	-80.620437	0.717687	18.657133	11.150217	-53.514693	-0.987862	31.113196	0.826153	0.113068	-2.824639	-59.532887	-6.801013	-0.194591	-28.432522	-2.852177	3.501977	-12.148020	-21.219003	11.611336	8.134926	-49.465314	16.161816	-8.571070	72.253284	-9.657665	4.088029	-42.891034	73.626438	-61.459762	-2.116483	40.985876	60.083216	-9.308555	0.378754	20.842464	2.968787	3.685475	0.414271	-53.189494	-3.993347	-2.136195	-26.686822	-63.175415	-58.878912	-24.630182	-24.720912	-25.937535	6.849621	-52.733896	20.891603	41.102007	64.993680	20.975020	4.539614
-19.211306	-2.124562	-1.213158	-0.028758	-239.939490	-43.436413	-45.330648	0.005655	-763.466857	-163.569898	0.014547	-35.317331	37.609888	-5.651939	596.226764	-25.501339	375.029399	103.693077	246.668463	28.150472	-47.050832	-22.536827	-53.105359	0.381263	-22.337459	-12.332300	-8.380182	-0.490659	-45.678289	-10.961949	-4.542714	-0.076375	-265.476806	-49.192722	-41.682704	-0.997014	-197.403648	-34.866183	228.115556	-1.961312	83.791876	-10.989704	307.487933	-1.070823	0.295828	-10.884224	-8.319759	-0.482627	-5.277187	-4.611402	-13.426521	-0.339652	-68.115819	-9.585485	-19.321057	-0.280309	-118.921332	-39.882864	-19.698882	-0.047247	-184.586163	-75.454100	37.513272	-5.080081	56.562252	-40.064435	245.211644	-11.471324	-0.635207	-54.368549	35.571860	-26.660994	-21.495653	-29.512818	-22.190972	-24.589260	-13.856037	-4.246221	-4.139627	-4.355136	-79.296095	6.016471	-43.999566	3.200150	-189.032852	-79.917683	-7.404217	-0.602942	18.234416	-49.884564	114.217981	0.801882	7.226115	52.729059	76.553650	-25.748491	-105.491586	133.453665	22.945083	-4.288174	-44.883219	8.055163	-4.194897	20.941422	-64.257132	-7.200249	-18.314240	-10.327330	-5.096457	-15.750791	-36.503684	7.109686	-184.090308	-98.897426	49.268696	-1.669160	14.478132	-7.939960	94.660818	7.867845	-102.583545	113.322515	75.401103	-17.182730	-64.267541	113.254436	26.669349	4.585171	55.944891	28.394415	-3.541867	65.349513	-106.652681	4.359506	-19.552239	-4.241190	-34.671483	-27.876064	111.393743	-2.332207	-67.667962	-69.079162	95.790406	-6.238323	-12.635652	7.614060	103.272338	-0.101077	-101.016791	1.409115	4.983864	-6.522299	-45.317542	-8.975050	-1.766244	-21.358625	46.834712	-15.894325	-11.177271	45.321837	-73.570591	11.450886	18.878326	15.245769	-126.016059	-72.855741	125.353604	-2.050511	232.015581	-31.064937	145.498840	-25.725577	-78.091267	-121.622742	17.229698	-0.101110	-45.326907	-15.026648	-12.892164	-0.563599	-67.793436	-30.619624	-3.475601	-17.145975	-11.644463	-69.102988	-2.718020	29.985075	-28.897397	-17.194574	29.044045	26.811804	-48.113696	-32.739550	42.970856	2.866345
-2.000745	-0.141693	-0.121903	0.020841	-4.698569	-3.091868	-0.467600	-0.026028	46.202267	-1.718547	8.056592	18.790602	8.729453	-8.085942	-25.501339	65.709522	-39.128951	-19.238942	-57.263087	24.974114	-21.958277	-12.959285	-19.270134	-1.537600	-2.748143	-2.160545	-1.395554	-0.076879	-3.591235	-1.012735	-0.061657	0.046441	-0.226717	-1.606901	6.120240	0.737578	24.615144	-7.652689	8.512801	0.889518	18.648012	-9.011630	-19.152114	0.390341	-4.279701	-2.053245	-18.047246	0.136475	-0.212907	-1.111067	-2.955180	-0.109164	-6.085923	-2.897669	-0.932795	-0.188601	-5.068888	-3.298734	-0.746955	0.009097	5.417134	-2.705604	1.599491	0.458403	10.474215	-2.786574	-11.628794	3.153943	9.666069	7.547818	-16.752929	4.805601	-1.992803	0.881363	-5.214584	-0.302654	-1.852646	-1.139990	-0.653365	-0.785266	-20.962332	-4.352502	-5.776160	-1.342253	-7.161762	-6.579478	0.520143	-0.099616	-5.784126	-14.614998	-6.031050	-2.059985	-16.557415	-11.451193	-9.088268	-2.946611	11.760512	35.557403	4.989432	12.567474	15.275936	8.314791	0.194669	16.251261	-2.133768	-2.689399	-1.582464	-0.652237	-33.502777	14.778036	-3.652279	0.657096	-5.672980	-3.642329	4.486550	-0.433814	-11.419393	-24.269427	-9.277877	-3.439747	-0.170332	-38.820789	10.385882	-13.292151	24.254525	-19.220636	3.777814	-16.023478	62.395609	-6.646409	-1.350417	-0.859924	3.087143	-0.880940	4.153109	-0.543997	8.601553	39.706819	30.629090	2.700348	-10.135443	-4.615907	-1.029693	-0.752577	5.704152	-9.782886	0.886745	-0.502963	7.373160	-11.205438	3.975826	-5.274619	7.757075	-7.582789	-2.385984	-13.238491	25.528256	11.011819	0.279789	-2.380423	-0.084744	27.131458	23.799912	-0.186359	-0.904847	19.540588	31.053877	-3.151978	-10.317012	14.869037	-10.233752	11.287110	25.889092	10.975481	8.327323	0.034537	-1.069899	0.963357	0.436437	-1.146172	-3.113263	-7.311516	-0.479319	-4.924977	-24.602328	-11.317641	-2.498614	-3.034599	-10.503764	-29.423600	-1.396178	-13.100577	-49.185953	-64.713887	-28.750424	-2.721680
-18.757199	-3.731021	-1.409682	-0.086326	-295.423437	-49.285793	-71.135887	-0.094828	-1530.724157	-236.215129	-410.321564	-57.697704	-187.628988	-19.024194	375.029399	-39.128951	1325.303397	275.573431	649.647041	77.598548	148.981339	21.263213	27.044525	12.562368	-17.623685	-13.550715	-4.405611	0.047931	-52.105155	-14.880333	-7.344603	-0.096657	-488.263821	-81.487986	-164.248391	-1.431735	-832.942100	-26.651732	-81.896515	-2.281077	337.868062	65.996605	719.679851	-2.512446	258.102167	5.683311	259.945178	-2.250895	7.388972	2.832978	3.892986	-0.726377	-97.996317	-16.693759	-24.709117	-0.217079	-187.688456	-55.208331	-39.719028	-0.006974	-655.690232	-138.403724	-114.125737	-14.638798	-172.228081	-123.360930	341.451944	-29.708235	276.669204	-258.798245	278.533481	-62.360131	-34.384268	-105.566752	24.288876	-81.560962	-31.287701	-4.812305	-4.997802	-9.933029	-164.449635	5.872939	-28.521315	-4.580880	-388.717304	-137.960133	-56.543977	-0.960151	-240.887704	-95.947197	128.717040	-23.195307	111.024702	-126.397258	37.806383	-16.405755	-64.595948	-88.251769	-63.369810	-61.761598	-300.053876	-59.312010	-15.127597	-122.571234	-136.670700	-11.211636	-9.872558	-24.183368	-213.225602	-20.028458	-66.267995	-3.849231	-495.582367	-161.525911	66.867865	-2.056946	9.774266	-0.561334	210.329375	3.911934	-20.533368	257.364225	67.582064	45.540406	37.906667	244.533704	-13.533023	111.118061	-299.177773	51.064232	-15.728948	-50.134539	-228.649816	-9.846593	-5.781973	-48.457222	-312.954916	-44.729419	-74.596308	0.036666	-314.393861	-67.287822	196.800090	-2.477015	-48.132292	34.377747	201.568504	0.356907	-34.115082	78.305728	36.151888	15.142601	205.741342	77.751257	-4.022987	120.731892	-91.975600	88.608843	2.698740	-19.564020	-213.428309	27.611169	-6.821282	-88.970902	-222.423954	107.593016	48.657024	13.271230	59.607895	-11.643956	257.020223	-10.358375	-22.681578	-94.931780	46.143142	-0.436390	-7.183116	-7.485597	-11.765593	3.186367	139.192058	47.934827	-3.597165	72.793587	70.229642	305.833821	14.106879	17.666005	-66.217782	232.495428	30.619443	-78.535638	89.163682	175.473127	0.875268	6.468611
-4.614085	1.016426	-0.112003	-0.161646	-71.150324	-8.590916	-16.853479	0.059378	-399.839907	-55.914209	-110.462849	-14.124554	-237.218472	34.293341	103.693077	-19.238942	275.573431	190.946002	283.357018	12.725040	99.251544	73.975838	67.983934	6.284431	3.474162	3.185595	4.553815	0.766022	-12.008618	-3.776585	-1.472416	-0.313673	-120.347728	-17.782886	-41.010532	-0.043902	-242.806706	-8.489644	-27.722282	-0.336345	46.973750	21.539742	209.860257	-0.769469	71.049585	10.580582	108.066378	-0.757316	6.132857	2.831812	9.246590	-0.253478	-24.710911	-6.133243	-5.722014	-0.345651	-40.946909	-15.548411	-9.857090	-0.155870	-170.722632	-39.433129	-33.564052	-2.921412	-75.331659	-33.171106	82.014358	-5.478837	76.855515	-43.294781	89.933789	-10.805909	2.188011	-14.640919	16.517359	-16.147717	-6.734629	-0.212910	0.126822	-1.739395	-50.580576	-4.656230	-15.537745	-1.777041	-95.184421	-35.259457	-17.549193	-0.254521	-85.700946	-40.316773	29.693918	-6.998846	14.133316	-34.736048	19.515298	-6.455715	0.615539	2.215475	-16.281966	-11.780167	-44.717138	-3.948928	-3.036631	-23.394562	-29.369753	-3.397972	-3.256758	-5.652140	-53.967310	-5.344092	-33.338899	3.686581	-137.295803	-56.357164	16.116324	-0.739843	4.729600	-20.302332	65.895716	-3.192636	-4.347126	27.720036	1.897018	-0.739589	23.877871	57.740205	-9.897097	12.695543	-24.640519	18.895399	-5.236865	-18.694054	-42.662633	-5.973636	1.520991	-20.706966	-68.747814	-9.971848	-0.885380	-1.151185	-87.477575	-22.268727	59.198624	-2.930917	0.564368	-10.290965	46.547013	-0.061832	-10.749495	11.853052	7.834561	-2.170266	40.900716	16.777223	-2.409860	14.015043	5.659308	29.519967	-3.405543	3.817758	-41.022859	10.586184	10.706867	-22.998215	-86.731286	9.167325	15.853927	1.237512	-2.081587	7.694376	71.830664	5.295487	-1.439039	-22.127200	25.557877	0.855427	-7.044726	0.665679	0.908100	0.132265	1.603836	7.008223	-1.573927	7.803562	2.153896	62.166792	-5.754406	-2.343450	-46.541887	61.347200	-2.845394	-11.438819	-0.240822	85.438123	-1.146927	3.945834
-10.430337	-1.492384	-0.685969	-0.043411	-170.912260	-28.024690	-40.618093	-0.008964	-1094.765947	-176.510318	-308.574439	-32.812689	-925.910755	-146.274422	246.668463	-57.263087	649.647041	283.357018	1027.728120	33.993609	329.142424	203.367335	316.730747	17.783079	11.768963	10.274673	16.264321	0.994588	-29.143086	-7.619545	-3.859848	-0.073548	-324.577453	-55.210768	-108.425872	-0.452901	-759.495320	-60.376492	-66.903101	-1.840314	-38.578962	51.415684	741.363853	-2.043678	170.733143	36.523269	403.262701	-1.218025	12.883386	10.137436	34.486516	-0.538203	-57.756057	-14.213793	-14.124652	-0.864763	-112.083112	-37.402635	-24.833833	-0.016760	-482.942049	-120.928750	-73.969178	-8.029963	-290.223168	-101.920145	367.836456	-22.916505	98.124799	-148.022087	370.543523	-53.990820	-8.787297	-53.774742	58.241020	-50.229512	-18.366611	-1.570826	-2.027200	-2.636855	-120.919025	-11.744913	-20.043404	-5.089899	-268.088121	-103.617884	-37.238925	-0.617208	-244.434116	-118.287546	163.848922	-12.299046	30.228504	-62.509317	208.604504	-7.609093	10.296452	-27.195155	32.467225	-34.606765	-157.314727	-56.699508	-2.063388	-90.115549	-85.671805	-11.546190	-9.132531	-19.309273	-205.743880	-85.111070	-65.048844	3.692083	-398.366092	-170.541200	103.667468	-1.782444	-25.166560	-28.068932	288.354414	2.658410	-60.118446	121.656117	92.261314	33.693432	121.311348	111.951889	1.909537	81.793077	-113.939765	-3.713571	-5.995297	-48.444490	-173.300245	-45.377662	-13.386299	-61.416436	-195.770284	-34.871461	66.615501	0.646094	-276.207846	-123.310720	306.177698	-7.223745	-59.847476	-33.755955	183.621171	0.313572	-89.004296	34.427314	12.664482	3.649066	193.608130	38.067855	-2.778206	85.706018	-7.788834	49.374263	2.043401	44.955511	-185.786318	30.906375	71.389039	-64.869624	-156.682040	13.240629	151.523257	7.626029	87.953302	-230.338374	314.548631	-0.998702	-129.436172	-145.465660	40.012500	0.077194	-38.170150	-8.975619	-6.902520	-0.737233	92.070263	11.207606	-2.192041	65.244436	25.538284	234.879579	15.234388	45.150859	-134.761122	155.080270	81.122122	-50.716011	-27.175344	79.701858	-12.487387	6.241561
-1.266980	-0.193857	-0.096394	-0.003553	-20.155430	-3.375465	-4.666166	-0.007658	-108.151810	-17.112497	-27.535105	-3.012145	-29.253652	-4.097542	28.150472	24.974114	77.598548	12.725040	33.993609	38.430676	0.412970	-5.709227	-7.057519	4.623628	-2.194348	-1.603548	-0.971517	-0.050473	-3.595476	-1.143389	-0.526946	0.023205	-33.422890	-4.621823	-10.277968	0.010173	-59.132700	-3.135470	1.146313	0.142021	22.578326	2.108929	51.088079	0.060309	19.812474	-0.243841	15.932466	-0.084767	0.716029	-0.531328	-0.475897	-0.035178	-7.256612	-2.093990	-1.908663	-0.123743	-12.896516	-4.202800	-2.854722	0.006828	-43.493460	-9.598175	-6.220380	-0.976851	-13.305683	-7.803258	18.537061	-1.866030	19.946550	-16.695408	15.251566	-3.381421	-3.952865	-7.611921	0.678216	-6.643179	-3.146693	-0.691047	-0.562787	-1.009351	-18.299081	-1.813198	-2.673626	-0.880881	-25.149290	-8.280352	-3.370380	-0.078381	-17.424213	-8.622286	7.826089	-1.924433	-0.751489	-11.689311	2.091031	-2.542906	1.636998	12.432258	-0.558547	-0.171007	-16.333342	0.092337	-1.668376	-1.632540	-10.343040	-1.418258	-0.763006	-2.547723	-34.325476	0.606141	-9.850675	2.567978	-29.058876	-12.388461	7.205541	-0.287707	-7.267668	-5.707330	2.756624	-0.307006	-1.891334	7.704403	12.625542	-2.570606	14.947950	11.125338	3.151750	6.992602	11.957015	2.874152	-2.495297	-0.037998	-13.553296	2.098822	0.597917	-4.598265	-23.413657	10.767531	-9.193345	2.831657	-20.317205	-10.991909	12.371012	-1.527350	-0.296887	-0.363028	12.914542	-0.252892	-2.281484	-0.690496	4.283755	-2.731957	1.280573	-0.956627	-1.058177	5.262551	-2.116167	17.219115	1.132814	12.572335	-17.457275	26.034405	0.986533	-1.109500	-15.188478	20.693720	10.039528	0.799135	11.767620	10.921342	8.354842	-1.498252	10.580448	-4.232623	7.959610	0.018903	-3.063439	-0.004339	-0.822966	-0.882953	-14.279529	-4.626793	-0.382163	-5.953211	-20.040983	-11.954171	-4.288368	-3.617675	-9.360151	-11.627185	-12.420680	0.511167	-17.320708	3.112557	-15.296668	1.993316
