1994.347486	1753.215054	-42.394713	191.605448	-139.629120	182.123152	-99.423569	84.116085	-54.169981	-830.574913	-105.939391	34.193918	-79.868079	-1171.839872	-47.245249	-51.599241	-107.009814	-1290.825676	-50.279473	-81.361785	-255.825007	-1116.567992	-46.059283	-64.474462	-435.583646	-652.661469	-45.227684	-67.459232	195.402585	256.491014	-36.116225	90.820076	99.867310	598.123760	-39.593262	114.587316	68.134796	708.749946	-27.816909	127.757822	56.228170	705.524027	-26.135907	113.728671	50.901419	362.756744	-31.585602	88.083374	74.854336	134.738488	-28.512577	35.581686	-7.662589	-45.170092	-47.326035	8.539802	-2.628916	-55.177069	-6.322056	3.377666	13.746152	81.189151	-10.571355	16.185299	5.521564	252.171563	-13.678018	43.696078	-0.359709	321.474265	-23.058637	74.227884	26.748156	232.765800	-28.003865	77.435272	47.509656	185.299875	-12.162984	51.362879	70.042590	81.569849	-0.041403	30.837923	-8.199818	5.655978	-3.143810	7.723723	-2.906575	27.940205	-7.113762	3.655957	3.206246	2.893588	-7.213195	3.596855	-6.122766	-24.506244	-7.642776	3.480919	-3.730996	-8.333753	-6.693983	9.545524	2.993758	30.184293	-5.063085	11.516532	-16.689320	-22.982992	-21.077282	5.019487	-29.351934	-122.754457	-6.784077	-42.045097	-2.504673	153.647614	-0.439530	-8.928432	47.017135	129.348734	-1.493214	10.647713	9.226905	61.797867	-4.006358	11.913322	-5.315164	-1.645000	-9.125404	4.402724	-10.045595	-64.569258	-29.175563	1.888833	-62.486674	-182.285615	-55.621108	-10.241710	-78.142806	-212.441860	-18.218525	-89.448824	-79.257290	-0.802574	-2.652018	-78.986391	17.521475	13.350192	-4.169482	-25.947480	-9.342150	80.496720	-11.996946	28.102893	-19.392697	53.414332	-24.403463	17.395880	-40.945587	41.333929	-41.088460	3.474340	-63.780324	87.108609	-39.854322	7.563335	-19.641878	48.763736	2.565275	-4.764449	-118.624340	51.737319	-4.357324	-54.667007	-23.148635	-52.024217	-0.554686	-32.206968	57.987138	-93.161506	-22.982006	1.116559	24.460006	118.991406	-46.369665	36.280763	-63.304191	248.643167	-23.872782	35.804213	298.615409	581.323153	-9.204809	53.989499
1753.215054	9204.568240	232.043780	236.046831	-1255.759868	2442.958807	88.286278	-175.469485	-364.927553	742.037625	-18.251952	-176.510322	-279.261204	676.635724	-21.988640	-169.308168	38.191072	601.602731	-27.251105	-17.214917	157.737847	221.522374	-62.006519	101.594670	-177.398420	-514.433751	-72.151949	-65.939188	79.420676	1118.804442	-24.193807	69.734079	-56.742459	455.391107	-22.315596	-11.164316	-55.310729	-19.534246	-23.974739	-58.848106	-99.009154	-248.678670	-39.646373	-85.780253	-154.274086	-621.354749	-78.529988	-143.901109	-55.182077	-565.976474	-55.358756	-80.609539	-144.243479	-628.052666	-108.249233	-48.847208	-28.920517	-160.229117	-9.863867	1.750830	8.800537	-44.348362	-14.574148	7.323014	-5.480687	-22.673554	-15.452396	10.755391	-45.197920	-126.130067	-33.582059	5.167137	-66.166526	-243.270915	-51.431400	-11.791277	-38.971095	-259.816366	-30.806422	-9.523957	-13.675303	-258.548497	-27.970246	7.217739	28.419284	-103.432847	-6.749213	18.097588	82.563316	183.689825	5.827680	57.914008	37.293412	65.934351	-2.227503	37.101490	-8.077181	-27.531986	-10.681038	7.103588	-8.710035	-33.406826	-10.546017	8.592763	0.712673	16.486711	0.689690	11.146739	-36.519413	22.547559	-13.582075	4.320811	-187.206036	-1870.690333	-54.029927	-394.765561	188.566837	102.615806	7.750415	36.825525	150.926203	192.132301	3.071223	118.059004	54.693502	140.993866	1.704681	63.593127	13.817709	51.971292	-2.185145	20.058218	4.185657	-19.136861	-29.091124	5.020362	-25.128458	-95.414770	-46.674838	-33.995703	-405.502092	-1884.581813	-35.586433	-597.340234	88.538509	-355.881290	3.103462	-208.222348	95.169350	-81.879710	2.107388	4.729904	78.837384	18.128211	-13.399011	94.306074	67.738208	-78.781516	-23.846191	60.002216	16.608755	10.086141	-59.898889	14.994240	-44.296945	170.515890	-24.160207	1.501071	-35.703798	-464.908751	1.671580	-83.132531	-161.624532	-146.614240	3.045392	-72.539322	1.576352	-157.126189	-0.816862	-112.503199	123.820047	-55.217383	-40.496572	-63.689167	117.224894	218.373037	-26.112639	33.699076	-58.761315	258.415551	11.316320	73.201709	198.366146	1025.100580	125.973604	96.409078
-42.394713	232.043780	73.206573	-14.906142	-43.581438	88.011171	39.547747	-26.836818	-26.551655	100.765702	19.209291	-24.096464	-14.215457	149.228804	5.482112	-10.833957	5.164252	176.406798	-1.640366	12.540180	50.157314	133.609056	-0.742725	25.062517	38.943971	23.674571	0.867478	5.120027	21.563843	140.394102	11.975102	0.564520	-9.657760	14.240080	13.433604	-10.709027	-10.522279	-40.867619	3.435891	-17.054071	-15.793788	-69.761800	-0.850341	-20.362550	-17.504011	-68.751631	-2.023199	-13.873790	-5.622349	-30.637966	-0.693269	6.223095	1.836869	-25.302715	0.594863	-0.888832	-1.395438	-7.231676	-0.344063	-0.201687	-0.524508	-12.003962	-0.928650	-0.665466	-0.864337	-24.693695	-2.013707	-2.850194	-4.151727	-41.406613	-2.418804	-7.918470	-7.115202	-49.004177	-2.176347	-9.504677	-1.833181	-33.518185	-0.399210	-5.691636	-6.843964	-25.854056	-1.817868	-4.466105	-5.580801	-17.954915	-1.548922	-2.429145	-0.180380	-9.847956	-2.001090	-1.486423	2.801783	-1.153606	-1.036720	1.159649	0.244825	-3.141155	-0.781743	0.355075	-0.267664	-4.353235	-0.543382	-0.688901	-0.145364	-6.495483	-0.782833	-0.897474	-2.333936	-10.007024	-2.515960	-0.337872	-19.120018	-112.873645	-2.325431	-17.694576	8.169925	-24.446819	-1.232830	-0.112204	1.544881	-21.311844	-0.216421	5.191213	-0.900454	-9.215658	-0.307180	2.015288	-0.542765	-3.011472	-0.144626	0.925248	-0.457786	0.107200	0.878045	0.237160	8.665092	22.625330	3.998034	-1.748627	-7.047876	-120.767893	-0.309431	-24.767438	19.955609	-25.332380	-0.758780	8.911981	-2.398995	-12.642225	-0.742517	10.449194	-7.973192	-2.784678	-1.098465	0.163382	-4.901059	9.461852	1.860810	-0.337253	3.084455	23.044102	9.214089	0.459178	30.317557	35.383171	16.831070	2.338609	1.676861	-57.303353	0.396278	-2.984543	11.537464	-26.610710	-0.274104	8.340635	5.498784	9.329287	-1.057196	6.567526	-14.500677	30.896289	-2.050365	-4.345386	-14.921617	15.029916	7.198725	-8.864338	-1.650487	-6.950405	12.679292	-5.231217	-11.722376	-10.871734	25.191761	3.885521
191.605448	236.046831	-14.906142	90.806416	-36.651461	-4.327139	-19.719464	30.129461	-10.684296	-166.712422	-12.569811	12.194104	-4.827823	-241.484580	-3.992626	-0.466624	-19.201668	-265.028816	-1.557244	-15.686174	-46.594213	-239.693993	-4.709698	-20.483107	-96.985264	-182.155643	-6.290985	-18.341686	9.736584	-35.736990	-7.601723	24.512321	16.811135	73.836341	-7.128075	25.785649	11.006590	102.619154	-2.451311	29.735353	21.659249	89.367708	-0.231994	25.304062	14.626882	6.264397	-0.450727	11.935176	9.466102	-40.565989	-0.577488	-0.853936	-19.050709	-71.468021	-7.206093	-6.709310	-0.070132	-5.633118	-0.093004	0.476762	2.765086	20.318939	0.981165	3.580483	1.457421	59.536106	3.588764	9.356135	5.888515	77.897858	3.223850	18.317550	10.047389	61.108250	0.621602	18.526315	5.176090	40.762184	0.249678	11.454558	7.754867	5.792032	-0.474402	4.289646	-2.918036	8.982853	1.552612	0.130683	-1.604586	12.761864	3.493513	1.977115	-2.261771	8.782180	2.619500	-0.374979	-0.646924	3.788018	0.617813	0.392847	0.069928	7.594907	0.022360	3.024732	0.900763	19.316801	2.364183	3.747209	0.264572	23.729128	4.391614	1.282765	-19.529980	-42.930454	-1.328242	-11.220444	-14.722306	-8.955138	-0.128454	-13.058544	-1.554194	11.771231	0.354439	-5.436955	1.548988	16.847304	1.170641	-0.451390	1.819259	14.311667	2.226137	-0.083221	1.830118	13.269715	2.999295	0.001436	1.663635	5.625858	4.217762	0.122013	4.026559	16.069637	0.236526	-4.195662	-30.646607	8.843241	0.160763	-18.557761	-14.260054	0.834485	1.324001	-18.159752	-1.883314	2.213166	2.414226	-0.848286	4.132868	5.043987	2.869847	0.831534	-2.332524	10.728354	0.909181	-0.836942	-6.090788	20.929255	2.740528	0.972660	40.372003	55.063902	-0.258503	20.547007	-7.817147	46.585700	0.981941	9.877505	-27.232908	23.312711	1.381297	-9.496440	4.839647	-20.585720	1.898556	-12.554239	0.862729	-18.538485	0.924630	0.445947	-2.862806	-20.455735	6.967921	2.618922	-18.063273	0.846225	1.045409	3.222308
-139.629120	-1255.759868	-43.581438	-36.651461	553.446561	-549.357237	-7.794770	79.832648	191.860116	-344.255194	-3.775714	80.868377	50.201921	-454.133312	-12.333560	31.414212	-65.252688	-502.949294	-17.136282	-29.706539	-120.087128	-379.070691	-8.394981	-46.747986	-106.539817	-148.883598	-6.033909	-15.474768	-12.212471	-186.101235	-5.050171	-10.752929	66.012397	-52.318425	-9.354823	33.393249	55.738573	135.551868	-8.228174	67.968826	41.953112	225.209558	-7.511598	94.845966	65.015657	279.325949	-5.261023	87.179721	37.892384	202.501415	-2.691606	32.742421	51.027868	152.832142	2.543601	18.079761	-6.364448	-36.801813	-1.677074	-0.568259	1.096887	-14.211510	-1.556613	0.024382	4.445213	40.212830	0.557632	8.797381	17.864224	133.450878	5.317024	38.508746	35.807837	210.350629	7.969842	46.073470	34.808071	190.475836	5.502555	33.274049	67.251145	205.565662	12.130380	16.389411	-2.326179	8.490834	4.052876	-9.271297	-11.100798	-20.404936	4.837665	-13.345732	-9.486010	-6.481717	1.972088	-5.924129	3.229883	14.405613	3.606584	-0.652327	2.838552	22.485896	2.808334	1.125806	2.067999	19.278290	-1.728268	1.113296	-5.680559	-3.727581	-7.733120	0.042821	45.606370	257.311739	3.941755	44.063633	-40.467610	4.983940	2.546112	-14.448248	-48.643611	-47.433291	-0.983052	-27.205803	-17.936164	-32.654654	-1.485477	-11.567159	-4.944000	-16.826020	-2.994157	-2.909515	-7.360152	-18.669788	-6.488252	-0.314510	-26.747793	-26.425870	-13.598136	0.020798	42.521123	329.642911	1.697080	58.692680	-24.103325	112.852408	-0.095784	42.425410	-46.170942	37.759536	-1.946073	2.956518	-27.148288	-29.059460	-1.090209	-12.900153	-8.117719	-54.694514	-1.848319	-5.968222	-9.771997	-78.803765	-5.190815	0.306352	-74.490738	-116.160855	-10.207453	-6.542916	46.220987	142.448843	-1.738659	4.238911	20.108782	120.770787	-2.657183	-5.150123	-8.245670	132.805582	-4.084356	7.238575	20.923908	91.819848	0.911522	29.374586	29.820672	71.155431	1.111320	32.798986	0.733427	147.392242	-13.628364	2.583761	-57.691722	118.966925	-39.139824	-17.004781
182.123152	2442.958807	88.011171	-4.327139	-549.357237	1913.864712	34.401763	-71.434597	-257.294909	1365.195120	-9.515223	-40.369651	-65.807884	1280.179099	-12.793845	37.365666	59.003797	1079.697060	-9.413780	118.820112	116.810454	611.967029	-13.625850	115.005557	-101.832432	14.050675	-28.739779	-5.476084	-220.168442	-326.116497	-28.392419	-39.091809	-103.490627	-399.370792	-34.517394	-77.076768	-102.638967	-592.196650	-40.657371	-95.919279	-96.422739	-582.569518	-27.363596	-88.625860	-85.375344	-471.547938	-18.796875	-58.351338	-65.308876	-291.024238	-20.634829	-17.389289	-152.006470	-337.739364	-67.241058	-26.400654	-37.540988	-202.725897	-8.458117	-2.142983	-7.794063	-174.386392	-11.955466	-10.725342	-10.268859	-264.992827	-11.699078	-29.978991	-42.325513	-386.826476	-13.901137	-67.081820	-67.501816	-396.045833	-29.552633	-66.546451	-29.266758	-320.435285	-24.500231	-46.588454	-83.439436	-303.880130	-36.387820	-24.945672	65.349632	140.269090	-0.399366	29.553169	33.028795	57.652772	0.569900	27.280419	11.747758	9.142238	1.923251	8.184722	-5.600254	-24.236358	-5.216479	-0.892126	-4.757968	-26.611226	-5.200975	-7.609998	-2.025148	-35.782486	1.619376	-8.819863	-38.155569	-16.900878	-6.266774	-2.399481	32.616237	-118.629243	-2.723668	16.642037	39.872826	39.997865	-0.853499	65.216058	42.332543	68.185631	2.747243	41.081939	26.484047	44.086897	4.635643	13.663661	6.408568	17.509492	4.852344	1.161464	-1.904995	-7.892525	-6.513958	-0.782503	-49.883022	-49.867212	-27.983004	-2.208841	-22.244363	-162.264330	5.208445	-24.102943	-10.831373	41.001029	3.333710	16.780681	40.922801	99.855449	5.417359	14.535990	28.837765	148.340149	0.239148	31.725362	26.114803	111.381891	-14.966039	15.868890	18.062485	82.446832	-40.421986	5.528670	45.878134	137.014866	-10.599351	15.314433	39.044449	-28.484062	0.351489	13.823499	-81.454583	-16.086357	5.511720	-19.098734	30.636083	-27.057876	7.000655	-31.948858	6.979125	19.898897	-21.206335	-11.808766	-43.018770	119.607833	-49.850275	14.561680	-72.573745	221.074915	-18.758027	20.789458	290.880731	570.486581	74.953058	44.772506
-99.423569	88.286278	39.547747	-19.719464	-7.794770	34.401763	56.983562	-28.762574	-8.884517	93.545496	32.424104	-26.612735	-14.034574	163.045970	7.771660	-10.272713	18.315072	188.135260	2.903100	13.498600	45.816347	161.462035	3.977649	19.706205	57.782847	83.733043	2.143079	9.304581	16.001984	126.301501	11.114761	-2.830707	-8.198673	3.520593	14.124324	-11.301278	-8.334566	-59.990143	5.871900	-18.561119	-11.488008	-86.591404	0.160589	-23.002755	-10.973605	-75.188295	1.246881	-16.729872	-8.855312	-42.025138	1.533090	2.592811	6.056108	-23.726116	2.025683	-0.058162	-0.736669	-1.912865	-0.215674	-0.256954	-0.698127	-9.310536	-0.620681	-0.906040	-0.995130	-22.403008	-1.496960	-2.842726	-3.336792	-35.742423	-1.949385	-7.335966	-5.949216	-40.163866	-0.793742	-9.604698	-5.084522	-34.042316	-0.452051	-6.976685	-10.468729	-24.997380	0.173660	-4.460238	-6.954136	-25.181115	-0.452062	-2.639885	-1.476011	-10.523747	-0.841153	-3.455005	-2.047572	-7.579210	-0.936100	-1.805118	-1.032360	-4.267345	-0.711158	-0.427790	-0.410298	-4.343987	-0.513951	-0.656445	-0.341900	-6.629952	-0.656824	-0.825096	-0.701839	-8.557376	-1.520693	-0.311579	-17.289428	-72.436940	0.364042	-8.697573	4.869054	-16.101178	-0.332953	5.133382	-7.302489	-25.275508	-0.199125	0.502687	-4.041726	-16.277478	-0.285798	-3.647554	-1.195240	-8.282108	-0.636652	-1.706328	-0.920278	-4.955283	0.448457	-0.427915	3.041815	5.687334	3.623471	-0.317011	-21.970461	-71.350413	1.163014	-7.149497	17.258006	-20.864240	-0.692752	15.835464	-5.006810	-14.891890	-0.680192	12.032752	-8.934682	-21.479122	-1.362794	-2.992783	-4.480527	-23.600675	-0.309232	-4.978507	-2.991469	-9.294403	4.570974	-2.755025	5.476707	3.449338	7.593327	0.262907	-7.000326	-36.805297	0.962420	-0.183521	16.512824	0.931748	-0.238644	10.405143	15.605916	33.838855	-1.469258	11.382913	-12.609193	61.361478	-2.088282	1.908729	-14.257029	54.636912	4.778645	-7.624313	-5.381314	34.990446	6.701374	-9.511924	-14.298439	34.918014	21.049479	-5.436062
84.116085	-175.469485	-26.836818	30.129461	79.832648	-71.434597	-28.762574	78.935626	37.405719	-157.600874	-19.535333	56.332736	5.308647	-250.006986	-8.651242	15.226032	-26.117161	-318.488637	-5.363936	-13.994384	-59.006707	-293.711235	-5.299219	-29.950868	-113.383830	-185.408673	-8.346385	-22.314853	-18.940093	-132.237816	-8.758040	3.775831	16.503477	-19.474109	-10.873162	22.695881	14.801780	70.706632	-5.480333	39.070917	32.643028	116.574724	2.168483	49.881941	37.142999	89.275863	5.758364	36.980315	10.277787	0.784669	0.396434	1.033827	-17.091700	-46.176009	-7.056317	-8.173088	-1.948825	-13.821265	0.592568	-0.083856	0.607704	7.661220	3.316305	0.438264	1.220888	38.626596	8.714786	4.881742	10.768073	71.393717	11.258739	17.496605	16.282925	92.049303	6.935770	21.328766	12.968901	66.733945	1.181989	12.907167	14.030911	28.980157	0.648468	2.312055	-1.991050	39.498749	5.858874	-2.234257	-3.881275	24.190251	9.728326	-1.572519	-2.122099	17.662731	6.920555	-0.778531	1.706120	11.309245	3.313319	0.090662	1.379047	9.814361	0.859990	1.088703	0.653232	11.099864	-0.337357	1.291568	-1.231778	-0.617180	-2.247414	0.354395	3.420006	131.147649	2.124377	21.710883	-19.453343	29.331361	1.617665	-0.571603	-9.117481	9.742107	-0.240350	-3.820116	-2.381156	2.827586	-0.408449	-0.917963	0.182609	1.148058	0.750379	0.124582	-1.369777	6.578970	1.574054	0.132856	-1.866254	18.972322	1.085006	2.973649	-2.802407	97.992208	-0.509211	26.560318	-19.061456	46.935736	0.920154	14.637806	-11.074713	18.174305	-0.230589	2.872535	-0.663970	17.335417	2.053634	2.508405	3.971501	19.284420	4.645199	2.424487	-1.516597	9.133129	6.659515	2.180686	20.756181	21.324839	17.751756	3.296681	-4.256706	-0.857751	-0.755592	5.771337	-6.265179	-9.535524	-1.041953	-0.762199	-10.941274	-2.170247	-0.200667	-2.775415	10.090539	-26.049871	4.480645	3.068875	13.782337	-33.577175	5.111905	14.592438	7.080531	-10.706039	5.785028	9.668161	0.706255	-6.841537	-4.974420	3.437437
-54.169981	-364.927553	-26.551655	-10.684296	191.860116	-257.294909	-8.884517	37.405719	251.724120	-284.197875	4.398048	85.000612	79.076385	-325.611735	-4.313149	30.785190	-51.379350	-365.297047	-9.373698	-34.400832	-77.815056	-305.810531	-6.696789	-31.634368	-107.673067	-200.265245	-5.560486	-16.540588	5.309304	-5.243180	3.442142	-6.808899	31.407701	33.581330	0.892966	15.207424	37.515806	124.366963	0.727692	38.888320	39.113397	211.687286	-1.228441	60.856679	50.960325	256.115031	-0.298677	60.955161	44.697997	191.364857	2.948944	28.324921	45.656806	132.741131	4.450333	26.568964	-1.694104	-1.274374	0.197747	-0.644194	0.132218	-0.992677	0.715835	-0.890406	3.973542	24.217521	1.840026	2.268481	14.246156	79.703592	5.673705	15.455078	21.420331	146.042928	10.056847	24.545881	17.209986	140.491288	6.937189	19.646030	53.158677	148.922052	11.267157	20.201716	-9.125307	-29.046615	1.448607	-6.627613	-8.134522	-11.022237	2.892754	-8.890521	-1.482901	0.591931	1.422307	-2.111290	3.803394	14.499636	3.451522	0.340143	1.979962	13.825506	3.337999	1.080640	0.250258	13.463959	1.089346	1.165444	0.416642	19.613363	2.219454	0.376418	43.915847	76.086048	3.796144	4.566500	-7.715086	-14.265943	1.202445	-19.554601	-13.201207	-32.744208	0.101193	-18.400526	-4.020798	-19.365322	0.335049	-8.156807	-1.205377	-6.514779	-0.876022	-1.542081	-3.684744	-4.983311	-2.021318	0.135727	-16.464597	-10.462394	-1.718412	-4.825176	48.793406	125.057478	0.718040	21.403239	12.491673	44.965289	1.721846	11.550649	4.616999	-8.809005	0.292149	-6.769321	6.088576	-67.833567	-0.574680	-9.246434	0.704479	-80.080173	0.465805	-6.836763	-5.631444	-58.647098	-0.693984	-3.196292	-59.271609	-49.565037	-4.796015	-9.599101	27.792362	6.684964	1.090811	1.441897	35.696456	70.445402	0.720115	0.544422	23.970916	91.016550	0.291322	2.890035	41.584000	88.722085	8.064785	19.583640	27.797264	74.086442	13.901905	7.116356	12.088805	26.104307	-8.296752	4.283809	-95.505657	-5.343514	-28.470175	-18.268946
-830.574913	742.037625	100.765702	-166.712422	-344.255194	1365.195120	93.545496	-157.600874	-284.197875	2043.857691	36.666721	-126.621392	-48.465600	2250.455137	0.051044	42.676104	184.707999	2097.546994	14.050380	206.873211	309.498036	1489.839730	22.840263	180.733201	240.630873	714.313987	19.285267	98.946806	-279.388757	-430.139207	-11.960805	-81.597650	-168.545442	-736.065540	-16.455438	-150.539258	-152.367562	-1035.062536	-34.279434	-206.876597	-147.244549	-1018.726065	-21.088657	-220.902023	-134.222371	-636.714199	7.357444	-163.486704	-95.996764	-255.113458	8.151048	-39.431560	-52.531535	-28.532393	5.196737	-3.121169	-38.153795	-185.230307	-9.690226	-2.970045	-15.046770	-229.627165	-17.560555	-17.870783	-12.698478	-430.437993	-25.970407	-56.043775	-44.680280	-592.266845	-14.569746	-129.601955	-93.308421	-591.126367	-8.030054	-137.656242	-72.371805	-473.140119	-6.564157	-90.980095	-124.770722	-321.793298	-21.934817	-46.681017	21.902922	-5.954796	-9.477697	17.564521	18.846186	-31.070973	-16.260937	13.642238	5.395421	-32.345292	-8.117393	1.313251	-4.076597	-24.122548	-4.559265	-3.655169	-3.585953	-40.248587	-1.128516	-13.255877	-4.098061	-82.464621	-1.801466	-15.949948	-43.455452	-73.230186	-16.000578	-5.453817	31.561948	113.216868	2.644963	65.893864	18.523022	-38.500166	-4.802138	57.653002	4.311024	-9.037059	1.509019	20.014120	11.888999	-1.862748	2.817652	2.282329	3.690618	1.663355	4.262234	-2.612043	-2.159068	6.475901	-2.811542	-2.219553	-29.357519	15.618847	-24.229764	8.833457	102.562636	145.436769	13.589161	86.090262	41.525695	61.638962	0.291902	61.007089	3.696055	107.645679	3.068307	0.611539	-7.297664	137.197537	1.478973	-3.717460	8.978348	108.265434	-9.537073	-1.675363	40.422287	99.084659	-24.331606	0.228169	154.057315	132.944843	-9.536670	6.568547	45.390075	53.032434	-2.267281	25.696197	32.621500	86.811972	3.511804	33.371259	8.896704	139.248704	-0.944610	5.367194	-93.510701	198.631682	-27.880712	-16.782035	-100.106536	175.821653	-34.241210	-31.089001	-26.394684	164.619651	-6.041090	-21.416412	304.153400	205.780540	75.029623	-3.268064
-105.939391	-18.251952	19.209291	-12.569811	-3.775714	-9.515223	32.424104	-19.535333	4.398048	36.666721	38.397606	-24.162152	-6.595973	100.874070	14.687953	-12.021806	14.059344	139.807077	6.693548	3.261649	45.702640	128.898835	7.298044	9.752143	53.564932	49.337106	4.121590	6.117486	15.169456	104.272425	10.262500	-1.681723	-4.757142	17.054466	12.470625	-7.937902	-4.096400	-31.200411	7.443535	-13.485005	-6.785344	-59.752088	2.320487	-17.877278	-7.941239	-55.506312	2.918859	-15.764648	-9.366814	-38.797244	3.351819	-3.582005	-2.063341	-33.789965	1.454655	-3.478842	1.082966	7.342639	0.392886	-0.150123	-0.491864	-1.304085	0.266001	-0.595150	-0.678669	-11.998600	-0.474515	-1.890779	-2.330644	-21.812736	-1.178996	-4.889645	-4.527301	-26.410426	-0.286451	-6.851076	-4.749026	-26.509575	-0.175739	-5.630901	-9.548120	-24.438554	0.103111	-3.473195	-6.932041	-23.094219	-0.418535	-2.625464	-1.555155	-9.542382	-0.626854	-2.841071	-1.512843	-5.297862	-0.649682	-1.248093	-0.683320	-2.357256	-0.487084	-0.292611	-0.209839	-1.260416	-0.181345	-0.442729	-0.089587	-1.560424	0.504195	-0.537049	1.826567	2.818974	2.151320	-0.208282	-15.626435	-44.904399	0.656215	-9.541853	4.769504	-17.221800	-0.265258	-1.135976	-4.655490	-16.948841	0.089141	-1.485962	-2.113195	-8.801095	0.365247	-3.169542	-0.311514	-0.856735	0.311273	-1.205753	0.460657	2.644347	2.273353	-0.284216	0.386046	5.301469	4.952114	0.873980	-0.371616	-45.453190	0.638349	-7.753712	15.521460	-11.742865	-0.300187	3.983806	-4.781121	-5.569262	0.151588	3.816958	-3.155599	-10.756511	0.304976	-3.163827	0.533973	-9.290083	0.950710	-3.680135	-3.527645	1.483849	3.789466	-2.332969	-7.904328	13.355885	1.523787	2.675372	19.264967	-12.165420	1.292578	4.679384	7.979582	11.543445	0.457140	7.029408	4.191602	27.665993	0.168598	2.729949	-6.171286	31.854044	2.020617	-0.350971	-9.195258	19.702482	6.356031	-6.969794	-4.621665	4.525842	4.528733	-7.613253	-20.757912	6.668243	13.589215	-3.806097
34.193918	-176.510322	-24.096464	12.194104	80.868377	-40.369651	-26.612735	56.332736	85.000612	-126.621392	-24.162152	94.029666	37.551689	-230.538519	-11.472245	52.666583	-34.295008	-333.282332	-9.706748	0.977694	-87.080701	-332.042111	-7.715704	-23.017064	-147.651455	-225.235661	-9.922138	-23.733684	-34.405143	-149.393155	-9.287646	-4.096326	7.747072	-49.319836	-11.703656	12.615188	8.947162	37.661186	-6.901967	38.209166	24.989549	112.414964	-1.128410	59.322697	33.277249	123.230891	1.730498	59.124643	15.577272	57.139433	-0.350488	18.257398	-8.937078	-0.383595	-6.802974	6.452384	-3.320447	-20.653686	0.363424	-0.368201	-0.182644	-5.013288	2.837806	-0.641497	1.471779	14.181024	7.945469	1.156713	11.058575	40.706554	10.636924	9.977694	14.789871	76.404953	8.017428	16.684551	12.014234	71.829072	3.422746	13.635552	19.550835	51.236039	1.685719	6.151575	-4.714177	25.195277	5.061322	-3.031600	-2.266353	17.960549	8.676340	-2.602517	3.222158	19.401419	6.625191	1.223766	4.065254	15.541415	4.280966	0.571757	2.020859	10.112010	1.998363	0.143032	0.552946	6.060054	-0.641697	0.220309	-2.194932	-3.126398	-3.085925	0.045650	12.710519	127.105601	3.503090	24.240987	-18.740035	12.195306	1.213721	-2.056828	-6.571488	-3.997280	-0.185856	-5.387888	-1.797524	-2.989955	-0.494093	0.400933	-0.971858	-2.389422	-0.738105	1.233114	-2.810472	-2.078161	-1.567679	0.606818	-6.944892	11.220041	-2.660943	0.301972	17.262614	131.284446	-0.146139	39.934549	-21.288345	51.214388	1.260771	24.644998	-8.524400	11.515407	-0.466362	3.736899	-0.666770	-4.623903	0.229849	2.485799	1.454027	-0.447886	2.081640	3.356306	-1.852315	7.515197	5.885660	3.483319	4.605577	26.216197	16.611557	0.321144	-8.810152	-15.026888	-1.549781	2.633581	6.105501	-6.888384	-1.012642	3.004444	-6.111932	2.476367	-0.878635	5.517092	12.068411	-3.919392	3.359440	9.165987	14.449012	-16.935616	6.055758	12.954452	6.492694	-22.180110	4.368499	10.052995	-20.762498	-41.906412	-0.601251	0.418945
-79.868079	-279.261204	-14.215457	-4.827823	50.201921	-65.807884	-14.034574	5.308647	79.076385	-48.465600	-6.595973	37.551689	201.473138	-198.605716	1.899376	83.871668	75.682207	-315.985661	5.172603	36.119517	-29.931907	-340.492154	-0.273035	-18.605939	-150.946654	-288.289947	-11.562926	-27.737144	15.620427	-20.462389	2.396124	-2.321893	3.301176	6.868159	5.451771	-2.847438	12.541307	35.439013	2.891767	8.419080	36.406545	85.039471	4.164850	30.432156	45.819473	166.200754	12.570553	54.770531	46.995968	132.038398	5.965552	41.455266	15.447101	58.938127	-3.840310	24.458901	6.558512	23.226021	1.449404	-0.208258	-3.251954	4.092514	1.105094	-1.760025	0.777933	-8.099508	-1.563581	-2.954700	5.175505	3.631688	1.095447	-1.280127	6.885525	47.175556	3.928986	10.422240	14.291261	81.731551	4.008447	12.787578	27.462854	92.642712	5.945761	11.382711	-18.171201	-55.244774	-0.463121	-6.161926	-9.548782	-16.653479	-3.431124	-6.225984	-0.141065	-2.499025	-1.480337	-0.476973	3.600838	1.643942	0.107871	0.620506	4.465651	-0.150635	0.654490	0.682776	-2.025716	-0.337918	-0.329576	-0.274101	0.543999	7.181172	2.425429	-0.241028	5.856466	16.790764	6.441460	-0.822252	7.395970	-19.703472	-1.618187	-11.317218	-1.598072	-33.739154	-0.140201	-9.686222	-0.597965	-17.604310	-0.406758	-2.273523	3.691512	-3.300762	-0.015971	0.685329	-1.355656	2.071728	3.934365	0.503167	4.600241	10.993362	4.095904	0.044434	48.483332	99.818221	1.433887	27.659403	20.884886	38.880267	0.232691	23.117266	6.681877	14.492745	-0.664323	-1.532924	-1.178385	-4.904052	0.714040	-7.852864	5.405104	-11.852324	5.065925	-2.092573	-2.161711	-6.224037	8.471599	-1.215056	-25.346838	0.663281	11.415993	-0.850516	14.593969	14.750328	0.878808	8.857027	13.541162	6.236789	-0.219319	10.696775	3.555286	41.121974	-0.425264	6.444083	2.338223	32.569936	6.490421	6.000951	6.040359	-8.545777	8.230100	4.462001	14.574272	-41.504757	5.850560	-3.862025	-42.860367	-84.730105	-18.305124	-15.310871
-1171.839872	676.635724	149.228804	-241.484580	-454.133312	1280.179099	163.045970	-250.006986	-325.611735	2250.455137	100.874070	-230.538519	-198.605716	2984.984422	24.741516	-88.439508	183.511780	3150.893167	30.380336	170.239935	520.968190	2449.455103	45.862621	241.026086	649.942649	1332.900834	46.025346	175.281092	-235.946098	-124.628784	14.504847	-97.521952	-200.365114	-688.755536	15.024526	-191.374531	-180.595692	-1138.343137	-5.809413	-292.092552	-219.510757	-1232.591604	-10.353400	-353.708781	-223.660915	-835.538049	2.317118	-288.916892	-146.472601	-286.381796	14.579446	-83.651063	33.769214	81.472298	31.793859	-10.387092	-23.040264	-106.176487	-6.594390	-3.028565	-16.147305	-209.630812	-15.547336	-19.196349	-15.525093	-470.489629	-29.568101	-65.972599	-57.040675	-709.191484	-23.666331	-164.475115	-121.560193	-773.883016	-11.400846	-192.922271	-109.729563	-633.493551	-6.559615	-133.490048	-168.566234	-419.226926	-24.363605	-68.632334	19.574686	-64.882372	-17.596792	18.558041	17.120335	-75.443118	-24.966040	12.521719	5.711563	-54.982535	-15.293101	0.056141	-5.655549	-36.324732	-7.719868	-4.177785	-4.357001	-52.063194	-1.722734	-16.919548	-5.784712	-101.234818	-0.716314	-20.506027	-25.868566	-64.724669	-4.093967	-6.935501	-8.912615	-87.385691	-7.689455	21.605800	28.208738	-89.612820	-4.623362	39.768507	2.569312	-17.482734	1.797768	24.007830	16.243072	-11.907038	3.489105	0.512494	6.337565	2.404280	5.481581	-4.279016	5.219035	24.129902	5.306172	-2.476935	1.016062	34.115118	-0.838990	8.645261	90.565882	-15.367920	11.726593	26.319506	77.087707	-35.028550	-0.807948	7.237933	5.181983	56.131296	3.547313	-7.377882	9.699416	112.370304	3.784360	-17.106717	1.983063	131.761283	-3.832268	-13.135823	49.826291	130.308329	-13.810558	-3.319817	176.003907	116.043837	-33.723250	10.215749	93.844061	112.827459	-2.723245	25.849686	49.393502	177.826374	4.841588	34.902710	8.389716	208.634038	0.092069	-6.364678	-120.178342	267.476484	-17.998576	-38.925227	-113.607088	197.716933	-17.083724	-77.876604	-23.327878	157.150556	-16.005604	-35.662858	311.100140	249.358620	76.851224	-4.459930
-47.245249	-21.988640	5.482112	-3.992626	-12.333560	-12.793845	7.771660	-8.651242	-4.313149	0.051044	14.687953	-11.472245	1.899376	24.741516	15.383164	-8.287496	8.508553	59.094721	8.157819	-4.056015	23.953761	68.087891	5.517785	-2.352747	41.045523	37.687334	4.460850	-1.539233	14.198842	54.716703	5.246225	0.232443	-1.743560	23.972017	7.118792	-3.103611	-1.678989	7.642704	5.255848	-5.615002	-2.097172	-12.558891	4.250771	-8.121019	-3.160153	-19.431030	2.771490	-9.211776	-5.848719	-19.812028	1.252343	-6.434170	-5.967942	-17.340594	-0.774244	-4.750982	2.565968	13.267008	0.961203	0.097878	-0.261184	5.063399	1.190211	-0.154922	-0.343869	-2.465948	0.486776	-0.877597	-1.236066	-9.985089	-0.481642	-2.217404	-2.270820	-14.864875	-0.865980	-3.030067	-3.104691	-15.516463	-0.824891	-2.485500	-5.734011	-15.623647	-1.332170	-1.660754	-4.873241	-14.415714	-0.844983	-1.721566	-1.849775	-7.206964	-0.542574	-1.706100	-0.891542	-2.667252	-0.306222	-0.664725	-0.292171	-1.241677	-0.237405	-0.155799	-0.084742	-0.747414	-0.092538	-0.227819	-0.055396	-0.762682	0.374255	-0.228115	4.131425	4.164004	2.768563	-0.099645	-12.336505	-20.010920	-0.727722	-3.139211	-1.081584	-8.280398	-0.331570	-1.664763	-2.453928	-8.203639	0.034371	-1.035252	-0.844455	-5.944894	0.144453	-1.675932	-0.165674	-0.408234	0.389171	-0.580791	1.112405	2.342007	2.459632	-0.132346	4.357436	5.180200	4.369450	0.830923	-1.802647	-20.312015	0.017034	-1.422705	6.946170	-2.308693	-0.139909	1.526959	-0.609754	-1.542157	0.036073	2.528152	-1.285191	-2.178825	0.560137	-2.094176	0.436895	0.865034	2.169411	-1.785576	-0.878359	2.556976	4.537128	-1.223294	-3.194702	-1.017311	0.679926	2.220349	6.257390	-13.679482	0.681402	3.505489	2.686286	0.834181	0.190202	4.874333	2.512323	10.048142	0.074962	1.918755	-2.395727	12.315737	2.272271	-0.296902	-3.162196	-0.039239	5.307629	-3.677991	-2.417037	-5.774843	2.359857	-3.301361	-12.831385	-3.891650	1.513950	-0.175427
-51.599241	-169.308168	-10.833957	-0.466624	31.414212	37.365666	-10.272713	15.226032	30.785190	42.676104	-12.021806	52.666583	83.871668	-88.439508	-8.287496	94.375369	20.447500	-227.865281	-3.872903	58.789277	-55.507329	-277.960009	-3.621938	-1.776672	-152.042974	-247.448115	-9.629681	-21.826702	-39.565288	-144.977832	-7.670675	-6.026418	-8.420351	-83.420225	-8.472223	-3.082907	-6.580168	-53.736719	-6.546887	11.900430	9.466078	-0.127857	-2.175497	37.165914	25.051265	59.469025	6.028386	54.983206	21.607196	26.296399	3.023045	29.059520	-18.032742	-38.504752	-5.646556	5.594603	-3.592308	-19.590818	-0.245212	-0.401298	-1.138516	-12.395325	1.157510	-1.384578	-0.241110	-14.746961	4.060624	-2.899556	3.670713	-9.522066	5.908768	-2.980855	4.323664	18.540289	5.079840	4.186542	8.357451	27.852072	3.333701	6.175707	5.186688	14.166838	1.134826	1.385417	-8.322170	2.075612	2.544221	-3.117636	0.035492	9.893968	4.268618	-0.893204	3.862752	13.283109	4.096541	2.270437	2.250414	7.721913	2.312941	0.499920	1.147250	-0.053069	0.697581	-0.294926	-0.006481	-5.062647	-1.192391	-0.610875	-4.665195	-11.751875	-4.361310	-0.322728	-2.398351	86.706610	6.362725	23.173588	-7.856609	-12.095218	-0.378772	3.996458	0.609471	-19.569906	-0.198000	-2.197007	-1.324824	-10.472829	-0.627165	1.602986	-0.979913	-3.543868	-1.037319	1.496046	-2.423323	-0.992922	-0.764194	0.546038	-6.097025	18.051259	-2.993906	1.785879	13.848020	109.677083	3.103838	46.356091	-11.794700	27.703644	0.538817	32.450840	-4.643571	6.122363	-0.629552	4.994007	-6.335242	5.159306	-0.706801	1.063194	0.362655	3.604503	1.241629	1.935699	-0.510749	18.996212	7.907722	2.019352	13.702327	66.603195	20.477342	1.752962	-3.454539	-10.436661	-0.763998	9.585363	8.311096	-16.059982	-1.000990	14.303412	-8.520477	9.508357	-0.989845	9.551371	-9.646675	8.156731	-0.049067	3.163107	-3.979136	-8.994132	3.926999	3.311995	6.928154	-37.470714	13.718617	-0.921514	-1.871189	-86.712115	12.988975	-3.488474
-107.009814	38.191072	5.164252	-19.201668	-65.252688	59.003797	18.315072	-26.117161	-51.379350	184.707999	14.059344	-34.295008	75.682207	183.511780	8.508553	20.447500	266.092495	-36.616782	26.675638	90.064486	108.935515	-248.843335	12.628518	9.910927	-125.411388	-228.132800	-13.564618	-20.956703	21.563317	102.495215	9.156473	-3.300855	-17.558898	-1.154229	12.544052	-20.525697	-13.741714	-55.021860	6.904966	-33.011855	8.000657	-63.679990	10.172505	-31.017688	44.833997	3.117032	23.510871	-6.609697	23.925307	-6.286386	12.153615	14.025458	-4.125514	-41.250928	-2.855942	-2.238764	7.774744	34.748933	2.368197	0.077485	-1.704510	-0.236236	1.639610	-1.546721	-1.573123	-40.062175	-1.211877	-7.558926	-4.375334	-59.837931	1.218664	-18.396007	-7.388354	-49.922666	3.285573	-17.637212	-2.568753	-25.042326	1.174485	-9.081910	-11.005966	-4.628650	1.763975	-4.010665	-12.802905	-38.056893	-2.214708	1.871602	-5.938036	-9.976920	-4.194072	2.545179	-1.203192	-3.359518	-1.948784	0.814755	-1.044843	-4.877831	-1.280968	-0.697469	0.668851	-9.057473	-0.428566	-2.455607	0.091273	-13.433353	-0.377825	-2.574422	2.727402	-1.903633	1.755262	-0.790341	-2.699484	-45.081409	-0.157434	-10.737172	5.284449	8.006043	-3.021948	11.038211	1.247287	-3.844741	-0.267521	8.365233	1.255806	0.254541	0.115469	2.477904	2.132550	15.858817	2.113593	0.458073	5.170674	34.027708	10.295632	-0.129898	35.863661	69.919823	19.636294	5.646505	37.350486	1.602433	-0.470951	10.899650	40.351115	4.082180	-1.825002	18.381153	10.785626	21.269792	-0.841643	3.376231	3.513134	36.193099	2.937405	-1.779134	13.300239	55.261143	9.249809	-0.849877	16.839114	59.075610	17.560900	-0.939931	51.174647	60.121873	31.020821	8.429086	1.779966	-33.267837	-2.063203	11.913750	19.630450	-49.528316	-0.307742	6.241473	20.641625	-10.192427	-2.207299	0.837697	-8.223378	-19.908942	4.570560	-0.893798	-11.955643	-77.598019	14.804802	-8.560721	25.231580	-108.465810	13.758736	-8.978496	-4.546057	-122.849979	4.853100	-7.336303
-1290.825676	601.602731	176.406798	-265.028816	-502.949294	1079.697060	188.135260	-318.488637	-365.297047	2097.546994	139.807077	-333.282332	-315.985661	3150.893167	59.094721	-227.865281	-36.616782	4121.275418	36.997936	-13.709815	664.516660	3752.316291	65.227988	253.246649	1201.345729	2202.603213	84.298828	261.356916	-150.853754	130.709244	35.845863	-91.817992	-190.851238	-538.886708	40.619865	-192.660730	-168.911063	-1055.644732	17.013476	-317.957134	-268.258253	-1247.632533	-2.619141	-432.581461	-345.655387	-898.255440	-16.282670	-419.556115	-194.384525	-204.690755	7.767662	-135.278250	130.273410	348.219276	52.539292	15.466058	-7.870286	-33.665175	-2.850599	-2.485596	-12.931691	-161.904829	-11.599571	-16.505365	-16.748710	-424.758278	-29.057599	-61.164140	-69.483542	-695.623193	-33.390771	-162.195342	-138.663758	-828.649002	-24.309202	-206.977209	-132.853028	-696.864510	-13.537126	-147.742946	-176.384667	-427.877962	-25.522003	-68.442886	37.403350	-38.301051	-18.621211	20.591123	21.659331	-80.230642	-27.655605	14.732539	5.048288	-59.693811	-19.367259	-0.969043	-9.804972	-49.398602	-11.588264	-4.217450	-7.179926	-58.043636	-4.221258	-16.308888	-5.448571	-98.108370	1.191960	-19.413786	-2.681928	-39.980936	9.696993	-6.355891	-63.515815	-321.876106	-13.731015	-61.823409	57.949153	-133.286080	-1.212146	-9.424022	22.847067	-11.370118	2.468124	16.633472	18.017504	1.297031	3.926487	0.808006	7.808080	-2.844632	4.787255	-2.990022	9.382201	-13.349120	2.201946	-2.276572	-22.887093	-94.778527	-13.449407	1.530769	2.615323	-255.759900	11.312790	-114.024074	64.667400	-139.009019	1.839706	-106.794502	1.772184	-3.512505	4.303493	-15.533357	7.465859	43.640590	1.224536	-19.185682	-10.934732	52.503417	-11.923012	-10.973811	20.162837	24.935250	-36.735781	-3.107305	48.497583	-113.190646	-121.263555	0.035922	155.671789	337.703349	5.763570	13.277776	-31.881886	325.643963	7.745817	7.021754	-52.157975	245.998371	8.156982	-24.032317	-116.710509	319.722659	-12.540941	-48.030875	-103.079344	283.224596	-31.216808	-81.368738	-66.992344	298.750501	-53.105015	-29.411399	302.402966	473.132759	46.556808	-4.192410
-50.279473	-27.251105	-1.640366	-1.557244	-17.136282	-9.413780	2.903100	-5.363936	-9.373698	14.050380	6.693548	-9.706748	5.172603	30.380336	8.157819	-3.872903	26.675638	36.997936	16.885945	-3.810818	34.306527	24.810484	10.152586	-8.635562	22.108864	5.053243	-0.254050	-3.575244	10.583205	39.142407	3.802720	-1.637158	-3.155341	12.300633	4.884305	-3.325916	-0.920923	-2.506223	5.004113	-5.757028	2.789504	-13.564641	4.823984	-8.071449	1.086011	-16.806351	7.400492	-11.459573	-7.796531	-25.964238	3.295899	-10.541023	-9.512154	-24.458393	-2.359152	-6.606000	4.027285	21.506942	1.236195	0.025867	-0.291052	8.296273	1.716731	-0.216802	-0.352162	-0.490570	1.092263	-0.937464	-0.674519	-8.520228	0.436239	-2.377014	-1.863384	-14.901098	-0.076010	-3.461111	-3.462079	-17.503969	-0.746262	-2.979872	-6.158405	-16.849764	-1.421426	-1.897501	-4.623396	-13.397439	-0.586146	-1.509115	-1.782332	-5.686280	-0.592443	-1.615677	-0.836601	-2.706211	-0.330751	-0.676868	-0.321357	-0.732548	-0.254297	-0.164937	-0.119561	0.923332	0.085166	-0.249485	0.013830	1.923321	1.378343	-0.260514	6.236029	13.537016	6.030360	-0.106479	-3.051426	-23.825340	0.552023	-5.530630	-1.565540	-12.943224	-0.363522	-3.872760	-0.919702	-8.239843	0.270919	-2.391087	0.649958	-2.891168	0.746045	-1.852976	0.860558	4.557083	1.955682	-0.629455	2.872426	11.612056	6.022585	-0.147113	10.270483	20.772000	10.583564	1.797046	7.540224	-4.440516	1.439848	-0.696502	4.380062	-5.217044	0.079189	-4.576817	-2.001688	-2.535559	0.884834	-3.975474	0.590973	-1.386774	1.869079	-4.316535	4.004175	-0.159603	4.253729	-2.154924	2.879749	-1.052817	5.579891	-1.381503	1.314846	-2.387432	2.303664	0.049559	18.893081	20.145730	0.246769	5.637094	4.559070	25.014525	1.160431	2.626040	-0.320187	20.236605	1.405466	-1.145440	-2.757653	10.793127	3.172882	-4.909224	-1.863536	-9.097885	4.043270	-5.880524	3.486499	-21.098626	1.924842	-4.576268	-18.879717	-24.435680	-1.152508	-4.271635
-81.361785	-17.214917	12.540180	-15.686174	-29.706539	118.820112	13.498600	-13.994384	-34.400832	206.873211	3.261649	0.977694	36.119517	170.239935	-4.056015	58.789277	90.064486	-13.709815	-3.810818	135.526770	12.359207	-198.230250	-4.706041	58.472513	-152.055114	-240.065015	-10.301040	-11.492534	-37.939548	-77.607383	-2.585380	-5.789346	-19.655429	-97.764731	-1.914861	-14.168994	-20.991869	-118.961506	-4.361777	-17.361348	-16.640963	-105.907614	-2.399435	-4.821694	5.700920	-34.255751	3.776711	35.331287	20.313806	-1.053256	5.375220	41.918212	-10.200490	-60.365279	-2.162134	3.919277	-3.968167	-20.685993	-0.910348	-0.216297	-0.896488	-20.596379	-1.550465	-1.510758	-1.176779	-41.378027	-1.933302	-5.468155	-2.981155	-53.753970	0.153337	-12.937220	-5.404170	-43.808429	2.319190	-11.276565	0.318030	-23.856263	3.196396	-5.625699	-9.271988	-24.998913	-0.016070	-5.423115	-10.327812	-17.204886	-2.280412	3.542754	0.749631	1.089207	-1.627527	5.727375	3.196812	2.902702	-0.128022	3.495250	0.207083	0.696384	0.236681	-0.014936	-0.364959	-5.619349	0.031561	-1.426299	0.250944	-11.994213	-1.636986	-1.672130	-4.685492	-18.916868	-5.559170	-0.582214	-32.106413	42.113998	-0.192770	26.341940	-9.317169	1.188074	-1.928667	20.933585	0.072740	-13.772402	-0.337797	9.746465	-1.404550	-7.018125	-0.701479	5.454274	-1.543210	0.444599	-0.720817	1.802326	-0.764142	6.239784	-0.050295	0.258630	2.207035	21.325407	-1.599492	4.466575	-6.458929	52.250454	1.865269	48.380471	6.705108	12.382265	-1.195360	48.880995	0.697647	7.064059	-1.292494	12.895164	-8.543695	12.795784	0.117378	5.299872	-0.474234	21.753208	2.185987	2.129373	3.120616	44.204846	8.445395	1.118590	38.646377	87.935390	18.274056	9.786693	-34.876209	-107.780717	-1.606028	9.252473	25.842098	-89.156202	-1.932383	29.024413	2.479025	-15.264604	-4.301359	13.994715	-13.854855	-1.635835	-1.651383	1.142039	-8.221810	-23.732225	7.273403	-2.457583	0.125551	-37.905187	14.910586	-5.875388	41.963834	-39.484866	27.231890	5.035594
