484.565991	562.522208	112.718497	70.466743	371.455205	368.154373	89.439952	73.012586	-685.792212	172.309909	-129.488333	19.893003	-266.373478	-65.420159	-98.836893	-13.311832	54.602739	-10.299547	-41.375346	49.233953	104.942811	261.980288	-18.241525	123.774578	109.434070	402.659883	1.686628	169.399531	415.941393	-115.331059	63.125185	72.002919	151.758119	-218.611717	-43.526265	8.006261	-279.336714	-130.153826	-193.794441	-35.688346	-75.467416	-405.711782	-112.629925	-17.522482	2.546879	-146.223515	-48.056544	24.342705	9.988618	93.417532	-13.004342	71.281745	50.144978	337.672367	9.463476	146.556224	490.195684	-442.178150	26.854450	4.909135	-3.505105	-239.591421	-171.780927	-9.512012	-230.889091	-138.161691	-175.432714	-14.611267	-8.486616	-132.406906	-29.709918	-7.462880	204.736783	-95.418918	-0.109694	23.094463	145.634236	-197.554078	-6.358579	-12.632008	-69.548900	-354.632623	-20.215055	-68.993143	270.748934	8.325025	-48.508921	21.498030	-223.942584	-41.321102	-186.768742	12.018017	-131.892993	35.439375	-36.436840	-0.959804	20.081611	107.681609	33.962822	2.080909	177.752195	11.094768	22.989536	-8.609476	71.346550	-86.800543	-6.082407	-11.604459	-61.673408	-200.824284	-10.200427	-50.566721	-0.717042	-69.706328	-80.729483	6.129020	-142.270806	-60.002817	-69.169003	0.026229	56.683508	55.743601	108.080340	-0.587592	16.657825	161.228782	72.500186	16.585612	-24.956802	-5.452871	-4.215143	8.604284	-69.485382	27.785296	-1.742225	-8.047498	-3.895768	65.479808	6.110807	43.881660	-53.155771	-26.397563	-22.565445	-4.789862	65.699720	-50.846824	-13.134518	1.540991	244.101812	-16.965409	27.575611	22.084984	-45.974926	-118.047374	-22.106860	2.197802	82.619426	-175.496649	-3.020260	-2.627986	-26.548389	-81.954232	-15.949277	-26.248856	-30.614897	-106.735223	-8.257273	-6.441711	-55.086279	-44.136069	-7.341114	-3.672092	43.321311	-19.155827	-6.656259	11.174771	117.291351	68.651660	-13.220605	113.043607	-78.239348	34.046282	11.557636	-10.374855	29.903067	-231.197030	-12.285384	-65.194615	-98.709586	-122.357563	-90.394130	-37.522466	-131.741656	-119.401055	-20.721911	-50.623270
562.522208	3097.592565	228.261031	186.195605	214.048387	1613.017346	295.093570	131.350239	-939.601153	1180.012349	-36.409815	88.679700	-317.908708	404.544433	-123.662134	1.006440	17.538648	-227.389417	-68.493332	-18.689698	43.708515	-70.410429	-36.172970	0.016460	-49.392810	-42.314516	-35.568512	53.417199	608.378340	306.908003	-35.848061	104.334641	495.814012	-282.894634	-119.138542	34.012765	-383.377673	-502.345021	-411.727831	-78.555880	-203.133248	-918.313909	-326.832762	-31.053535	-45.852948	-274.487448	-132.416342	48.158965	-9.299248	300.993495	-30.550331	99.590764	-21.755585	361.699262	-12.216972	130.920283	645.426472	-1999.685082	-19.545057	-104.066882	352.163902	-763.980733	-293.113579	-81.154397	-267.561400	-533.769064	-422.002307	-41.595293	-41.691982	-290.941776	-80.119452	8.815317	97.521869	161.059214	23.644820	68.301606	154.934880	142.194214	39.434929	26.580528	-125.808546	-228.518684	-36.084026	-99.675579	367.531894	142.693349	-7.879382	3.876100	-430.228391	-82.673445	-347.881442	-2.180406	-261.170946	59.162821	-95.534237	-4.453438	42.620279	239.813005	87.531517	25.077159	97.405554	218.437199	112.624194	17.967676	87.104542	-4.632687	47.019694	8.856020	-140.028466	-286.107459	-13.898957	-79.621196	55.540466	-56.166706	-134.647961	-4.975026	-143.178712	-56.306528	-115.596716	-12.226651	102.594623	255.874084	190.839469	2.255166	67.221234	339.984855	112.751483	22.826904	-74.617076	72.227433	32.323250	-22.559131	-204.147233	97.833487	10.268268	-7.177228	-5.387293	318.063348	17.040249	155.941273	9.944895	-64.392109	-50.985138	1.639478	343.897199	-20.749538	22.664195	26.800429	362.303420	51.515718	87.066451	26.750177	-18.997882	-148.805780	-98.167377	-9.631434	149.324346	-347.639753	21.059107	-34.183787	-11.827238	-128.945920	3.868797	-61.448228	-27.030388	-37.494648	9.497118	33.585178	17.227695	-56.926679	-17.634688	8.139944	354.645556	105.750297	17.067830	97.387214	157.399333	353.339265	37.793511	200.596001	-225.036458	160.467647	94.023846	-112.504352	20.680682	-406.668925	43.417095	-103.437367	-182.956097	-355.527309	-60.855290	-90.431495	-433.907314	-406.186028	-25.890341	-68.897393
112.718497	228.261031	74.752073	18.243198	72.674490	163.518172	59.936211	14.762120	-192.770563	119.194217	-31.909757	3.437470	-78.073698	15.454146	-28.237817	-0.212434	-4.360145	-16.449926	-11.310521	1.711170	2.450924	48.280736	-4.998491	10.789229	20.197104	101.495164	2.416738	31.235639	139.267013	-23.030670	48.110182	19.207423	34.796294	-71.709152	-11.829851	-0.351956	-81.518636	-68.028732	-69.132304	-13.703532	-27.447174	-148.075064	-43.686370	-5.300359	1.105620	-51.629659	-17.590618	6.679233	2.120441	26.750747	-5.758949	10.481371	6.049563	67.117970	1.987283	22.347962	157.102260	-189.819384	1.497053	-2.419020	-13.331644	-98.345248	-63.946041	-7.886058	-67.014195	-59.797030	-62.746604	-5.263845	0.510082	-42.114601	-12.657005	5.161328	50.845797	-27.827086	-6.208767	19.310207	27.732593	-46.586375	-9.135400	1.701109	-22.411885	-86.065760	-8.129534	-12.145101	68.565008	-9.192665	-23.559243	5.932702	-86.467102	-20.307951	-66.239638	2.746538	-45.271786	-1.651500	-19.578713	-0.299281	9.244824	18.608044	6.962166	7.481346	63.436816	0.884228	4.947250	18.659570	-8.254938	-34.699615	-5.129060	2.670617	-26.802938	-65.996123	-4.467957	-13.862049	-30.798329	-10.874132	-22.033075	2.437646	-50.950158	-28.182689	-25.554054	0.164413	10.954983	17.967290	28.787751	0.324617	9.252925	61.666267	28.373550	8.132277	-8.723250	8.962789	1.537796	16.294103	-36.602639	5.752625	-1.714485	5.831845	-4.271595	5.446698	1.572361	5.673387	-40.980527	-23.576975	-9.389049	-0.984797	13.355185	-18.326311	-1.842376	-0.082326	81.571875	1.500465	10.441668	1.523677	4.190182	-36.955846	-11.129555	4.285379	21.594519	-49.265931	-0.264292	9.196374	-5.600693	-21.666979	-3.351446	-10.629265	-20.384277	-37.461554	-1.488190	-19.214906	-20.960386	-19.869200	-4.082324	-1.053192	21.219060	-1.951611	-1.820288	-2.138724	55.126171	24.181927	-4.821964	24.349141	-11.962022	15.976592	5.038501	-3.486156	7.777785	-62.297348	-1.058508	-13.226536	-25.943777	-37.680706	-19.412214	-14.205701	-45.574163	-41.229137	-8.598479	-20.396175
70.466743	186.195605	18.243198	36.401534	-12.063199	83.607898	16.573297	14.967410	-100.514854	45.885781	-18.209135	6.989830	-23.810160	-0.300228	-20.941449	3.861961	19.883616	-9.213111	-8.415531	8.335799	36.845661	40.835031	-2.499555	24.921105	25.401192	72.103995	-1.150429	30.876500	63.964868	-53.946550	5.370873	25.573952	17.847121	-36.165371	-10.361116	3.210617	-51.267185	-37.051278	-38.594996	-5.283909	-9.739953	-72.100505	-23.961759	-2.347980	8.340442	-26.134898	-7.897318	-0.633677	7.493494	4.208116	-1.067289	6.298943	10.594149	22.633556	-1.134684	19.585426	95.100518	-105.412743	13.263780	-4.366790	-11.485872	-42.086699	-28.809254	-1.719876	-45.819396	-26.294976	-31.682914	-1.956006	3.913596	-18.851105	-4.709335	1.122677	42.206971	-4.154322	4.963410	2.466168	29.809528	-30.550778	5.591393	-7.476360	-17.978146	-88.472893	-2.972560	-20.644472	63.429944	17.282787	0.066836	2.679701	-65.632135	-9.618301	-31.631799	1.383034	-29.635590	14.318390	-2.268304	-0.241675	7.491681	35.614846	10.521946	4.611577	18.202601	18.338907	8.238734	7.549385	-9.624357	-3.539205	3.086419	2.971598	-19.380365	-19.866050	1.085229	-6.399091	19.459908	-6.415456	-12.432698	-0.049747	-25.938866	-9.210956	-8.766695	-2.011522	14.356830	31.824021	25.275720	-0.372474	5.489063	41.279225	7.551636	2.591256	-4.464570	-0.996725	-4.025261	1.167701	-22.684722	10.951659	-0.617836	3.076900	-4.567558	23.804813	3.708052	9.073093	3.234106	-0.876130	-3.674847	-1.047266	34.731937	-2.903199	-0.703018	3.442231	45.314365	11.138188	6.158967	5.882640	-14.520231	-13.176376	-14.135558	-0.250777	18.369972	-36.664832	-2.915436	-4.404002	-4.332714	-12.908686	-2.933362	-2.928379	-4.165399	-15.599477	-2.667598	4.584638	-9.430376	-8.700768	-1.165443	-1.413299	16.965183	-3.282794	-1.941716	7.170668	18.954282	35.621380	-4.510098	29.497250	-27.535257	28.295322	-2.005129	-12.287940	9.810936	-45.402503	-8.950817	-14.694935	-24.836536	-30.070667	-19.398140	-7.118719	-21.648296	-23.088178	-4.173564	-0.842296
371.455205	214.048387	72.674490	-12.063199	3203.283413	329.164254	279.396478	124.113023	113.647418	340.083094	-371.380826	40.879828	-1449.434317	-525.452774	-433.913297	-113.832328	-250.854697	-650.488207	-168.512979	-22.526581	42.437446	-126.503316	-78.268448	119.439594	-14.550820	85.875340	-49.556784	142.917590	420.080200	764.300849	51.476347	127.515113	774.442414	-496.848959	73.447200	54.099680	-349.803430	442.573104	-388.375886	-22.327532	-280.964067	-629.047323	-255.583794	-48.306160	-114.278575	-614.876404	-130.141268	43.692874	0.605461	260.579457	-21.983212	236.086951	130.961014	1020.745603	19.910190	492.669859	742.461470	-338.712741	-3.418150	84.236911	554.653358	-400.446130	-319.693896	9.884239	-605.549304	-152.470320	-516.758187	-33.137439	-99.204836	-231.983820	-105.937633	-2.562337	70.492909	-340.472529	-5.889676	17.863366	201.808733	-317.355160	22.988167	76.924305	51.915204	25.083239	9.479929	136.368089	910.869873	-104.302826	-130.756763	23.532384	17.407411	-79.447236	-492.713721	20.543096	-367.166086	22.962195	-202.315818	-0.294682	-6.425457	72.172202	9.555639	3.573898	229.976792	-171.321227	21.262633	-1.054980	343.375182	-367.668021	23.912134	-90.500440	-135.908002	-624.277692	-23.742173	-146.303619	260.937790	-95.675412	-244.917731	12.529448	-230.547028	-24.775311	-198.524712	3.640636	-42.967943	25.852518	126.390940	1.620207	35.198329	250.949774	137.629523	33.026204	-124.300103	157.261925	-25.093750	37.587328	19.940996	-41.814396	-23.604195	27.259865	-134.423591	-105.650882	-27.812283	23.714890	-206.990909	43.384750	-70.354489	-8.068026	-99.220608	-92.557978	-54.239622	-18.773890	312.015300	-251.936056	-10.650466	45.127046	130.230702	-384.568069	-7.565757	3.401391	40.631369	-227.836795	-65.605408	13.907498	34.690801	-168.041136	-40.687475	13.536485	-71.449946	-69.868574	-9.560534	43.272608	-272.400423	-126.502022	-50.444973	-25.423819	-161.518816	-130.051468	-43.242470	-26.740931	14.669994	-173.743595	-49.476888	81.307778	-70.220902	-31.937547	-84.908390	141.249103	5.626890	28.175501	-57.069687	-64.141739	127.742122	-112.017904	-115.773675	28.520704	-134.202129	-155.663087	-97.281710	3.725601
368.154373	1613.017346	163.518172	83.607898	329.164254	1143.322019	201.150591	79.327835	-665.971025	929.023643	-14.152330	58.863699	-255.839028	406.872850	-44.174778	-3.794872	47.652505	-68.906607	-29.426070	-16.207407	31.993263	8.849138	-24.285945	5.170480	-23.564298	16.011795	-26.308949	19.032035	355.740510	14.827787	41.030223	47.982424	356.254098	-235.251523	-45.127803	15.149648	-241.015979	-314.542443	-248.596599	-61.977057	-163.224616	-680.269567	-211.077381	-25.723209	-35.796779	-198.833671	-76.706870	28.329296	-4.327007	275.761385	0.156935	60.403995	5.757831	452.835092	9.767320	93.156049	417.213289	-1236.488884	6.261209	-55.256844	233.578736	-544.070680	-190.815466	-54.706365	-160.219676	-383.691251	-299.668919	-30.813387	-29.086030	-232.908856	-63.968700	3.062855	77.692459	39.659488	36.150999	29.021751	127.744149	-5.173968	53.024614	-14.838741	-75.816240	-229.439706	2.977096	-117.886535	292.015260	136.725567	18.225521	-1.863734	-260.800611	-48.979694	-240.541998	0.194796	-174.788508	15.351868	-82.250270	-1.783122	23.110009	112.940312	45.325099	6.898092	76.195524	78.232508	81.902507	-4.049443	71.954115	-71.449076	40.555939	-11.722802	-46.034824	-285.696579	-10.817454	-80.818838	65.412377	42.511765	-53.540657	-5.142367	-131.052352	-55.824485	-83.278861	-1.163763	48.271439	85.090781	92.584325	1.887221	62.313879	163.460145	91.312609	3.231295	-94.059920	26.488136	23.376858	-10.800675	-170.309804	48.731761	11.180819	8.803718	61.155406	168.333592	10.862309	102.986742	-7.260177	13.298497	-22.037079	-0.969930	123.013700	-42.382604	11.368559	5.228096	228.387392	-23.902888	55.306260	-6.788244	47.730897	-167.653161	-41.466935	-18.764261	95.023317	-224.901286	28.358251	-14.986477	-19.279708	-109.286043	6.125107	-40.943519	20.514344	-53.408802	15.139212	-18.414791	-2.280986	-33.346127	-9.205454	5.899043	184.951687	62.507038	9.329816	36.553291	153.323154	149.825981	23.725298	72.609160	-27.838669	63.853368	49.536985	-105.893255	45.257222	-230.356835	17.024894	-66.712413	-114.030804	-208.335162	-20.877405	-68.815494	-262.486759	-192.148596	-24.528478	-78.836811
89.439952	295.093570	59.936211	16.573297	279.396478	201.150591	187.885055	17.983853	-102.421346	195.877999	46.578378	18.439952	-212.135995	-3.623557	-62.789194	-6.933544	-66.482863	-164.262106	-35.395972	-15.712973	-28.623370	-126.214740	-14.707182	-13.230739	-39.125899	-103.545248	-9.292280	-7.945024	140.669028	85.187179	42.751271	32.556289	97.685748	-105.918286	48.444550	3.058440	-119.216698	-1.718972	-74.973345	-21.208446	-66.977283	-158.636758	-71.381024	-9.024896	-37.961063	-83.187822	-29.899695	2.594344	-15.578901	53.421404	-4.528805	20.248173	0.836058	137.691551	7.445062	37.036563	233.029076	-319.742007	46.983266	-3.156450	32.154572	-179.193761	-46.256944	-15.884053	-165.840019	-87.737787	-125.104844	-11.068537	-4.305320	-32.679008	-22.103681	8.613478	-11.834677	26.887269	4.653764	19.407443	-19.091619	-6.949014	4.848808	18.550795	-5.790369	55.302776	11.085164	41.259234	266.990158	84.139943	58.343292	9.183969	-168.091188	-37.898051	-89.715683	-0.285553	-131.852109	3.335595	-50.648614	-0.958495	33.308137	20.981475	8.393379	10.368931	100.851650	-7.585077	20.474301	17.736687	-39.554339	-56.538191	5.859217	-10.262277	-24.144672	-78.148458	-1.735587	-13.570458	98.181832	81.186507	-6.932553	9.930867	-122.975489	-38.407341	-30.126653	-5.936849	-30.216750	71.370311	50.706616	-1.711986	19.905850	141.801023	30.634194	21.841851	13.942333	-11.249992	-2.007771	34.390904	-67.520444	7.367319	-6.416351	21.215052	-15.459113	-33.196453	-0.591884	4.075212	-44.451788	14.065705	-9.166499	2.765484	23.674299	-22.674402	6.921644	3.090912	109.592338	13.862057	40.939619	13.374404	-27.285689	-23.049799	-17.753436	13.456804	47.449233	-90.297373	-19.339802	28.412488	-37.622261	-27.039487	-19.605264	20.594907	-12.278407	-32.872961	0.387044	28.989025	-55.965471	-37.780524	-8.314800	-5.558158	34.509962	-21.488274	-6.045742	12.671984	75.682783	41.907362	-5.415006	111.688201	-90.454902	91.747914	16.267941	1.535132	23.822338	-83.337958	5.321456	-34.816178	-58.409070	-65.030747	-33.772869	0.704476	-33.177794	6.599834	-5.011775	18.467308
73.012586	131.350239	14.762120	14.967410	124.113023	79.327835	17.983853	42.839392	-152.647999	71.738891	-31.990071	24.844330	-77.643189	6.200077	-27.474305	-2.486946	3.820575	-6.269691	-11.461882	12.593549	22.745731	48.359402	-3.492870	29.956048	20.384655	77.934156	-2.405828	38.230171	60.704966	-14.430212	9.454365	12.519000	73.015085	-58.296982	-5.342683	9.181372	-56.403368	-22.750743	-46.310223	-3.856120	-19.026490	-114.771020	-31.612200	-2.836117	1.798547	-51.925229	-12.070478	6.075186	6.013361	14.338986	-2.404252	25.346627	16.501485	99.899656	-1.606037	60.262968	76.007626	-113.460642	10.182784	-0.630675	48.743621	-64.619909	-34.869396	-1.018044	-46.804687	-44.852543	-50.236812	-3.127322	-4.642650	-39.525400	-10.013948	0.735401	59.411395	-31.815184	4.046492	9.140967	45.001159	-63.109034	0.462256	-0.938774	-25.580594	-74.262368	-5.774440	-10.630826	38.740481	1.036106	-15.698810	6.025950	-23.896344	-7.759729	-47.942358	3.368386	-28.073582	14.248654	-7.543844	0.064559	-0.182080	46.905080	13.002834	6.427385	46.444891	15.622074	9.511588	10.141322	22.412623	-29.526058	-0.546713	2.466128	-28.608797	-57.683095	-1.538089	-13.041180	-38.822079	-32.525123	-25.988097	0.819832	-32.229940	-7.494591	-16.652421	0.160419	24.661976	15.559189	37.800748	0.023107	4.334962	38.532287	24.191956	9.843496	-9.812483	10.429921	-5.440333	12.003879	-5.164408	3.753012	-2.557462	5.946068	-13.041927	21.634885	3.314717	12.023695	-30.695590	-18.840410	-7.971773	-2.172553	15.247715	-12.459985	-4.632432	0.705656	74.837628	-16.719268	3.994589	7.861360	-15.334882	-56.894564	-13.153991	1.632503	25.032040	-62.276842	-5.543282	-5.159619	13.758429	-30.444766	-0.199315	-2.233520	-20.217614	-29.191887	-0.300420	8.579192	-16.370841	-13.324992	-3.114557	-1.199397	9.674918	-4.219298	-2.992235	0.323960	23.973880	13.175210	-6.435242	37.294993	-36.260781	26.433628	-4.652072	15.729905	14.496849	-22.751318	12.486111	-14.546363	-3.474656	-36.790278	-4.129337	-4.699008	-56.199041	-49.739380	-8.539515	-11.593305
-685.792212	-939.601153	-192.770563	-100.514854	113.647418	-665.971025	-102.421346	-152.647999	3122.309676	-416.189901	245.179533	-10.102495	124.903096	-341.687347	-143.870887	-25.024508	-613.823795	-707.305213	-110.462395	-201.916542	-294.953267	-1104.922981	-45.975331	-316.038950	-359.836811	-1485.818980	-100.840683	-371.838335	-692.990686	685.495628	-135.692711	-118.428343	-130.041331	367.094489	121.177351	-40.894434	799.083799	273.678133	302.306688	101.634769	68.621800	1198.834559	142.022154	32.078040	-85.607194	29.552827	8.929339	-45.627428	-75.804193	-281.256485	-35.021925	-96.981369	-95.833623	-446.461006	-32.144592	-151.017826	-893.687999	886.337591	-130.031995	-13.909591	117.441700	460.805419	344.202053	22.405207	379.450605	297.521807	243.903552	25.106610	-139.986341	335.460874	7.110371	-5.661547	-738.271399	22.716246	-87.172280	-106.341186	-415.162275	581.656961	-12.247052	80.519380	209.343890	1345.475081	26.012902	361.898657	-486.048719	-145.729154	120.937323	-47.179129	359.198099	65.979559	333.775243	-29.461711	175.326018	-37.317311	36.189181	-1.348013	-135.593299	-206.043703	-85.239433	-35.211294	-551.632294	-136.227796	-86.565965	-87.531080	-97.082454	145.017787	-15.894056	-29.013083	131.421176	461.671924	-1.158591	116.501730	64.620764	115.684227	94.576842	-29.188428	135.943218	112.501974	82.193536	-9.778884	-114.964737	-109.919001	-185.296253	-8.464027	-40.527968	-221.466503	-203.108425	-45.991726	34.525752	50.848605	-81.276224	-10.610942	266.887461	-204.996541	-32.138436	22.286189	20.464002	-559.794743	-53.520871	-151.655406	2.279219	-12.400062	-26.737696	-9.562325	-256.114436	47.647920	-31.030830	-14.432387	-375.902090	-42.735020	-126.471683	-59.462408	224.164575	216.081017	-14.750001	-30.390762	-201.179957	497.212237	-50.984671	48.095317	18.853985	197.349289	-55.416673	136.001702	54.275368	40.131630	-27.121922	160.215397	-132.905019	-68.974744	-37.086914	-16.354652	-352.784120	-81.414646	-33.664473	-39.090053	-268.205474	-295.054632	-11.417704	-176.694399	276.360932	-80.848748	-66.868741	12.443926	-209.935775	456.985898	-73.480720	94.532372	153.032934	473.549466	101.490115	138.107600	687.755853	737.001203	17.753841	416.918963
172.309909	1180.012349	119.194217	45.885781	340.083094	929.023643	195.877999	71.738891	-416.189901	1315.041758	98.382154	75.825771	-134.173522	888.929343	50.634387	9.762635	-28.478664	-71.823976	-12.619671	-81.445799	-57.759622	-176.983037	-16.356769	-93.769513	-85.440774	-254.863287	-27.807508	-69.149726	167.950811	-47.397185	47.790964	31.404650	334.295726	-289.896216	36.656884	2.223491	-198.186357	-264.401416	-133.990216	-67.245952	-145.308038	-463.065611	-140.913541	-27.532849	-25.507861	-123.495128	-39.858895	12.255696	4.914770	343.646373	20.412018	35.347661	18.941659	497.601062	14.491695	50.600368	285.355098	-1046.292584	59.291176	-49.582647	284.985713	-500.375678	-120.948818	-53.668239	-85.152490	-424.120866	-282.228360	-30.646613	-44.801238	-251.331123	-69.817465	15.078425	-10.156228	17.366262	27.369473	51.468112	63.023982	56.706847	59.286633	19.443284	-41.756956	53.107606	28.047792	-74.330592	174.840468	206.444135	69.285843	-2.556613	-197.948320	-58.056419	-194.125424	-1.757370	-90.533391	3.032014	-79.560977	-1.725807	2.875958	104.883340	42.264963	21.032935	-44.932449	99.943121	69.362958	51.234300	9.590087	-42.824788	32.276007	24.003749	-56.850667	-220.852248	-8.187278	-52.975147	-49.796282	67.461725	-45.616950	-0.429451	-106.069886	-57.292621	-55.287695	-3.654384	81.347901	30.443009	97.331400	-1.733121	43.813883	82.364048	137.863846	-11.527816	-130.349939	58.240373	33.914874	-10.110445	-184.796373	80.948081	6.698160	58.158779	61.112921	212.352609	7.071331	176.795191	-39.061187	30.453904	-14.668014	5.398669	169.687952	-48.190015	43.676893	8.941746	216.561589	-68.368678	94.401885	-24.977042	26.075223	-240.989792	-5.265218	-43.438470	88.503127	-244.399624	45.755496	-56.743147	30.505231	-121.809980	39.425856	-51.234994	95.026587	86.120474	30.792703	54.124251	-17.302384	-40.640359	-15.817357	6.896879	269.670487	82.277788	20.830669	50.459709	149.237100	171.522834	38.976474	103.506780	-114.600478	149.487572	42.656556	-113.641082	-7.941148	-134.176716	107.315544	-89.477581	-91.550352	-239.980524	61.601494	-64.844646	-231.160422	-175.581261	-16.093507	-96.626070
-129.488333	-36.409815	-31.909757	-18.209135	-371.380826	-14.152330	46.578378	-31.990071	245.179533	98.382154	311.962339	-4.445617	256.457378	190.603562	174.986599	8.813959	-74.696680	-56.755525	18.059240	-51.671978	-87.357176	-239.101242	1.235336	-96.687519	-107.079188	-408.492391	-19.064103	-112.983581	-175.403077	15.275648	-26.355828	-36.478341	-55.428035	56.235925	60.475543	-19.032821	140.573518	-78.207962	147.807168	-0.749273	9.359094	206.714204	71.958585	6.960797	-50.493046	171.190500	33.053065	-15.351745	-31.774691	6.612762	11.762492	-64.634423	-32.902830	-214.653099	2.179326	-126.760026	-191.564546	-67.041609	-3.304814	-23.418590	-3.999451	2.934262	105.000845	-10.049351	87.326254	-18.532950	60.110951	1.402223	-20.545679	87.361273	13.061355	6.396806	-177.357080	192.757975	10.160186	-0.995494	-96.852474	217.723959	20.056194	11.871413	47.259327	257.313003	21.669356	37.175021	-56.937033	30.428493	104.007623	-13.040702	-3.367630	0.933668	97.288080	-9.284333	36.801625	-22.269819	7.533200	-0.179648	-18.068986	-51.444460	-7.255081	-4.836124	-123.080914	19.717735	5.451784	-12.685129	-64.333830	107.211129	12.953778	23.396190	76.219512	212.320310	10.910024	63.212418	100.253677	150.133575	95.258068	4.249714	19.591700	9.753393	37.744103	-5.899784	-25.377054	-16.624866	-27.391140	-2.475663	-15.207345	-51.671781	-21.510980	-4.701295	-5.729718	-35.457408	7.680931	-20.175539	24.335314	4.792751	11.229569	-2.158741	68.208876	-9.791970	1.195948	35.417922	68.312325	77.151348	26.942615	9.174951	12.579716	29.655997	27.661225	3.261231	-82.060621	43.497667	19.786566	-8.460357	-44.827758	67.947121	11.914055	1.338928	-6.162611	57.851845	-2.531855	5.013987	13.033672	14.953121	1.234025	10.513240	98.094454	33.310360	8.976073	70.431238	53.685630	23.541533	8.828206	10.706902	63.982295	57.785731	12.758128	23.373775	-16.036775	57.241262	18.286350	18.031513	-57.822029	28.217699	17.254809	-17.680935	-26.189005	27.948790	18.063267	22.799480	-3.777919	42.330729	53.174221	26.471595	92.737399	114.301359	44.262531	24.753007
19.893003	88.679700	3.437470	6.989830	40.879828	58.863699	18.439952	24.844330	-10.102495	75.825771	-4.445617	48.692394	-37.631038	52.920989	-14.185654	17.304326	-21.519030	-32.932414	-10.029613	-0.322559	5.997905	-48.980744	-5.385699	3.273993	-3.957807	-51.601798	-6.079319	4.674444	9.092463	-17.633250	7.647684	2.904008	29.057943	-22.930827	11.989843	6.290030	-26.881771	-18.705058	-9.765902	-1.262282	-13.263445	-39.948266	-18.539601	2.625993	-4.158379	-27.177192	-9.084912	4.144785	-5.275233	-0.091696	-4.644590	20.197939	-0.058631	24.589434	-3.657248	36.805852	8.063973	-141.591080	15.147805	-4.762036	40.253581	-57.545971	10.422862	-4.653751	-15.931101	-52.745300	-27.390499	-3.329481	-9.865597	-31.926171	-12.016005	2.674522	3.896810	1.282667	1.671725	6.337563	-1.512866	9.399740	4.563022	5.497742	-15.359431	64.684050	0.241684	20.768543	17.084347	33.846853	26.553038	3.250486	-22.848472	-2.329323	-8.662642	0.136242	-28.301017	9.630018	-3.320344	-0.175714	-4.770947	25.583399	4.280744	6.932902	21.260335	12.812907	7.318694	14.285025	7.115637	-2.089909	1.932006	1.213302	-21.510731	4.654063	-0.710451	-3.485772	-26.261216	28.466008	1.127653	1.831530	-40.887811	-1.180530	-2.039772	-0.692260	2.847520	19.107704	16.406337	-0.198905	-1.471863	32.273913	-3.499654	10.328171	5.431279	1.308539	-9.353873	15.243891	12.682735	-23.220993	-5.876968	11.402595	-16.659951	-45.697679	-2.335481	-7.683174	-33.433835	-6.881435	-6.676585	0.350934	-6.620564	-7.946869	0.138664	0.684468	35.225729	1.170236	9.824328	4.401875	-19.756188	-6.620439	-13.480347	2.275949	7.574670	-22.792042	-9.893601	2.999072	-0.719590	-28.272488	-6.757863	14.353736	-20.114321	-43.257088	-7.050244	18.823901	-26.834510	-18.776670	-4.436130	-1.324721	-2.304786	-6.379870	-1.625459	3.243560	15.916695	21.705667	0.099791	36.472145	-42.044206	59.926167	-3.434681	-1.676385	-5.772472	0.992037	8.453344	-12.771695	-9.873468	-10.223604	-0.065323	9.739699	0.893068	43.363007	-9.291369	30.493013
-266.373478	-317.908708	-78.073698	-23.810160	-1449.434317	-255.839028	-212.135995	-77.643189	124.903096	-134.173522	256.457378	-37.631038	1288.298636	330.815491	398.040200	58.527053	184.248092	286.233501	125.982830	-20.736644	-127.114317	-139.214920	42.038940	-112.060041	-114.065755	-454.824790	-1.721691	-152.164229	-378.184610	-346.147139	-67.542925	-78.905273	-439.444540	374.599732	-33.265262	-44.291536	292.411321	-178.249859	280.575352	21.859964	278.253421	482.724726	245.638415	39.715987	29.740919	547.068368	113.238978	-14.522343	-34.560810	28.527929	34.868990	-119.758767	-36.085414	-394.258453	7.724569	-245.699762	-608.264669	284.920694	-77.714206	-30.972734	-296.523695	362.790684	196.004120	2.317271	461.129721	111.786851	398.325015	28.305483	72.952571	148.426273	89.522611	-4.358745	-261.769297	289.241201	2.158280	-38.469686	-181.607802	386.022351	4.948907	-38.441638	88.036797	163.558542	32.783802	-97.975015	-599.136710	-86.473835	2.176976	-27.938802	65.867157	67.158366	371.845011	-15.392938	301.900799	-9.560925	182.428064	0.670591	-15.453132	-34.909341	-9.684188	-2.243333	-363.464890	144.294344	-21.321716	-26.092449	-216.124063	281.090896	-4.928550	34.035821	189.833328	357.279537	24.425179	95.616896	-20.570279	77.764422	189.122769	-15.674672	228.869968	62.830138	166.172074	0.598643	43.781121	-51.187476	-97.363928	2.844070	-43.673222	-237.882818	-104.439431	-30.046033	17.429220	-63.144909	-1.630259	-41.549971	19.799554	-5.688613	13.875071	-27.623771	159.121434	-7.567229	5.568653	3.003546	268.342195	132.000978	80.297063	3.295574	68.660280	101.561416	55.977567	17.875636	-282.212387	168.031573	-13.013573	-3.513203	-147.655268	272.904667	17.240204	-10.087053	-78.118029	269.547096	27.924974	-30.765131	2.910243	154.709907	20.390483	8.402321	138.252869	87.555605	0.502033	29.603076	262.543400	171.135203	40.073637	25.617306	70.674966	140.495904	42.726876	36.661694	-154.090248	113.332015	57.569391	-81.647563	-66.203283	-10.922637	14.054095	-23.453797	-57.952844	219.240325	-38.025009	64.911423	23.070445	233.704942	73.526804	5.311384	223.970949	224.563185	107.035899	5.032414
-65.420159	404.544433	15.454146	-0.300228	-525.452774	406.872850	-3.623557	6.200077	-341.687347	888.929343	190.603562	52.920989	330.815491	1592.240145	343.587764	48.797863	194.631757	687.889274	160.241524	-27.170375	-84.439840	55.185225	27.122880	-139.197147	-31.303368	-113.090804	-4.258293	-117.829106	-59.535816	-331.825355	23.720635	-16.135941	-20.755840	-24.343493	22.464812	3.878801	-84.309298	-258.374752	124.975360	-47.702347	-15.728025	12.347578	48.625784	-13.916481	79.344335	186.100051	54.298919	-14.986475	14.372937	125.413506	33.071091	-81.408308	-29.918070	-39.799756	2.286853	-148.569095	-89.800531	-588.549106	30.625654	-40.658879	71.946669	-170.443968	58.010973	-28.939677	123.670030	-275.674565	-23.647362	-12.095280	-4.071712	-190.898102	-32.042156	13.733313	-26.844832	150.304453	10.535863	32.124030	-5.207719	242.145189	49.726782	-15.275557	-24.239353	293.361731	34.791229	-76.170920	-129.948390	241.836189	140.308322	-1.761722	-111.128097	6.461265	63.966052	-4.721744	8.126285	-10.985997	-5.275052	-1.198902	-5.189285	38.174486	22.882884	15.531538	-121.330589	133.310723	48.777074	49.185566	-68.712302	103.556914	34.392513	45.714971	-24.931505	127.079290	8.699136	4.799891	-89.013762	193.469251	99.994081	11.514938	-44.718313	0.485488	39.330616	-7.940814	-2.069921	-47.116214	10.560045	2.935959	6.248788	-107.581474	108.351571	-9.906614	-58.205648	-16.977832	46.678781	-33.652527	-67.862626	85.430681	18.307862	41.313615	62.548149	183.337108	-3.519981	139.906478	135.923201	96.889850	34.474034	12.676453	90.666431	7.938391	60.376055	11.887085	-22.047898	-13.826342	106.930634	-38.663000	-35.745104	-95.310913	62.200243	-30.526941	69.158533	-97.186938	72.278840	-48.136710	92.180576	-69.690029	69.569193	-45.181815	80.917269	2.876657	-8.574482	19.219999	105.220340	52.454635	12.408736	23.040341	228.819790	151.391232	43.315122	68.544347	106.737761	264.180791	91.456149	-3.648003	-114.147451	130.575067	85.445875	-139.004454	-16.175332	-155.824558	135.042195	-54.541378	-123.615421	-218.893923	38.067915	-24.039044	-151.108906	-141.167522	-37.547625	-76.260139
-98.836893	-123.662134	-28.237817	-20.941449	-433.913297	-44.174778	-62.789194	-27.474305	-143.870887	50.634387	174.986599	-14.185654	398.040200	343.587764	352.791438	14.477966	126.587008	175.813580	120.139361	-20.225822	-57.751744	-92.475870	18.285971	-71.534754	-62.251270	-223.615157	2.314597	-79.407772	-144.109258	-79.864601	-31.167088	-41.086904	-147.212203	153.281733	-2.087672	-20.852603	81.663286	-73.077335	165.469732	-3.178412	62.074925	123.596808	149.226642	9.131531	-34.728278	246.511359	64.519337	-14.628697	-23.749268	91.233638	16.773791	-56.577392	-24.930023	-118.201755	2.937743	-102.713504	-248.607727	-43.976897	-41.398802	-20.752929	-77.174668	88.125677	80.611665	-3.794859	163.330181	-20.332135	148.191679	6.502301	5.209942	15.657225	29.410572	0.366243	-125.758399	148.335839	12.722908	-20.710392	-72.160700	180.490551	18.418891	-26.279659	32.818837	130.090926	14.875935	-35.484016	-221.568354	-8.944202	47.036269	-13.026166	-7.266703	42.805726	154.955435	-6.226831	84.235804	-3.249359	63.344784	1.317277	-21.529336	0.436507	0.754711	4.595454	-175.475682	75.613812	11.888708	-9.521147	-60.921896	127.105130	18.683400	12.261507	73.350148	152.881138	18.710265	42.764114	-0.685233	121.792016	117.512548	-2.535373	46.598498	17.887916	65.064338	-4.773118	-6.397104	-33.297326	-39.460563	2.738261	-21.015169	-91.694525	-24.189516	-0.183888	-39.114325	-28.651324	11.354903	-25.751057	21.599894	12.792311	17.825126	-27.949960	91.530608	46.573974	6.544607	41.840852	133.917937	100.982107	48.233871	4.538912	28.858082	36.873530	30.082633	8.298275	-92.459219	68.033964	1.239571	-0.810628	-64.846852	97.293605	-4.262422	2.453131	-25.549060	69.504073	6.133571	-8.190424	38.155243	27.236922	8.221322	-24.357487	113.878484	69.432302	0.446376	4.851682	166.940500	115.361666	32.858412	15.674543	98.950873	78.476068	28.166338	18.506551	-25.195532	75.674956	24.197136	-19.634292	-92.068744	-16.134320	4.024733	-11.069801	-35.711947	34.091506	-4.268324	32.522244	13.865287	60.030362	35.764903	21.526000	41.167988	68.750643	29.295789	-37.899467
-13.311832	1.006440	-0.212434	3.861961	-113.832328	-3.794872	-6.933544	-2.486946	-25.024508	9.762635	8.813959	17.304326	58.527053	48.797863	14.477966	36.316398	15.485560	27.738987	3.860573	14.677238	2.821917	-25.053378	-1.728195	-2.522837	-4.195249	-44.855914	-4.036741	-4.209734	-20.235014	-5.000378	12.101335	1.957294	-38.969086	20.199520	3.211282	-0.804347	-11.066297	-21.407822	15.726340	-0.592478	10.681345	14.935950	10.390563	6.391115	13.152067	20.495283	3.471531	3.246165	1.403303	-12.191274	-1.760076	2.141233	-5.038827	-59.772136	-3.599913	-8.830217	-22.885581	-19.893443	5.799898	-0.695276	-24.354690	-4.144285	18.271776	-2.543469	20.888856	-15.650407	17.500778	0.350056	8.195942	-0.609982	1.040669	2.655831	-1.686931	25.928002	3.525366	5.953319	-15.051073	31.699594	2.631830	4.933895	-5.068262	39.100232	1.738354	16.362347	-6.171427	1.560222	10.154983	-0.682255	-11.147725	0.748869	19.110789	-0.693534	8.136995	1.332460	9.657811	-0.028410	4.084757	9.718940	0.647427	5.558430	-4.542242	15.430772	1.928949	22.391922	-26.176099	16.785620	0.118839	12.145912	-7.744568	37.071552	0.934895	7.590858	-7.602906	22.512586	7.018168	1.884351	-8.149146	6.756593	10.464841	1.547772	2.047607	9.179354	-2.557455	-0.169681	-0.565719	5.051700	-12.130023	0.078145	1.528930	-1.115588	-6.895033	9.486441	-3.463576	-11.827909	-6.030055	16.084480	-10.152575	-30.387042	-4.013181	-4.596097	-11.600814	-0.876505	-1.407003	1.155151	-7.547322	5.122098	5.192987	1.648607	-4.558979	16.509095	9.156153	0.103999	-16.687486	37.270231	-1.234177	-1.875837	-13.065764	23.068847	-9.287382	-3.201752	-14.411040	1.474742	0.159593	5.324949	-0.541786	15.616858	-0.750287	5.017890	-11.153821	-8.837291	-1.895279	-0.649114	-2.880967	3.276342	1.579805	2.576146	-3.543320	23.556047	7.710063	9.432545	-31.663803	39.935381	0.460407	2.098323	-33.209463	19.340600	3.724133	-4.273344	-22.947604	6.216195	14.063945	-4.043295	5.123362	29.841629	2.914803	4.079513
54.602739	17.538648	-4.360145	19.883616	-250.854697	47.652505	-66.482863	3.820575	-613.823795	-28.478664	-74.696680	-21.519030	184.248092	194.631757	126.587008	15.485560	520.123574	429.896085	114.967530	131.049753	253.218599	466.229695	28.804566	208.104809	129.126999	430.507425	15.114495	136.690343	29.227002	-212.114618	-18.609739	9.723440	-24.745811	-12.530816	-51.290396	1.358580	-102.528659	-61.368150	22.849590	-5.556796	32.473644	-152.831496	60.996407	-5.628385	64.622951	41.447069	29.812720	-1.001726	37.927352	15.109387	19.004247	29.635873	64.110936	143.525888	8.880504	63.793286	-17.209469	19.493704	-2.969053	1.773954	-72.054218	34.711254	-18.985857	7.259531	27.443906	10.574707	58.153057	6.626504	54.864468	-39.297803	28.638617	-3.291322	171.271495	-27.841205	40.591310	-2.162878	122.226150	-220.639196	26.286788	-61.705614	-38.686442	-386.490289	2.474788	-124.038539	-35.599028	-29.389362	-9.387107	1.418975	17.521870	13.516678	49.262405	0.001614	24.559929	34.741006	35.954342	0.383899	22.654130	58.519500	20.883906	1.973282	76.977200	40.526367	39.432826	9.597276	41.238619	-27.768883	25.711446	4.694591	-22.361455	-105.239202	4.801954	-35.075912	66.974243	-30.428320	58.103617	0.905901	67.492443	2.041776	27.017111	4.148144	45.013661	-3.250960	4.138121	8.159478	12.888509	-32.098510	12.314385	6.895388	-25.656209	-37.272094	21.272448	-7.644645	-36.203378	33.341313	13.833660	3.907152	-1.357120	113.549690	5.485986	36.421902	155.277265	81.149743	39.150991	3.544758	58.463525	1.766598	8.587753	11.662730	15.878422	-0.928621	5.136393	18.688711	-23.891724	-25.851156	7.569896	13.414754	15.550880	-55.443055	41.477934	-13.750492	-13.064364	-18.816766	28.685820	-13.442280	18.001702	3.810873	-5.769568	-51.577669	121.300781	88.912305	24.911218	12.502858	58.280077	32.832646	16.381684	8.182920	23.581272	39.505494	23.394186	-17.922945	7.731203	-75.461057	48.360820	-26.446529	34.545330	-177.146038	45.914519	-10.007855	-80.068613	-144.446503	-15.338780	-6.976483	-162.818475	-205.393757	-28.264022	-90.480618
-10.299547	-227.389417	-16.449926	-9.213111	-650.488207	-68.906607	-164.262106	-6.269691	-707.305213	-71.823976	-56.755525	-32.932414	286.233501	687.889274	175.813580	27.738987	429.896085	1463.093828	220.805575	140.023592	154.919381	1199.461531	91.570400	112.099294	224.772741	959.282191	44.827922	100.411024	-21.657551	-490.888578	-0.932797	-8.608882	-55.864404	-21.777864	-86.652556	31.005322	-89.713409	-119.043881	64.609035	-11.106039	18.724390	-9.020646	59.628338	-8.164964	150.912875	262.014658	104.917127	-0.749243	78.035561	-18.139849	46.316591	-64.706702	5.229757	-171.346804	1.226619	-122.161689	-31.678099	151.933393	-18.622177	15.433425	-71.011568	81.557636	22.344949	24.242577	88.859981	66.726612	92.498040	3.100986	54.217332	-77.350046	7.663834	-4.425717	350.124967	24.223308	19.620951	23.781252	241.473755	-182.084276	8.829132	-91.092642	-152.344249	-395.294869	3.464010	-189.536910	-39.946334	84.731124	3.137734	3.158430	102.005278	28.315858	56.386718	9.996496	54.486645	-21.329971	18.092413	2.563712	5.388412	-9.981794	5.993804	-4.538923	149.388161	53.990503	20.071234	31.439009	84.609877	59.790109	21.910274	50.071539	-143.649016	132.075146	16.071256	-16.216690	-44.048482	27.220094	81.765546	17.110585	49.870159	-13.673598	2.186511	18.885417	13.652346	-95.371064	-48.842307	9.935808	16.462724	-175.110216	51.908216	-21.718324	26.104522	-109.275001	79.443975	-53.901787	-51.797466	78.860513	36.798157	2.389425	-108.073248	403.859539	31.861018	56.144321	43.964737	13.523616	23.630204	9.513193	-18.202654	6.373566	21.087325	-3.014314	-56.376196	23.352959	3.489467	-26.438576	16.671462	-49.607757	76.507432	11.992420	41.449628	-86.197971	120.476519	-46.871498	69.395093	-63.516404	80.075008	-63.853279	-135.711106	-59.109788	-8.329952	-99.821332	62.547176	7.679277	7.012979	14.259266	108.685825	77.552137	34.159949	33.262326	27.214361	99.162160	56.301140	-132.252011	115.667451	-123.435150	101.728690	-66.872493	82.019549	-198.328824	127.830193	8.682055	-101.187058	-226.213689	6.142017	-50.994842	-231.827444	-371.735946	-50.863552	-147.432505
-41.375346	-68.493332	-11.310521	-8.415531	-168.512979	-29.426070	-35.395972	-11.461882	-110.462395	-12.619671	18.059240	-10.029613	125.982830	160.241524	120.139361	3.860573	114.967530	220.805575	104.243251	8.622778	7.709075	75.922988	29.427574	-20.344962	-4.388553	-9.128678	11.563031	-28.545208	-54.874294	-29.916429	-16.917339	-12.809226	-55.610743	67.676172	-14.620746	-0.749955	7.507742	-10.752836	57.591582	-1.277553	18.052022	49.318342	62.149859	0.017456	2.933440	106.756010	43.600176	-7.187195	-5.245759	24.553051	14.400482	-30.560410	-17.779428	-66.331626	2.162666	-50.541286	-95.282921	4.343966	-27.996097	-6.146824	-14.031646	40.894696	20.419466	3.101628	62.193638	3.021676	64.037547	2.810555	9.351433	-7.550677	13.643905	-1.352430	-10.060605	61.887600	3.365771	-8.195146	-3.429583	66.542279	5.158489	-16.381554	-11.136222	39.141397	8.255957	-28.926515	-65.423410	-2.483823	21.027798	-4.879678	30.365458	16.892390	75.474072	-1.327530	23.563785	-1.374039	27.577837	0.028444	-2.830689	1.254290	1.018586	0.079807	-30.093494	46.317892	9.927919	-1.233409	1.841879	50.385005	15.387508	0.639811	-12.785109	57.619755	8.682435	-2.892443	41.399451	65.212307	67.410001	0.398166	32.564129	5.478711	31.934277	-1.539000	-6.832424	-20.654634	-12.670337	0.059437	-2.788335	-33.316399	-0.875799	-5.046655	6.630893	-19.092729	12.594904	-17.259899	7.326396	11.091141	10.902808	-7.569125	-7.437911	52.984827	6.390929	4.890237	73.104799	52.028113	22.971546	1.817429	5.304078	9.240993	8.576796	-0.766573	-9.272874	19.624867	4.753567	-7.893288	-24.122240	28.983545	8.274219	-2.809307	-4.847783	7.083680	19.245407	-7.742897	15.577340	20.334842	11.474590	-4.690718	2.124526	42.009748	-3.549562	3.366268	80.163556	56.251559	16.745501	3.936251	44.635479	15.994191	14.564950	4.261337	16.786537	20.052611	14.010288	-16.045713	-10.602113	-7.819754	26.048324	-21.524662	17.494329	-33.746910	32.883095	-7.600212	-20.865209	-33.433806	1.018624	-2.924010	-34.567085	-24.210672	-8.242687	-16.509974
