94.999998	100.559254	6.537038	8.974072	158.118507	138.529617	22.172219	32.724071	-98.946331	77.549984	-5.307416	5.403700	-131.381510	13.799976	-21.268528	-8.012965	-16.320377	-41.155579	-40.885193	2.664816	-7.712965	-49.635194	-30.709263	2.409259	-3.370373	-12.775927	-3.266667	-0.361112	50.977774	65.653679	3.572221	2.870369	91.127770	-55.831513	-19.816673	16.535182	-24.746316	20.370352	-22.616676	-0.862967	-55.425939	-2.894471	-20.292602	-9.357409	-8.200004	-37.877805	-33.331489	0.312963	-17.135189	-26.059272	-23.677780	4.309258	-3.372224	-6.174075	-3.003703	2.672221	22.985182	1.937019	-4.335187	-3.335187	63.501840	-57.572237	-12.566672	7.011110	-45.775957	6.622211	-6.642598	8.333330	-40.064830	18.944425	10.061105	-2.137040	-15.018530	25.785164	-10.861120	0.105554	-6.394453	6.672201	-5.412967	12.364806	6.664812	-6.148160	4.851851	21.427769	28.501851	11.512959	-7.166672	1.133333	37.946288	2.574062	-22.700013	6.416666	-36.975948	15.061095	-2.685193	6.829626	-30.600017	-32.150025	-1.912973	-1.466672	14.922205	-39.205575	-29.333347	-4.712965	45.679622	-48.203727	-3.320375	1.425919	19.166643	-29.401869	7.620369	-14.103729	44.801836	7.042580	-57.642612	1.379628	49.864805	-20.568535	-56.061130	4.927778	-7.283352	4.309246	-8.879635	1.212958	-13.272247	-12.574083	-22.925939	-2.972227	18.757389	-11.312966	-17.707421	-1.737037	35.055549	0.774071	9.822219	-2.966669	-2.268572	10.831477	-8.405562	-1.975940	-18.774111	-2.400015	-64.416681	-4.316671	68.035176	-6.362973	-29.996305	0.587034	0.427763	-4.794458	-17.737048	6.459255	2.075909	-2.253714	0.437026	1.244441	25.687026	-2.581487	20.301844	-3.466671	14.614810	-4.698150	0.501846	-0.277777	64.170321	-9.540746	-61.587056	1.579627	-60.409289	-89.911144	-22.727783	-48.207424	69.468511	-38.140781	-48.462974	3.324067	-0.701860	40.751826	-10.224092	3.007407	0.262950	19.451836	41.277771	-5.896301	27.772211	6.516659	25.324069	-3.116670	-7.612980	-0.674085	-44.792609	-3.442595	69.435151	40.098137	-32.824101	3.175925
100.559254	1130.092487	46.006923	70.500856	288.215313	847.857537	100.759812	63.563635	12.877333	519.512437	17.323772	68.816542	-484.686887	442.826892	-66.180841	5.300067	-118.184500	37.308364	-119.124731	-1.556966	-52.179185	-221.578619	-136.618755	-0.687713	-19.234699	-67.461536	-17.313333	-2.013525	52.924257	595.051402	-41.062583	56.788955	267.191677	-52.939468	-118.238518	74.182162	170.958617	-179.066385	-130.280736	15.148210	-204.266907	-95.378298	-209.221163	-21.638267	-49.084246	-260.764409	-228.153750	-2.167649	-83.490849	-167.066159	-109.537025	9.176540	-21.629635	-41.365296	-12.796538	12.611475	-44.273031	-734.158438	-119.255488	-29.897349	344.025506	-561.679980	-101.275742	-11.254442	50.867754	-145.023681	-55.359501	26.440560	-182.111904	61.612248	9.727979	7.853828	-104.021225	63.501268	20.346871	17.865751	-123.986462	81.675028	-33.812707	37.307660	34.690068	15.474951	11.221048	69.201123	55.343464	2.765135	17.526118	-0.587778	157.677362	31.433286	30.852601	10.092223	-126.268006	89.943162	17.113046	31.760133	23.815941	-55.375160	11.358049	37.762591	64.056690	-105.698307	-73.503677	-16.508821	-44.092083	-150.108005	-74.117642	15.838045	105.419476	-105.984164	23.627095	-83.362808	254.419957	151.164887	-97.751342	2.891967	125.909884	-35.130663	-178.041835	23.387971	-23.833670	-76.171778	-49.677513	29.458469	18.055395	-80.215479	7.818093	-11.286104	-69.560402	-73.998072	-128.569918	-18.455982	6.377037	-18.828393	-15.968330	-2.248331	-131.194309	42.875264	58.950926	11.548843	172.346225	117.926686	-244.782759	11.512421	52.479586	106.070271	-126.751590	36.014875	-66.072758	39.480935	-1.449494	-1.400124	-64.047498	-57.563191	-5.814003	-45.858691	-84.624920	-55.895806	-48.123581	-16.804077	39.225989	-16.886174	10.881416	-2.905919	-12.284314	-19.388455	-82.222624	24.278080	-247.075025	-99.243652	-95.716853	-103.165469	-97.862277	-67.010800	-109.431394	-32.872470	-72.026230	-82.869282	-72.755661	-16.012092	-83.330241	-87.650237	-64.741102	-72.496041	-71.982763	-52.795545	-13.799695	-74.901106	17.678782	-49.226226	-68.862821	-24.866366	118.796092	14.421939	-102.908595	1.238206
6.537038	46.006923	9.825804	-0.272469	32.507544	42.531990	13.542040	1.336976	-21.048225	33.869098	5.395998	2.508769	-44.901323	33.471330	11.780262	0.195621	-2.255609	8.563920	3.140816	-0.993640	0.200807	-10.455294	-8.073204	-0.961049	-1.403580	-3.758207	-1.164444	-0.156852	6.505374	46.131393	9.338523	-2.126603	24.319455	-16.445021	-1.637401	2.005497	6.446387	-19.284171	-5.211841	-2.806231	-17.615787	-22.382743	-12.163383	-3.204936	1.660192	-22.174409	-14.299310	-0.018764	-0.154190	-2.479490	-4.448142	0.215433	1.703704	0.536918	-0.434320	1.195926	2.206977	-30.655100	-5.493268	-1.427345	34.912175	-34.347758	-7.005736	0.487780	-2.046688	-11.100354	-5.436166	1.059449	-15.798563	3.493360	3.597973	-0.210615	-1.153443	-0.182069	2.467976	1.360189	-0.593135	10.008361	1.302846	0.545442	10.616733	13.246064	0.933272	13.548901	6.653460	-3.884869	2.435007	0.343333	16.047358	-4.178935	-2.878504	3.607779	-4.492442	-1.813499	-3.213629	0.370129	-2.086275	-9.017376	2.613596	0.144819	-3.378865	-17.946085	-5.087017	-2.839934	-1.855420	-21.307997	-4.285424	-5.344185	25.197253	-16.405283	2.681544	-9.571695	13.173292	-4.578442	-5.353557	0.197531	14.504333	-5.943992	-10.945162	2.387965	0.304101	-2.313997	-2.289743	1.566243	-8.259043	-4.638814	-0.906344	-1.730549	-6.814851	-5.146969	-12.639920	-0.291542	4.263710	-1.622836	-0.292774	0.081669	-11.220977	-6.359188	11.695377	-11.605599	-0.100444	3.062242	-15.094981	-2.675363	14.150693	13.468041	-6.063814	1.082657	-8.266091	6.343164	-3.562826	2.286547	-5.736395	-1.928751	-8.905110	2.173526	-0.223811	-1.998020	-3.336906	-1.749626	11.332659	3.790495	12.430313	0.092964	-28.803205	-0.964006	4.841817	-0.494134	-21.709467	-21.241436	-5.914625	-17.311026	3.994392	-16.800808	-11.791402	-6.954684	-7.715115	-5.500397	-10.041212	-0.835430	-12.569121	-1.043562	-0.397768	-5.247154	5.005014	14.401122	11.666979	-6.432217	12.396564	15.757111	21.494959	-2.083024	-28.341683	-5.200291	-17.914159	-0.207345
8.974072	70.500856	-0.272469	10.951357	10.072455	62.032453	1.022959	10.753578	8.451559	27.904792	-5.987666	5.649009	-15.056456	13.764782	-13.980261	1.111602	-6.742725	-4.827809	-13.375815	1.227531	-3.266917	-16.084705	-8.516796	0.698271	-1.866421	-6.553459	-1.484445	-0.158149	-0.094819	3.127497	-8.056299	11.639381	6.327767	1.228354	-12.519267	9.340614	11.463059	-2.831384	-10.429271	4.396785	-3.201992	-3.360035	-9.674951	-0.178397	-3.357413	-9.187814	-12.157912	0.386542	-3.982475	-16.140510	-6.585190	0.401233	-2.553705	-7.055805	-1.572346	-0.335927	-5.056423	-53.889900	-7.732843	-1.950989	0.937269	-35.828909	-5.994820	-1.424446	3.436132	-9.750757	-1.853834	3.946662	-3.361994	4.792196	-1.926305	2.419503	-9.642113	6.982070	1.824802	2.075923	-9.069642	8.211083	-4.807290	3.889002	-3.035066	-2.578287	0.179505	-0.868901	1.192097	5.793203	2.725548	-0.135556	-3.953469	8.843934	11.809614	-1.134445	-14.905337	9.584054	2.920852	3.953205	2.849608	-2.351514	0.869738	6.100735	-0.557801	-0.758915	-2.968538	-0.270621	-4.825690	-1.619782	-5.130131	4.448631	-3.194476	-3.173605	0.222344	5.597251	18.070596	13.813441	-1.194222	0.024691	0.123444	-3.134342	-4.501505	-1.596297	-4.808545	-5.252115	0.090855	-1.015686	7.448487	-6.401741	0.128009	2.611104	-5.255704	-7.740252	-8.570636	-0.764569	0.160734	-5.943831	-1.518893	-1.131114	-4.821800	0.751967	0.640733	6.918377	11.880444	11.535536	-14.234463	4.704808	-1.507915	4.795293	-7.107296	0.413454	-2.537798	-3.685942	7.048381	-4.500992	-5.341382	-7.583471	2.382332	-1.602969	-7.510633	-2.066426	-3.516428	2.672959	-0.819882	-0.356051	-1.859759	-0.030741	7.724872	2.142339	-6.225705	1.441356	-24.989422	-12.216341	-8.345931	-1.646196	-4.948281	-6.614747	-9.434708	2.514683	1.279003	-11.282380	-2.245455	-1.157903	-6.369769	-12.868662	-3.701121	-3.723957	-10.756681	-8.464455	-4.386425	-2.347783	-3.864342	-9.776556	-11.191626	-1.480866	9.773905	3.053070	-2.835840	0.222345
158.118507	288.215313	32.507544	10.072455	1484.875776	283.329107	107.682950	106.515788	487.359340	395.305913	-123.909894	104.646780	-1301.459802	56.059236	-279.796915	-68.820617	-256.786062	-120.711142	-122.271358	-19.348012	-36.436904	-265.905803	-127.421234	-2.697281	-22.857545	-102.911230	-21.096667	-2.301492	59.758505	1015.251954	73.461488	-14.431727	516.761101	-276.216094	-6.868165	65.113944	92.900850	-133.299149	-100.843725	40.503446	-384.384227	367.379965	-44.861621	-52.333950	63.303707	-171.403369	-72.264572	-7.903451	31.670871	-238.531624	-83.274069	4.601227	-13.498159	-96.792459	-21.854562	3.231841	32.690231	466.018982	4.207160	-18.086551	432.357266	-77.052242	-74.780385	70.406665	-29.678315	-0.238525	-92.158282	89.693329	-299.182007	97.789974	30.854816	-25.739389	133.125658	-43.745702	7.990368	4.281488	17.384812	29.249972	-40.836176	26.982329	52.608271	25.042821	-8.797164	27.901099	25.552103	-36.823457	-109.737785	1.051111	238.677649	-111.223847	-133.282618	41.303332	-20.118683	-7.122623	-103.505802	49.402100	-93.035958	-6.171523	-26.846916	3.627392	105.067754	-144.040026	-99.196306	-19.329507	65.222094	-117.103128	-61.592347	-14.355801	128.361080	-31.250258	8.093449	-100.183864	14.179482	38.664546	-279.057569	-5.603100	148.940105	-0.553237	-151.532626	10.759268	-114.215202	14.150101	-64.099132	60.558764	20.634033	-35.002849	-111.640893	31.988882	91.645413	-43.594684	-146.140632	-4.194563	63.208502	-6.893834	-9.004448	-5.912225	-9.504019	50.806425	5.007390	-40.413849	-49.793997	16.859980	-282.924463	-71.610738	218.346536	57.520862	-125.708404	23.347892	-14.864465	3.948493	-98.264956	29.746779	-10.741369	-35.926798	-69.264341	24.762596	103.718259	41.892450	-37.824219	35.555171	65.136778	4.931724	12.355784	3.284825	74.239320	0.888999	-126.200143	-12.480880	-168.190536	-387.219665	-123.904830	-275.202859	163.869493	-5.843623	-253.466917	37.371337	8.445663	235.686515	-57.747684	-14.942341	-78.397559	-28.889785	136.736657	-97.219509	104.831097	124.665545	86.758007	43.498884	34.314540	41.145659	-14.689407	16.969121	118.075013	72.136416	-156.202494	2.604561
138.529617	847.857537	42.531990	62.032453	283.329107	1130.375772	103.509615	98.111342	-205.849549	737.101469	16.856772	69.822335	-490.140915	563.737015	-26.541357	31.247161	-65.584951	259.983303	-52.772467	24.993101	3.676431	-156.065801	-121.303455	11.973830	-18.415325	-77.107896	-23.525556	-2.744826	54.756281	16.726400	-55.154066	16.413829	253.561101	-142.571650	-164.689278	67.048388	211.971962	-125.239147	-156.319281	18.254556	-146.344228	-255.935590	-196.131621	-31.239505	-20.368514	-329.024480	-287.310127	26.450994	-68.375794	-173.378291	-133.435179	31.595670	-13.709272	-39.656902	-20.625672	15.616285	-53.468659	-956.688797	-140.663950	-49.733219	262.666154	-761.370020	-105.282609	-26.628891	42.762795	-211.026301	-21.279394	-4.932227	-109.524231	122.576640	19.197039	15.240611	-91.223232	110.909855	16.011480	26.464823	-74.655187	133.555527	-25.109509	101.825661	57.846049	76.702821	1.015057	178.559988	92.317659	58.437655	128.065548	-0.690000	106.942094	122.180597	121.558492	14.779999	-150.593129	97.476265	4.189756	36.417657	12.784041	-125.169302	13.430864	22.076280	50.598865	-188.893359	-16.624083	-35.843951	-12.207905	-300.947574	-60.087901	1.956423	270.777747	-178.504701	-0.407663	-28.731642	417.327259	199.771212	18.812430	17.863565	78.256770	-86.983238	-192.152627	16.148158	-13.982979	-120.425456	-87.950241	23.322099	-9.074857	-128.820626	-0.265339	-2.077785	-90.436808	-120.232460	-106.527299	-20.807895	4.284056	-61.616057	-14.795559	-23.632225	-28.114019	-19.311351	69.224056	-69.829405	253.926003	194.012203	-239.286685	76.612597	-12.232352	100.118641	-127.715071	4.526780	-102.135576	-11.589286	32.638377	2.016778	-54.135812	-60.264575	-23.077675	12.261486	-73.330629	-42.598663	-37.981998	-1.840385	34.065666	0.113945	36.954671	-2.460730	-79.362902	4.280110	-31.041253	9.213563	-143.813870	-72.667441	-79.902609	-65.887303	-75.873840	-156.178065	-66.749138	-39.977554	-52.187671	-206.839040	-43.233240	-4.415673	-63.286450	-85.588676	-39.297787	-30.503953	-16.231126	28.989990	88.919116	-50.860005	-23.545461	1.467881	34.162815	-27.525325	-9.568321	-3.796916	-107.691381	-3.363218
22.172219	100.759812	13.542040	1.022959	107.682950	103.509615	58.125273	8.921014	-19.838553	118.346929	48.896749	6.726477	-189.484845	119.209700	11.737029	-0.868798	-19.092878	31.584699	15.242864	0.529540	3.937870	-67.281303	-26.458151	0.015093	-7.978152	-26.801760	-5.837223	-0.453058	21.488050	86.925347	15.837222	-3.385464	106.231937	-88.203735	9.278881	8.365460	26.528964	-81.589090	-10.150566	-4.485468	-83.283163	-46.730859	-22.216769	-13.590742	5.934720	-102.940582	-33.811766	4.859075	-6.287409	-56.764272	-24.780557	8.509257	-6.605559	-15.127407	-5.735925	4.439997	9.444347	-52.583260	-10.193798	-4.413799	121.637118	-94.615015	-17.292506	8.964443	-3.311235	-20.404454	-10.791488	6.981385	-87.872332	27.000536	21.713051	-6.195929	4.827025	-7.798169	21.669715	7.090278	-11.549730	54.790257	-2.461300	24.035917	26.892868	41.947951	-0.251205	60.258880	19.703518	-0.868985	3.929717	0.445000	63.787122	-11.283994	-14.439458	10.801666	-18.292061	0.805816	-23.713247	7.256294	-20.393908	-27.111693	16.856473	-3.434451	28.689427	-74.651964	-5.936124	-11.492687	-5.914266	-78.678728	-20.232597	-17.395191	107.556921	-48.420201	0.756757	-9.509841	38.656558	-8.460476	-24.042058	0.374071	40.600915	-27.349924	-39.533909	5.698612	-3.965018	-13.762143	-16.305745	13.602681	-15.538081	-24.890472	1.292671	-0.137505	-2.840110	-28.810464	-34.814921	-2.621203	-1.288341	-12.398152	-11.420281	-5.751946	26.347817	-33.087688	20.284715	-52.081774	3.959778	8.949430	-42.555292	-7.994725	36.168787	30.626473	-10.155749	2.953422	-20.841960	19.405263	0.010729	6.740366	-27.729645	5.452954	-10.763808	9.853053	-9.750752	0.163511	-14.908713	5.965550	22.125643	2.559072	13.157678	0.585002	-39.413845	-10.156580	7.948222	-7.888431	-39.963178	-28.847809	-15.679728	-54.826590	10.876566	-43.672446	-29.254917	-26.041491	-18.292138	-29.250117	-25.459648	-5.335370	-46.181496	-19.380388	-3.437229	-15.152967	-14.713622	19.429992	12.006012	-7.736670	22.424242	19.099526	36.787391	-3.377319	-48.422072	-14.967139	-40.212988	-1.259909
32.724071	63.563635	1.336976	10.753578	106.515788	98.111342	8.921014	41.838855	-28.763997	56.173403	-11.886277	21.000675	-97.044234	19.999505	-13.202482	-3.300342	-15.293559	-6.573642	-10.197203	1.360587	-8.475528	-27.750815	-15.880129	2.232438	-4.300866	-13.247625	-3.329445	-0.250649	-1.341764	9.670275	-4.200188	4.238547	41.695823	-40.338313	-12.565934	19.181447	23.622226	-3.720827	-17.997605	10.140396	-22.251437	-7.619202	-10.980784	-4.883953	8.091198	-31.598369	-17.826523	2.374876	-3.655808	-30.299955	-13.821301	4.634566	-4.675928	-9.582471	-3.313457	1.667406	-2.778923	-32.078512	-4.636454	-3.964601	13.781991	-50.773909	-4.883432	3.368887	5.391410	-0.919645	-6.544946	11.740829	-12.456717	15.910529	6.518418	1.253947	13.100109	8.637626	11.189525	3.157868	-8.252142	27.465250	-2.685623	17.319002	6.176879	8.532269	2.075894	24.279988	4.674875	6.686259	5.836937	-0.039444	0.135698	9.314212	11.207947	1.426110	-10.448116	15.045998	-1.891092	11.049872	1.423496	-17.958737	2.189183	6.130735	17.710532	-24.109193	-4.910204	-4.687565	0.337088	-35.089227	-10.983464	-0.342480	36.931913	-21.306382	1.414844	10.451139	21.723652	11.348719	-13.520334	0.524690	10.431777	-15.711842	-15.803173	-2.211574	-14.525767	-1.327393	0.940300	1.314592	9.650986	-9.162019	-7.321714	8.676382	2.529574	-13.182752	-26.304247	-0.333735	2.884622	-12.810498	-4.374170	-5.320280	16.627367	-4.716643	6.467122	-12.710235	-9.617889	9.778314	-35.594741	10.265086	15.081808	3.641405	-9.591185	1.351509	-8.008076	-7.047887	19.797270	-5.618770	-4.430270	-3.202359	-3.447946	1.706198	3.670478	4.624129	-8.081429	8.119625	5.795951	-0.356607	5.074407	0.024260	3.161261	3.889283	-4.486538	-4.379479	-56.139978	-68.087452	-17.051765	-23.937029	15.592552	-43.731968	-21.382762	6.884682	6.802614	-25.977102	3.025656	-1.358458	-8.408658	-24.881996	7.676102	-10.582845	3.208041	2.247767	10.626074	5.186662	-2.663787	-18.211279	1.931707	-0.501700	-14.414428	-9.103874	-26.852506	-1.179600
-98.946331	12.877333	-21.048225	8.451559	487.359340	-205.849549	-19.838553	-28.763997	2223.516566	109.116337	-87.919774	132.129113	-442.871766	-171.159216	-647.115999	11.113222	-750.173219	-231.172215	-390.519333	-51.959336	-80.776002	-154.951555	-151.576889	2.117666	-6.035108	-136.603556	-7.953333	0.907002	-36.247441	884.757339	18.071888	10.885444	100.255558	170.273455	15.051448	1.487890	389.291782	-299.302663	-76.245217	98.928003	-217.763993	686.292231	-69.480996	-0.117889	-103.431445	249.975565	-35.277999	-25.205779	53.555110	-131.405440	-45.131445	6.274668	-12.768553	-149.564891	-10.271335	-10.248553	-25.810663	756.456896	70.802111	-9.970887	90.533449	301.530005	10.780337	12.632223	318.596789	91.827446	-68.245442	68.362223	-276.455104	91.998895	-131.849222	-22.058776	115.505783	-76.991327	-81.979221	10.590776	100.904112	-164.449993	-77.482332	-60.078663	-82.021222	-157.818773	-48.217666	-196.778886	-18.983556	97.514222	22.554446	-2.090000	97.046446	19.492338	-34.384105	3.052222	194.487121	7.394785	-157.779333	36.883111	75.224785	197.649232	-99.704888	-0.016330	174.915561	81.062229	-64.775886	24.866556	48.263113	180.910454	-82.161333	68.220667	-282.488881	68.665114	-20.745332	-95.714324	71.372339	133.811339	-158.512880	0.382670	-50.091996	65.168007	-163.395214	3.401887	-92.912551	13.970228	-112.547112	81.176445	132.454788	102.439891	-52.818438	49.366668	180.395338	30.815110	-63.400107	8.285332	46.497004	31.045668	-54.434444	39.712223	-168.920094	113.341777	-104.657440	188.543450	108.625456	40.195560	-338.875551	20.883000	22.177558	95.344001	-171.204553	17.994669	-1.846662	20.723673	-179.688774	28.212447	23.339559	-23.443553	-39.320884	29.354111	70.252114	48.970449	-28.085106	32.672559	-19.994219	-6.590999	-104.037329	13.154109	353.636571	8.503559	-267.525773	55.349337	-202.479878	-325.030324	-186.622997	-114.204551	32.893448	382.186233	-409.845999	157.913783	46.302448	559.309785	-55.254215	-34.955779	-74.422882	40.558230	167.702225	-167.526777	-159.408885	66.667780	-80.233996	80.840001	-33.994215	-19.147551	-275.980994	65.838225	642.210123	181.667335	113.161784	12.432446
77.549984	519.512437	33.869098	27.904792	395.305913	737.101469	118.346929	56.173403	109.116337	914.214202	34.731015	44.406843	-630.187404	749.729209	-66.253669	15.407693	-71.790462	247.004190	36.223830	20.909376	45.884379	-183.113114	-86.736280	7.751580	-18.549652	-82.798227	-19.251666	-3.008073	53.467485	179.585790	2.785020	-24.270085	314.906952	-190.001827	-67.501123	35.145645	205.982174	-214.938661	-139.482787	2.735454	-204.155752	-161.374696	-150.383237	-43.787029	54.804189	-431.242751	-234.854887	24.496494	-46.029231	-225.691290	-127.352756	33.829619	-20.183350	-30.544789	-17.297395	18.409983	-19.994374	-498.644531	-66.439529	-49.441770	400.673987	-572.740541	-86.696403	-15.919998	111.655672	-199.951081	-51.602963	-16.009163	-189.399917	51.949464	24.859191	-14.376300	32.072962	-4.890707	38.074749	24.387520	-64.483584	225.648632	-30.444249	88.930737	69.079361	181.002042	-2.093246	210.941120	82.324273	20.785665	57.920283	-1.172778	244.201780	-13.088234	-9.371673	19.092779	-26.474632	26.033053	-71.397837	10.938164	-21.500557	-84.732772	44.132443	-5.271125	107.405018	-241.486925	-19.424967	-44.357306	-36.169054	-275.726854	-81.911834	-44.815894	420.976412	-94.001995	-3.206770	-67.995722	272.498991	120.732685	-104.619079	9.892569	117.343516	-73.105645	-214.238333	23.184741	8.620593	-82.521203	-100.127562	14.380666	1.793617	-60.620633	-1.920475	-38.501384	7.995679	-109.145065	-145.440628	-14.612117	-16.567235	-75.674077	-44.340831	-35.359165	117.452190	-80.784507	77.487488	-195.440455	124.234673	186.495015	-202.055819	14.733634	79.331226	138.529109	-75.172022	11.107675	-33.180263	20.050272	-14.621847	15.259621	-73.153662	-12.858496	-38.369539	-6.353033	-44.743686	5.369796	-54.730203	-19.098904	46.091011	4.602032	35.914517	-3.001649	-112.152815	14.584345	-10.292654	-18.350485	-90.453495	84.136718	-52.248069	-169.373403	-21.804351	-56.160861	-116.950612	-49.780758	-17.824542	-114.294314	-120.623698	-8.642394	-117.012975	-102.086306	-21.951660	-67.252582	-97.491934	42.775563	82.038406	-64.307774	21.164634	47.444905	36.390380	-21.156041	-38.500157	8.061610	-206.325874	-13.828993
-5.307416	17.323772	5.395998	-5.987666	-123.909894	16.856772	48.896749	-11.886277	-87.919774	34.731015	246.749217	-29.735501	-62.898794	168.944899	197.409880	-6.132252	-44.742754	22.090262	46.500159	-9.072057	-6.724837	-96.748453	-25.467281	-2.412806	-12.504332	-54.340891	-8.225000	1.532862	18.755083	-114.937352	-9.473142	-5.087807	102.898606	-130.191381	17.737025	-1.989973	59.802929	-150.681792	53.467579	-5.873001	-131.662673	-49.009740	22.193355	-14.341974	-31.118977	-149.869462	-0.635340	-1.670057	-5.823449	-87.483035	-19.428698	10.167278	-10.940750	-33.584559	-8.839501	7.331473	22.013723	-103.639678	-14.412808	3.785333	180.735021	-86.258343	5.063415	9.683332	33.393341	-13.753704	21.397525	-5.604169	-197.275174	89.452765	52.661578	-18.269140	-30.893840	33.310485	68.961576	10.581025	-46.868980	100.184708	20.560802	51.145051	28.581636	85.928076	-5.589972	127.927772	36.302165	21.178551	55.670830	1.152778	125.103549	23.146131	21.662021	15.580555	22.092876	23.566186	-27.935952	12.699385	-72.187982	26.084235	66.457102	-21.801863	55.113877	-79.770846	61.721295	-8.307252	-29.053395	-115.584902	-14.911727	-18.784563	190.362484	-82.181792	-4.928555	47.872512	98.521129	35.568660	82.348434	3.645668	32.203384	-19.578565	-65.749094	18.311582	33.737958	-25.128563	-34.848451	43.453551	-57.347709	-18.018368	63.399827	3.673608	-7.304791	-54.655393	-3.262815	-0.310335	-30.915752	-48.285807	-32.151391	-13.465279	67.584380	-100.280395	59.043970	-89.626092	71.771891	57.463879	4.906935	31.967134	-29.110341	53.773768	-11.705868	7.126999	-18.443066	50.207854	39.675299	23.139499	-72.379014	25.577159	32.107549	23.456023	-46.091980	-16.023779	-13.462669	9.009249	12.460331	-2.205250	19.108166	-0.984251	-132.068395	-31.295225	82.559097	-10.333500	6.061397	105.074060	1.932860	12.156627	-41.112199	-17.687363	38.161268	-80.193225	-44.156337	-118.649240	-6.266066	-10.947835	-93.054339	-41.154341	-24.236116	-13.580865	-62.056952	-39.300005	20.277610	-35.227780	50.542268	7.540883	114.341962	-13.644610	-187.388606	-91.477621	18.015424	-3.795222
5.403700	68.816542	2.508769	5.649009	104.646780	69.822335	6.726477	21.000675	132.129113	44.406843	-29.735501	74.129503	-172.377676	8.610171	-53.329016	31.696357	-65.219697	18.252762	-21.622904	-3.194009	-3.027344	-26.665682	-25.148396	2.880803	-6.264325	-20.485617	-4.480000	0.003145	-7.653523	117.686529	0.715186	6.679691	15.774995	-4.069157	-4.882969	7.513639	54.754866	-41.509022	-26.425193	17.150058	-12.329888	15.616094	-30.178587	-0.675309	-1.056482	-12.586685	-36.844510	-0.730616	3.310988	-25.268034	-18.514815	4.017282	-4.251855	-19.674566	-3.431727	1.144812	-16.180437	8.265604	-2.703643	-1.084385	-2.748589	-30.730010	-1.909079	-1.437779	23.371399	-2.029265	-13.722474	13.390553	-0.041556	14.206654	-21.033150	3.124195	3.252831	1.416036	-9.814263	4.349075	13.596848	-14.775014	-3.166422	7.042833	8.297468	-16.443588	-1.586359	-3.543339	1.669383	-3.958952	13.226107	0.340000	-13.724511	10.881411	11.930360	-1.735556	3.780106	-1.345753	-19.724015	8.541604	36.560357	-19.875204	-26.267905	7.473699	18.984433	-16.253902	-14.103711	0.948579	25.200490	-27.759894	-4.397286	4.073207	0.491651	-27.393466	0.167837	-29.025820	23.118075	-25.866614	-23.219892	0.490120	2.228387	-31.401061	-21.325199	-5.995368	-20.367048	-14.531059	-10.764569	-0.843397	20.944241	-9.674759	-22.622665	14.002774	5.226594	9.642655	-11.156984	0.936606	21.282587	5.947528	4.431665	4.062777	-42.498122	25.443765	6.489809	8.274743	-22.713110	-15.228899	-58.527232	13.656851	13.949933	8.149872	-14.238647	3.211170	-24.117232	-8.907974	0.615301	-4.320498	5.359868	-9.903956	-5.573280	0.796851	17.432462	6.724562	1.730116	9.857033	13.583391	4.617529	6.440673	3.410743	8.506326	-1.525499	-17.424518	6.037341	-93.126934	-125.860390	-29.300190	-24.680319	4.558081	-0.836815	-68.818462	27.120116	-2.063278	51.151034	-17.098285	0.958272	-0.687665	8.042333	20.675551	-17.377533	27.789437	16.221106	11.654007	19.259997	13.275049	-25.185502	-21.286925	6.087342	49.388619	-3.187351	-24.284583	3.345615
-131.381510	-484.686887	-44.901323	-15.056456	-1301.459802	-490.140915	-189.484845	-97.044234	-442.871766	-630.187404	-62.898794	-172.377676	2045.731287	-434.551859	91.175330	-2.041723	260.298377	-69.505586	-125.139113	1.943121	-67.356882	411.811997	77.146555	-7.065053	36.695766	146.853225	37.657777	1.944047	-71.193734	-922.545802	-64.065162	17.224945	-607.600011	345.083901	-32.950404	-54.407173	-201.572462	361.349763	76.441814	-36.251010	528.516862	-211.168924	64.435041	81.921612	-81.229609	565.692186	161.089883	-2.193440	-27.842440	517.660592	157.970392	-28.037673	39.785157	129.776452	36.191005	-11.205953	4.359098	-104.549918	42.963833	33.194549	-595.906073	347.324425	82.445154	-54.267780	-68.353876	94.207047	87.426157	-79.787783	440.592415	-145.406693	-62.152946	40.401717	-115.862131	105.832087	-81.238505	-35.057384	54.189273	-130.705584	34.834941	-130.924349	-116.315057	-112.391629	-13.934948	-179.245567	-51.387886	61.598776	39.371104	0.893333	-340.824562	105.730592	116.075143	-37.220001	48.067961	9.909583	161.623109	-49.432333	121.050692	76.475127	-36.741338	4.581820	-145.478912	318.006641	30.803710	33.894943	6.219883	288.596850	96.545442	20.384221	-388.616698	132.923097	-0.468784	82.029464	-140.817190	-31.578798	261.223520	4.291322	-220.426573	83.822307	216.480691	-23.096271	147.017037	37.602312	86.216446	-63.272336	35.236239	83.446045	59.540196	-23.583340	-6.664576	97.578671	197.806040	6.042115	-16.588181	52.628382	52.226663	21.106664	-71.386236	26.427558	-63.620404	178.037257	53.503786	-136.526686	222.946648	57.907056	-206.260120	-189.592449	81.329379	-28.623230	82.242202	-41.217080	-1.339406	-24.288787	122.947542	56.418769	24.877870	-4.227387	-31.263957	-1.398683	85.234648	-35.145956	-80.339900	-4.874949	-32.139794	-4.038492	96.614881	-20.986567	50.253201	26.796876	108.141680	64.054796	33.464042	385.246035	-16.429401	92.860844	215.478661	87.822426	42.512319	-41.977919	170.744527	-3.010108	113.230196	120.066859	-78.870009	114.762719	-64.820014	-100.693344	-95.642015	-5.637783	-92.245471	-26.487685	-85.287190	-0.342012	45.031674	28.625327	303.125306	6.764550
13.799976	442.826892	33.471330	13.764782	56.059236	563.737015	119.209700	19.999505	-171.159216	749.729209	168.944899	8.610171	-434.551859	1251.476439	205.385229	33.689363	63.285646	518.679190	247.642173	24.903275	77.261611	-171.739771	-47.224053	0.114361	-28.729662	-100.936556	-20.002777	-2.893081	35.912478	-103.211978	2.958361	-33.466194	250.848619	-151.896274	-14.566686	10.166198	231.867184	-275.323095	-68.363906	-33.005106	-174.976873	-427.337474	-116.900462	-48.159249	61.990308	-637.574973	-186.230994	15.200943	-19.203665	-275.232404	-107.024971	29.535169	-27.777802	-61.737001	-18.868501	20.827753	-41.733828	-792.993980	-65.857860	-40.357886	430.880095	-613.097207	-51.384744	-29.961110	161.805114	-193.994407	-36.379633	-46.470830	-196.522705	22.941686	48.981976	-21.907414	25.507401	-56.951813	138.276424	32.879194	-34.498576	286.206966	27.060198	141.485176	104.969919	222.173151	-11.950471	299.483342	86.700944	19.649559	115.009728	-1.325000	234.607896	14.885652	45.024986	16.441667	-13.160198	24.673601	-68.949494	4.853724	-53.736120	-81.563890	92.899119	-20.072243	113.541684	-328.193036	79.702818	-50.352304	-72.365715	-409.854642	-59.257385	-44.448106	560.456968	-162.628652	-19.288442	17.734276	308.105100	115.975458	8.328689	8.353671	82.960178	-71.355094	-182.258341	23.254193	78.913934	-95.032875	-95.295330	19.030115	-33.295835	-67.191186	56.546737	-60.759717	-40.555983	-139.652277	-112.052293	-13.694890	-70.141687	-132.346302	-61.884719	-49.720831	267.239414	-185.943942	80.918036	-278.342124	195.426898	194.880570	-124.381930	19.493086	1.955120	160.165786	-3.273130	6.472670	-40.793040	61.898598	76.659261	10.596283	-140.281430	16.587065	-28.146766	-18.351359	-105.498128	-27.165770	-61.387990	-29.255578	25.233784	-3.154637	38.860619	-7.613864	-190.196701	-18.310660	86.335685	-34.658828	-21.699053	290.327837	-13.065299	-150.016178	-107.839353	-80.678628	-5.674491	-122.490768	-98.427325	-309.905976	-136.364814	-29.676834	-199.174096	-164.035204	-119.180548	-82.903691	-202.934711	-79.744437	35.402285	-120.394441	61.915740	-16.257877	120.348156	-40.969940	-206.671271	-88.180046	-97.064753	-13.471776
-21.268528	-66.180841	11.780262	-13.980261	-279.796915	-26.541357	11.737029	-13.202482	-647.115999	-66.253669	197.409880	-53.329016	91.175330	205.385229	559.624720	-10.049376	215.904943	108.838920	323.702497	-3.791960	37.024710	-35.786391	62.662359	-8.910490	-11.152483	-37.782089	-5.344444	1.581471	1.142586	-353.458593	-6.464800	-18.766044	-13.527767	-127.839469	21.737033	-14.800618	-8.203044	-61.864157	109.048148	-38.229015	-11.935801	-290.116632	99.460502	-8.732710	10.068536	-289.799964	61.306808	0.723465	14.858046	-81.667272	11.879646	6.432093	-8.901861	-25.808624	-8.876535	14.720360	8.097519	-237.934551	-1.554931	8.715426	111.916061	-87.655536	35.453698	-3.161109	-0.211692	-39.753677	56.238275	-29.266662	-94.552465	4.311137	84.696316	-12.433951	-46.612339	17.906827	110.612987	4.140755	-40.387013	124.733361	68.578405	56.565435	72.289514	128.049394	3.799380	181.433345	6.640133	-40.409862	33.533341	2.116667	103.856810	-46.106160	28.325930	5.044445	30.225322	-19.951843	28.691385	-0.904308	-81.701841	-23.718498	125.046944	-12.657413	-9.905532	-117.772196	116.657438	-14.032709	-58.193191	-164.302455	24.801249	-41.825282	307.894476	-98.553047	-4.912352	70.977190	-35.656156	-53.579004	110.241985	-1.830261	18.915437	-44.390110	36.281494	8.746308	43.113001	-15.390115	34.280271	4.906805	-119.657387	-21.849366	117.041976	-25.661104	-78.609844	-59.041955	42.461751	-1.887646	-60.157412	-71.883950	-22.677774	-28.438886	160.967360	-145.258619	90.564811	-147.656158	-11.754885	22.488908	154.138908	-5.370352	-46.765411	37.735833	99.339522	-2.034573	-16.033313	36.042598	134.210504	9.465429	-94.658603	3.979034	63.048772	-20.614797	-93.021586	-62.019145	-5.946920	-22.129637	-2.856792	-5.067286	50.391966	-8.114804	-258.565980	-23.362347	209.123490	-38.591371	146.754974	247.474130	84.092587	35.078422	-45.161723	-105.880794	214.363612	-121.058031	-44.323455	-320.248723	23.126559	-0.932090	-71.469135	-101.974687	-82.055546	16.256183	-47.722208	-90.899990	52.125299	-70.949995	89.243224	0.037660	251.571622	-25.463594	-391.900576	-179.541944	-12.430812	-5.351241
-8.012965	5.300067	0.195621	1.111602	-68.820617	31.247161	-0.868798	-3.300342	11.113222	15.407693	-6.132252	31.696357	-2.041723	33.689363	-10.049376	50.390711	-11.245708	53.329174	5.192013	6.527565	7.835899	-6.764376	-9.748022	3.062377	-3.942842	-12.612745	-2.862778	-0.007132	-8.653798	-46.126593	-4.657589	2.440711	-26.818053	14.545688	-0.869630	-7.276265	17.933683	-25.567706	-16.434629	-0.666698	28.667717	-65.255269	-12.666263	0.276545	-2.702311	-28.864991	-20.841631	3.606977	2.152844	-14.621540	-8.856478	3.746912	-1.635187	-11.990490	-2.431356	1.097035	-15.690342	-58.357804	-3.867622	-0.693921	-31.264596	-33.468328	2.621203	-7.636666	10.678188	-23.071475	-2.299876	-3.528610	26.192995	-9.344993	-19.419532	5.526790	-16.554196	-7.341349	-4.131754	3.119911	11.132135	-10.959715	3.680434	11.859137	3.134601	-7.378207	-1.631822	9.024447	4.440311	6.015590	24.228613	-0.017222	-23.284965	32.995404	21.565372	-4.329444	-7.656725	-2.977127	-15.390765	-4.018022	26.514262	-28.134624	-21.963265	4.027036	-8.689439	-17.839716	-1.650919	-0.779844	11.963646	-30.636724	0.631979	4.027290	6.151397	-26.031040	-2.953366	-6.114869	34.854850	-21.919473	14.771052	1.671602	-8.311418	-25.191138	-5.867959	-5.671757	3.055750	-17.017806	-8.395488	-13.556077	4.383431	-11.204286	-10.022006	0.868057	-13.391072	2.584233	4.370160	1.712255	7.203147	2.173457	3.223056	1.843612	-27.998160	1.167011	9.671759	-3.773484	13.331556	-21.766106	-12.064162	9.771578	-10.711075	-5.549931	3.847103	-4.155587	-16.794162	-14.215461	8.736793	-4.356420	-8.560485	-8.759131	-5.066140	2.190467	0.247659	2.982159	4.798826	0.610369	9.444413	7.371790	9.168548	1.189076	-19.508717	-4.078920	1.787261	3.064658	-19.044868	-13.167023	-4.663797	2.376272	-6.809597	5.448968	-15.787986	3.214937	-7.137808	1.146708	-13.511971	2.656977	-5.711728	9.209384	-1.501664	-4.433454	-7.866941	9.553336	6.570214	-4.313332	1.548584	0.892749	-7.178761	-2.468676	-13.680422	1.974236	-15.771592	-0.297810
-16.320377	-118.184500	-2.255609	-6.742725	-256.786062	-65.584951	-19.092878	-15.293559	-750.173219	-71.790462	-44.742754	-65.219697	260.298377	63.285646	215.904943	-11.245708	512.146261	67.084715	214.979666	32.776336	74.412446	78.289944	80.179139	-6.335152	8.847275	112.458862	8.615000	-1.581210	-16.722322	-417.100062	6.738709	-9.034597	-119.734725	-23.723469	32.050732	-16.612071	-184.612004	169.536607	40.774620	-43.071641	145.452271	-321.099731	58.986816	5.062347	112.027320	-166.181676	41.957749	14.734140	-6.653943	41.525981	24.100931	-7.763585	5.224067	109.113835	9.456918	1.445178	-3.561337	-177.412757	11.562625	-3.659974	-99.889296	-49.818338	12.952677	-16.992223	-121.940969	-42.264072	20.158761	-39.428612	191.644215	-107.372784	49.460097	7.640985	16.801967	-4.630867	35.697874	-2.961568	-44.071571	90.134715	20.705124	11.315302	46.598180	93.008204	34.760152	40.902219	-27.949194	-42.296139	-43.249168	-0.195000	-65.313363	-38.034852	2.219064	-13.462778	-80.833287	-3.790104	80.807999	-42.685306	-16.665382	-90.253163	40.152165	-10.035934	-95.267228	-0.950840	12.884261	-16.449598	-61.381418	-1.168843	48.859138	-31.246167	125.145826	47.862163	19.263915	35.415977	-120.808742	-76.063311	55.611158	-7.232725	-21.521921	0.081688	125.563506	-9.953234	50.574259	18.210578	87.947722	-62.840028	-34.268440	-47.612933	21.045882	-57.809724	-74.025033	-16.766999	26.717065	-11.871693	-50.093156	-27.395682	30.406388	-25.217501	146.920941	-42.373111	31.919899	-92.075964	-60.182665	-8.421672	189.213606	-33.871014	-30.733919	-24.356724	133.816234	-19.782752	19.278051	-17.328436	72.856538	-19.839141	12.966052	-21.831975	19.617801	-44.318791	-36.938767	-38.872171	-0.461060	-38.780378	-11.171642	-6.375126	10.503107	-9.047956	-105.689613	35.671692	120.158856	-38.673003	122.063753	245.334810	80.906566	0.273175	-40.667628	-59.446734	162.516332	-75.961616	-16.453865	-206.253924	1.160854	19.723029	85.850605	-35.578285	-87.685002	82.080124	56.577496	-68.474447	-26.550782	-37.685557	47.171410	1.465579	70.346536	-20.800781	-178.671804	-60.032557	-48.033951	-8.113863
-41.155579	37.308364	8.563920	-4.827809	-120.711142	259.983303	31.584699	-6.573642	-231.172215	247.004190	22.090262	18.252762	-69.505586	518.679190	108.838920	53.329174	67.084715	832.387500	301.704197	19.809753	135.912531	350.208364	145.027793	7.798619	9.844414	-8.659707	-4.652778	-0.573634	-17.868079	-211.347191	9.663912	-27.259715	-27.504167	58.316659	30.888866	-24.523619	62.590309	-26.319414	9.786088	-7.931960	10.724969	-234.951389	24.354159	-16.716659	40.354190	-185.780556	-37.565262	17.925015	65.044475	-11.769452	2.702801	16.622207	5.055532	-28.388858	-9.227762	9.105532	-79.268086	-516.948627	-11.118048	-26.829182	12.612492	-350.525000	14.490255	-36.333333	112.365270	-174.844421	20.872215	-42.890278	46.654136	-54.336111	-21.954144	0.038881	32.472207	-77.216651	30.884745	16.615301	116.820856	4.459722	41.825008	69.888874	47.243063	60.969437	-12.073619	98.622222	0.925015	-51.245818	112.406944	-2.936111	-2.859707	19.134715	132.486088	-3.802778	-14.169475	0.270810	14.684753	18.322238	-25.219468	27.691644	40.458364	9.172199	34.586111	-70.618056	90.252801	-10.356937	1.363904	-183.208364	17.905571	22.505586	179.870833	-102.530525	-29.426404	54.497215	110.004159	-88.712515	159.780525	5.872191	16.630540	-92.248627	79.063866	0.601412	46.775023	-115.470849	-31.797191	21.873627	-62.931968	-36.923603	50.023580	27.465278	-56.779151	-34.295803	66.370841	2.148627	-32.386134	-50.716674	3.329167	-10.051389	67.040285	-95.243025	40.176366	-49.804174	73.858341	27.997222	101.365278	52.856968	-56.756929	4.947253	33.013897	4.979151	-24.195833	-20.398634	98.183326	13.805540	-85.955525	3.477793	52.054151	42.101412	-81.177770	30.347191	12.730525	43.044421	2.595818	21.913881	28.004136	2.486134	-160.156937	-12.915293	115.340293	7.095803	134.469437	137.266690	59.126366	52.079174	-97.362508	-95.980525	104.570864	1.311080	-53.848627	-254.401373	42.583318	-2.402762	-84.027809	-64.211142	-31.186111	14.044452	-87.731944	43.372222	38.023580	-1.277778	7.824985	-56.723627	97.777770	-6.037531	-62.630563	-140.929136	-54.766636	-7.470849
-40.885193	-119.124731	3.140816	-13.375815	-122.271358	-52.772467	15.242864	-10.197203	-390.519333	36.223830	46.500159	-21.622904	-125.139113	247.642173	323.702497	5.192013	214.979666	301.704197	569.138884	10.053317	146.794987	66.973052	265.602358	-0.179657	-0.404704	-25.305145	-4.226111	-0.229917	-31.294358	-311.659150	29.289087	-33.624655	-32.687489	-120.961691	84.354812	-26.567562	-5.413879	-30.195825	98.130927	-36.793181	27.962533	-330.228021	133.166892	-18.421599	108.339368	-456.696075	94.934863	14.158464	74.822489	-182.327827	32.204645	14.709871	-14.557416	-22.850848	-11.864314	13.154805	-26.846091	-153.757606	63.294791	-10.627073	10.320783	-69.720536	67.108421	-14.535554	31.005809	-58.491455	47.111609	-31.254717	35.909481	-60.621640	69.267704	-12.265062	101.238773	-74.493174	131.991041	12.644921	53.266041	139.237528	71.113405	80.725436	76.809236	161.623283	6.560213	204.431123	-20.180423	-67.072363	10.021396	-1.271667	23.072642	-106.655882	34.369820	-3.831666	37.492546	-32.571008	42.693884	-2.377642	-6.779062	-30.474608	126.977498	-1.958523	59.139468	-151.449141	122.426882	-20.670764	-52.275969	-194.066343	6.694582	-35.929728	363.476420	-100.038048	-10.773185	66.054413	-138.359766	-158.084837	65.053653	-7.052482	27.740438	-87.396498	136.269828	-5.113415	40.131333	-27.958725	65.576381	-3.345140	-31.403775	-21.846311	93.057811	-11.862493	-41.565678	-61.970012	15.573695	1.864298	-63.379077	-90.678394	-28.784163	-39.665831	241.853193	-161.080565	71.957868	-192.614769	-110.076552	-36.061647	265.303074	-63.895631	-9.345689	-35.230280	134.785633	-15.882072	30.805298	-32.499346	138.230505	-10.959015	-62.525271	0.041256	63.211828	-31.497854	-69.359364	-19.174143	-23.935252	-8.252969	-0.598736	-0.676730	30.100578	-6.207582	-233.952924	-7.958735	215.367101	-46.389980	331.695530	338.015240	166.765643	5.612032	-31.234222	-112.695795	259.446666	-82.456919	8.089046	-311.853446	59.868782	-0.969312	-85.874690	-151.456908	-52.670546	-24.728262	-103.999708	-85.969990	9.615578	-54.253328	94.719336	-43.852617	155.040512	-17.089981	-240.968909	-160.398889	-85.369702	-16.484296
