5410.074729	1037.515949	225.490738	319.718259	370.768458	127.342878	18.843461	17.639469	109.569937	227.631169	11.609798	-6.135052	174.685576	419.111965	-20.807030	43.555245	-751.629551	385.787297	-97.983505	14.560577	-461.992162	91.040232	-19.776669	-80.834920	-25.512654	-412.208046	-54.595905	-0.623008	3468.388396	-496.123168	58.358027	-98.703215	100.117724	111.767646	-0.281297	-0.156127	-22.597340	-31.617432	-103.252707	13.123854	101.504907	-217.575677	-196.179351	44.829585	194.576958	33.758842	-106.076776	119.614705	-41.159267	90.545678	-42.857870	43.828492	-57.857461	-345.545582	-56.066068	-32.318660	1043.494838	-318.359320	-107.712644	-150.464018	-186.211463	11.068336	-26.668087	0.407955	-37.499723	-123.106157	-43.593670	3.208762	99.425833	-154.288416	-61.639541	19.178663	39.542790	65.062855	-13.003137	46.216544	-124.878559	159.661197	-40.360105	46.340935	-78.358501	100.381878	5.413647	-11.684061	478.541272	-125.440878	-166.617217	-16.078391	-189.029858	5.546066	-21.692806	-6.903516	38.090649	80.791813	-67.552937	-6.192487	68.342962	93.985364	-14.193388	9.082687	117.573900	117.187924	-39.271828	10.813745	-59.988713	93.300051	-26.480183	6.542170	-73.953135	157.956153	6.467978	94.341412	258.878079	-30.201851	-95.267935	22.433593	-75.494756	6.880143	3.878135	0.340801	63.300282	145.649497	-69.473162	4.912867	42.022670	174.863692	-133.425217	-32.451175	159.398167	162.122793	-53.467936	-15.827896	154.014174	67.066172	-1.450652	-88.518423	2.284252	215.501888	47.064122	-64.914627	303.903686	-15.194512	-38.943318	-17.108741	72.792427	8.122197	-4.986161	-7.983850	-102.569454	142.525350	-41.383006	-28.865572	-154.634615	196.313626	-91.212224	-4.403462	-72.240302	208.640436	-70.075716	5.228349	190.317843	158.278663	-5.444975	-42.848577	-54.656471	-306.623739	2.569812	-193.742947	800.012289	-144.965496	-51.869401	158.727436	167.278555	77.996812	-0.858322	78.273984	74.633308	254.694658	-13.992997	-272.661413	-185.111286	315.277757	-119.203474	-354.516210	-115.783296	253.825468	-207.080549	-27.763204	-69.447934	79.169920	3.346702	-29.776530	-183.098901	57.691239	-5.920729	-115.881338
1037.515949	781.759278	43.651199	93.730364	134.802019	132.373451	11.673461	11.400745	35.802131	103.454222	7.925208	1.822944	148.865919	67.221926	-19.488196	22.707368	-144.216842	99.313061	-59.482990	15.991153	-114.066228	-148.903536	-35.978369	-19.243690	-87.476610	-555.689227	-51.643173	-1.268245	930.867290	78.053745	-20.676313	28.420789	158.356176	47.219329	-13.185490	10.701195	-15.435912	-39.518657	-32.796007	9.239694	56.601656	-102.202479	-62.592465	7.970459	16.852148	2.178855	-34.704749	22.112628	-25.472421	-34.154062	-19.249941	18.640447	-24.267961	-323.120726	-18.091518	-10.627752	182.934224	-113.401974	-79.818377	-5.194593	123.840626	5.406403	-15.964497	6.124192	-4.818761	52.240350	12.548739	-1.072192	39.567440	125.021145	5.123936	6.447688	-64.343518	104.887962	19.707872	24.837262	-121.360758	90.057485	8.103043	20.941482	-2.190483	59.105647	17.370046	-1.883043	-92.583170	-28.910467	-73.743503	35.098381	154.107403	7.016748	-8.606461	14.249826	49.212644	41.945998	-26.835684	2.173966	47.223136	60.718191	16.446801	1.189352	-11.667217	49.175489	3.303920	10.347501	-94.669684	18.198089	-2.989414	18.152831	-25.580200	42.983132	-0.663146	32.582655	-219.826779	-6.330779	-28.358935	35.347040	201.344759	5.807731	-12.808519	22.657765	57.942607	-15.202632	-56.676573	22.745624	96.470318	-9.575772	-15.081982	-2.786003	42.852481	44.246248	-13.748953	-17.032155	-53.618922	78.571264	5.306885	8.386934	-25.346069	204.163480	17.086839	54.436264	-240.158555	3.829028	-11.448798	-8.194454	195.409893	11.160253	-8.137965	24.945474	-149.334447	-10.887835	-17.207685	28.507389	58.117265	0.696486	-17.976006	77.965805	4.616805	55.669856	-43.466525	14.175346	81.573636	7.221525	-10.887085	-24.907776	-21.556903	113.327195	17.137342	-21.381336	-339.421432	-86.301706	-19.602679	14.501953	307.865966	101.049927	30.319066	51.644360	-118.607079	-104.667228	-1.806646	-135.751744	-56.922324	-201.867364	-82.006301	21.166832	-89.907218	111.495611	-128.419305	58.487442	54.539632	43.111488	34.495641	-41.910660	-79.910788	-26.023692	11.143231	-74.162115
225.490738	43.651199	55.360605	6.003327	24.358259	25.987611	7.399316	-0.386320	3.295498	21.541851	2.082891	-0.032765	6.235112	33.820150	3.296459	-0.199777	-21.055131	28.902414	3.053901	-6.057977	-7.848209	4.840338	8.462579	-9.937112	6.463406	-36.822322	-3.799732	2.634079	196.816970	-29.034706	36.024315	-13.485968	6.313591	10.838394	2.359868	-2.161850	4.680269	-12.238329	-5.871609	-0.669196	5.750366	0.072960	-6.743332	1.549707	12.743811	6.147849	-6.601763	0.423545	11.308275	13.125485	-0.686476	0.643920	3.345377	-15.613194	-5.272839	2.722461	52.034255	-15.311350	7.673272	-11.436898	-19.167854	-8.950125	-4.350985	-3.276411	1.336159	-31.712864	-3.638437	-2.886634	4.163517	-16.773004	-6.928279	-1.249932	3.842337	-3.591072	-4.960712	-0.487778	6.818579	-7.968010	-0.322606	1.614473	5.013963	-10.459415	-0.910860	-0.884421	13.297537	0.216560	-0.471770	2.390013	-17.777886	-2.427732	-1.769857	-1.066301	2.978524	5.092426	-4.145307	0.621010	-4.661597	12.954383	-2.672798	-1.048840	1.106983	5.640749	-2.298028	-0.435656	10.847963	-0.183534	-1.163322	1.027447	3.709822	16.235887	2.449977	1.453144	6.731374	10.978216	-4.846556	8.886364	-10.461545	-1.789532	-5.345258	0.503525	22.943443	1.465060	-7.061998	4.344392	3.248645	18.040797	-5.886691	2.520458	-5.817714	10.246675	-1.302769	0.431131	10.995778	-11.467582	1.509383	-6.397902	-3.542135	16.586471	7.434399	-5.991765	13.907587	8.480477	-3.145123	6.170132	-13.764288	-0.267204	-6.183821	-1.532194	11.707821	1.614685	-9.424914	-1.846418	17.709611	5.144274	-6.094986	7.853085	-14.577090	5.894051	4.208026	1.828887	6.042987	-4.736483	9.087145	-7.206705	-9.209095	-27.118479	0.426248	-18.088121	57.044443	5.690091	-3.509142	30.895540	9.443621	11.607355	0.068426	1.391396	-3.851913	-6.788786	-3.513984	-34.651109	1.555888	-18.885311	-9.414647	-6.185516	-26.595327	-4.497704	-0.343530	0.265996	-24.464677	-14.786963	6.599126	-8.891668	-34.355077	-35.684184	-4.910845	-15.268015
319.718259	93.730364	6.003327	73.514922	22.112259	11.087293	4.046683	5.893605	4.630397	40.153612	7.105066	-1.479716	43.256624	55.562154	6.207411	8.288766	-47.959519	57.553707	-7.407344	13.790600	-92.100042	41.712261	-4.103644	-8.272353	-16.381696	1.190226	-2.375244	1.543857	251.376177	-19.077229	-2.595898	20.297110	21.879257	10.679718	-0.678881	3.568816	-6.939708	-8.031622	-1.174024	-1.323293	14.660342	-38.558482	-14.121531	2.966251	38.273123	-15.546415	-12.246603	10.528055	-18.120456	-1.610350	-9.789015	0.472073	-36.189220	-88.730455	-15.535043	-7.301257	75.454548	-35.975528	-14.084547	-9.449566	6.885517	-3.847896	-3.148563	-0.835670	-4.432464	-16.180255	-4.931869	-0.813835	25.227141	-23.109324	-5.708963	-0.538530	34.643940	-3.348668	-3.440161	6.626899	-31.045451	-5.974579	-4.970726	4.240711	-38.535834	-25.110372	-1.792093	-1.686302	16.327992	-14.331099	-10.879643	-0.395584	6.282011	-3.060402	-5.453365	0.748401	5.400976	-14.147320	-13.638978	-1.060687	11.348129	-17.291020	2.196821	-4.330499	11.015317	-2.052871	1.217080	2.312789	-21.674571	17.575753	-1.653689	10.173434	-35.679124	32.933665	-0.712742	15.091265	-10.668518	-9.221584	-5.723840	6.886869	-2.496640	-0.390669	-7.079645	4.247716	-0.501946	5.491697	-18.690329	3.952117	13.684485	12.739707	2.787520	-5.633698	31.724454	9.787716	1.014064	-5.427327	18.852583	10.786522	-0.454947	-2.874792	-14.417963	52.188549	-0.265629	6.319103	-13.511492	2.452233	3.012184	-2.746186	0.718109	2.976892	-1.856768	-0.994181	-0.262001	13.428508	-5.164522	4.206487	12.491791	6.655533	-6.298965	16.799576	16.210126	-6.733400	-14.419071	0.459816	43.212944	0.555041	-7.687938	0.041459	-19.988403	-18.751983	-2.322316	-16.977134	-30.647650	-10.631325	-2.604506	5.104086	33.846021	3.124113	3.698160	0.668804	2.058132	-21.366708	-2.545887	-16.382896	7.688106	-32.929000	-6.852133	25.551386	24.729203	10.861500	-3.721940	15.932587	41.412583	0.978981	1.417174	-0.264307	9.670494	-7.448160	-1.930084	4.438572
370.768458	134.802019	24.358259	22.112259	193.894754	41.775011	13.054008	15.727599	4.962774	27.262502	12.067991	-1.657475	-77.092526	89.281854	23.788520	-9.525310	-157.311598	126.239086	5.617044	-10.452600	15.820619	129.791092	18.930550	3.286005	52.220479	74.049312	1.742143	29.764655	192.956266	-40.857854	31.030078	-21.727914	164.989226	-21.795627	9.320852	1.788143	6.804235	-77.780333	-8.864669	-1.991728	-29.491409	-43.466292	-6.441642	-10.109393	-8.553600	-5.338304	-12.535810	3.336355	60.741075	-107.310945	2.014122	14.469478	36.263279	-144.131988	-4.060388	-0.268130	-33.290468	-11.567937	9.755383	-18.023392	103.465850	-37.070260	1.832035	-2.460064	4.593933	-72.266749	3.977069	-5.185743	-30.767137	-37.442610	-0.539111	-9.060204	-72.979106	-13.221441	-0.986502	-6.530122	48.236691	-40.409151	-2.810088	17.152006	78.541014	-58.747203	1.844783	0.398675	-88.999974	21.306014	11.577179	-4.821635	83.064326	-4.828811	-1.501089	2.433899	14.031956	-23.525213	-3.773282	-2.180585	-3.818121	27.823720	25.993108	-10.084358	-103.132853	99.809292	16.217024	-14.742514	-24.818872	31.966496	4.828714	11.179728	98.870025	68.591013	2.818359	38.828300	-84.174908	32.175332	14.796441	-3.384913	46.023417	-9.036462	-11.068782	-0.200783	10.059135	-69.020944	-0.007152	-6.310453	60.447742	-31.261409	34.449039	-19.332314	-20.071894	34.620675	7.252232	-15.195254	-8.677441	-8.935274	14.593632	-14.751793	123.113643	95.413863	27.325269	41.831200	-54.217985	27.964526	-0.881272	-7.038629	17.376659	-2.825189	-12.265455	-5.325400	-10.141725	-43.345331	-1.042600	-15.238441	24.238161	-63.601960	-2.624125	9.648512	-18.979062	5.778914	-9.289332	-3.207815	54.033922	-21.672514	14.406711	-31.685142	50.336127	-82.848196	20.604910	-55.583730	-21.569334	61.557219	-0.019250	38.136931	64.637083	50.024117	10.888078	18.890373	-12.868234	-64.795940	-4.374906	-42.494437	-6.321174	-83.255953	-34.915229	17.164425	-31.192784	32.929065	-33.122718	5.715796	9.085662	-21.494466	26.867626	-23.011611	-112.585699	-120.374745	4.645810	-73.801113
127.342878	132.373451	25.987611	11.087293	41.775011	169.205555	17.435529	0.696488	25.532108	168.788290	9.408653	-1.210938	46.809611	108.319743	3.965434	5.786207	-114.703395	94.180735	-10.831002	5.478003	-34.518935	74.459902	-2.504623	-2.590498	17.294283	-30.671002	-5.261696	6.384233	61.114490	32.849689	21.902871	1.361752	43.119913	68.734470	9.067775	1.107372	-8.353219	30.179978	-13.629339	-1.616299	24.551688	-28.787505	-17.237647	7.469594	2.898202	39.775234	-8.712602	4.937112	-25.359011	-26.978965	-9.264443	-5.085229	1.071106	-104.217790	-8.987278	-0.056004	17.000134	-7.641363	-1.812183	-7.969148	20.307099	-23.631885	-8.526537	-2.300731	-1.143192	-68.031107	-15.238555	-3.341010	39.087359	-44.361691	-11.798887	0.438741	31.969854	-11.365775	-7.708131	1.511596	-46.631869	-43.595257	-7.333970	0.179720	8.297885	-52.058558	-1.808419	-2.669756	-8.555644	5.993565	-3.362920	-0.432331	28.669095	-4.449227	-3.053451	-0.252328	32.019032	19.478522	-3.319484	5.927185	20.031969	67.062270	12.031820	4.886803	-22.346199	57.332502	8.773749	4.167877	-59.023054	22.163969	0.354825	7.336509	4.855775	-2.422551	-0.602021	9.172292	-43.472734	26.953048	-0.256373	14.197383	30.312159	-1.899020	-5.911244	0.570291	73.292094	-11.231801	-16.795778	15.100507	53.924427	-16.314808	-7.160508	14.958530	10.033973	-1.581205	0.815687	-1.618239	-34.553332	51.845617	2.693884	11.631525	25.685647	51.178987	0.823213	35.314988	-36.551489	1.700550	-5.074570	6.780162	4.442559	0.302142	-6.370362	1.788589	-21.960234	-14.933669	-22.461251	6.843162	59.830077	-37.208785	-14.043038	27.281024	48.662883	-9.771863	3.824514	0.812476	-29.288649	-2.343815	-0.830983	-7.403887	28.746883	16.915794	1.219995	-5.892575	-28.895993	9.010514	-6.659426	39.362587	65.226122	42.950667	6.722656	36.418152	-48.521794	-53.207453	-2.557818	-42.411148	-10.067698	-91.949546	-16.847045	-12.109893	-18.758775	-66.678141	-35.367971	-2.620697	-54.918685	-53.608806	-17.414854	-12.401143	-76.089922	-59.873699	-5.759701	-34.737244
18.843461	11.673461	7.399316	4.046683	13.054008	17.435529	10.483523	0.379079	-0.059374	27.256938	6.580118	-0.343120	5.212768	27.064143	4.261135	3.037689	-23.423214	19.872225	0.537616	4.325389	-8.489418	27.953473	2.125748	-0.536986	9.498997	5.343048	-0.285523	2.148490	18.180879	-5.776867	7.304360	-0.040544	15.945202	8.095865	7.871227	0.118939	-2.006672	-0.844159	4.266670	-1.453757	-0.417446	-14.977551	0.397958	1.058015	3.804589	-8.640599	-2.354150	4.384195	1.851271	-11.521468	1.084870	0.575346	2.938874	-26.640183	-0.996838	-2.328778	-6.143465	5.986228	3.629969	0.290433	4.519866	-3.978592	0.461413	-0.736654	-2.204866	-12.933637	-2.184082	-1.310453	-1.011834	-13.263224	-2.066711	-0.719058	5.515863	-9.308611	-1.953458	2.245027	5.738630	-14.797897	-1.702031	1.135048	-0.389377	-18.677129	-1.286345	-0.908882	-10.152661	9.961575	2.487092	2.391349	3.087118	-0.312575	-1.142502	0.132779	0.470483	-2.378409	-0.734786	-0.114987	-3.901050	5.476791	1.898322	-1.358472	-1.728399	5.965258	1.854184	-1.575682	-0.903265	-1.776763	0.186090	1.712768	-2.034767	-2.458463	-0.301651	0.982315	-10.036482	9.649104	1.774423	7.724814	5.642084	-0.963314	-2.480774	0.524707	7.288519	-2.306134	-0.305232	-0.493747	2.410650	3.777557	4.417434	-3.126336	-0.345149	-1.099254	2.251443	0.428623	-7.668690	2.888448	1.175857	3.205290	-3.882436	5.909339	-0.745169	9.278850	-8.035514	2.851111	-0.367068	3.896628	1.888472	0.950469	-1.849633	0.628575	7.628281	-3.413635	-1.749601	1.092804	9.044680	-11.201728	-0.551337	0.385146	12.346216	-10.688015	3.102790	-2.830034	0.574222	-3.411572	3.080387	-0.116414	-3.134701	2.125572	-0.455581	4.829674	-2.019853	10.402500	1.271375	6.235048	10.500414	5.886023	2.997195	3.090059	0.902699	-13.146544	-1.444009	2.298153	5.237169	-9.846554	-0.326685	9.960881	7.358920	-7.622125	5.735887	-0.332096	-0.879325	-12.576768	1.010157	-2.864665	-15.595288	-12.266747	-1.235075	-5.842124
17.639469	11.400745	-0.386320	5.893605	15.727599	0.696488	0.379079	4.289535	-0.510482	1.547695	2.372171	-0.016880	-9.689975	9.351751	5.676544	-1.847097	-12.205544	14.104670	1.779752	-1.275638	-1.789837	15.504644	1.446042	0.800780	-0.566753	11.704200	0.559870	4.183429	7.986814	0.495821	2.168737	1.327020	20.309352	-2.769874	0.425081	2.723604	-0.565717	-12.849490	0.999934	0.018569	-5.687437	-9.593492	0.266603	-1.434423	3.862558	-6.355841	-1.392193	0.165301	10.405163	-16.164504	-1.280247	1.672729	-3.329964	-19.252868	-1.511696	-0.443697	-9.369539	-3.077224	2.208495	-2.439959	16.791816	-4.988677	0.329751	0.041664	0.314153	-7.719514	-0.695199	-0.184936	-5.753722	-2.869596	0.326965	-1.445295	-8.549489	-1.921576	-0.149989	-1.947201	10.163875	-6.662164	0.054468	2.121535	0.986851	-7.321457	-0.210472	0.166589	-13.291682	0.558764	2.407438	-2.123953	13.688097	-0.682941	-0.585010	0.210598	2.977850	-3.628326	-0.721160	-0.413277	-1.734632	0.833033	3.431977	-1.768692	-14.033380	7.289357	1.895878	-2.346466	3.689941	2.460169	0.162338	1.790173	3.261175	8.987482	-0.053888	4.782183	-10.712972	-0.557096	1.818917	-1.862623	5.609270	-1.137655	-1.839537	-0.334996	1.265420	-11.201225	-1.033887	-1.234850	7.688295	-8.739193	5.404861	-4.122244	-0.728889	4.309556	0.449244	-4.019661	2.402123	-2.771917	0.653712	-1.539897	7.566660	10.693523	1.824224	5.975787	-9.710067	4.066367	1.214087	-1.458501	1.557116	0.109625	-0.812515	-1.684046	1.328818	-5.806238	0.401924	-4.207911	8.975493	-9.090864	1.323774	-0.496486	-2.400044	-0.809907	-2.071358	-2.095622	8.764460	-3.202179	0.620447	-2.809680	4.591479	-9.146318	2.273988	-2.847969	-14.096503	8.287649	0.726727	2.929718	6.974765	3.445555	1.486705	0.807796	-0.631778	-9.197532	-0.653957	-3.948854	2.540821	-11.567824	-4.026703	7.204733	0.804172	6.340834	-2.277232	1.808640	7.955518	1.656533	3.527227	-1.228650	-3.168087	-2.584616	1.150165	-2.438448
109.569937	35.802131	3.295498	4.630397	4.962774	25.532108	-0.059374	-0.510482	131.202962	90.654843	8.613765	22.431818	145.286054	166.175645	1.965469	70.279163	-234.892198	68.396795	-15.316730	6.058050	-114.564862	25.599562	-4.890160	-14.913599	-1.712572	4.111830	-7.334796	10.067792	137.082512	1.137684	-3.341663	-11.027987	-20.995015	-15.018634	-8.613584	-4.832067	26.382107	-77.001733	-29.202190	-0.689947	74.564093	-117.023320	-42.257155	37.392715	-5.604833	-19.503971	-28.724495	23.322419	-24.379106	-53.311179	-16.279600	-10.575428	-20.428167	-210.198951	-22.858932	-9.310807	97.423552	-24.077940	-17.086137	-12.766809	-37.669582	-0.811255	2.083384	-2.158099	-16.577447	-26.730151	-5.230103	-3.459553	42.259678	-58.299840	-6.251094	13.990669	-2.972883	-14.835041	-0.206559	15.925889	-74.737603	23.358862	0.469088	-0.335895	-9.696777	-44.948626	1.558337	-0.599545	48.297376	3.109788	-16.745324	-5.018118	-20.707503	26.478529	5.590655	-0.284909	15.909897	60.865658	20.417480	2.888303	30.714575	76.050714	11.613399	11.638554	-29.890299	35.529213	5.137414	29.269137	-94.355811	30.190361	3.344742	10.724047	0.839137	21.439037	1.196241	12.619349	17.065109	1.423812	-15.020022	13.294704	-2.745637	-0.332439	-7.158589	2.091805	45.207688	5.234239	-18.123516	6.123092	11.510396	-29.945172	-16.855714	-4.800135	22.876646	-21.893191	-1.959307	9.759936	-18.967229	14.511087	-1.457997	3.007634	15.395883	8.900381	1.262000	17.190363	11.273750	-6.994999	-9.632801	18.864190	-33.625153	-2.292100	-11.347743	5.582318	-22.985345	-5.083254	-27.898747	32.729226	4.988399	-13.627033	-11.163351	12.220175	16.511416	-10.875280	1.566627	-6.569903	-3.657776	0.344338	0.703447	-6.547384	19.375106	-20.928093	6.231286	9.783126	33.191779	-50.880886	-2.154901	14.310281	-26.015400	-7.870703	-1.653811	-0.857600	-49.963289	-71.699180	-4.625124	-9.393505	11.693031	-74.145124	-22.182068	50.059339	10.445058	52.356876	-38.632086	10.780117	25.638330	-7.794777	-0.673352	-5.944789	1.971061	-37.130419	3.628044	-11.014557
227.631169	103.454222	21.541851	40.153612	27.262502	168.788290	27.256938	1.547695	90.654843	517.895156	72.705738	2.838306	16.418516	648.409678	96.377667	8.324920	-421.347982	446.103776	34.441760	29.363206	-187.404095	531.795933	29.905659	14.237014	112.958687	403.159130	20.024557	39.818816	175.244764	-10.752325	7.462337	12.664190	-7.918449	57.935453	-0.370741	0.830372	32.054165	87.465363	-20.361491	11.576145	-6.809004	-76.242223	-88.076370	23.959893	89.569701	-52.631373	-72.446298	46.387540	67.442952	-228.188458	-41.803114	-8.170903	-53.131578	-451.823169	-64.987279	-11.354854	147.108151	-51.777558	-27.457111	-0.517495	-98.279920	-117.417266	-44.931426	-11.590980	-52.551996	-435.657830	-125.688784	-12.922105	31.470106	-441.441122	-100.623831	-10.011184	157.863500	-197.840538	-48.227413	11.860875	68.267881	-204.147086	-46.066623	29.285289	-16.999868	-248.903397	-36.758139	-1.863365	127.050049	-27.264849	-29.649032	-12.696814	-40.071885	-20.763161	-8.766341	-4.364541	50.392336	53.446453	36.544337	3.144440	-36.722416	253.793467	40.390137	7.297332	-160.267392	153.520308	18.974135	9.934228	-89.372505	78.865833	0.758280	53.520452	27.387754	68.528597	-2.966031	61.842166	65.092285	-17.328278	-20.071057	12.279311	13.881113	-1.258494	-11.269204	5.273204	226.625182	-1.865929	24.416473	22.907941	22.910358	-16.721552	5.791900	-7.031391	-13.782876	2.424483	-19.210351	-13.746696	-67.174739	60.325651	11.874661	2.643634	95.385774	202.113596	0.520413	139.100981	44.091433	-26.082649	-11.939682	21.665038	-58.302898	-2.754556	-19.805889	7.070322	96.239908	-36.982256	-43.002652	59.723015	73.683563	-122.278953	-20.858697	0.883749	88.543401	-95.857906	45.764482	-58.787398	20.864961	-64.814610	17.201054	-50.907872	15.765835	-43.583624	0.923377	-76.780096	139.533663	-91.169406	-0.418036	51.564897	-57.529629	-0.355117	2.888939	15.568481	-38.341285	-86.074353	-13.038150	-3.891775	-0.608694	-68.321053	2.593269	17.699110	-31.630001	-108.228904	22.803563	-24.750469	-92.677279	-131.766820	-5.688046	-42.512128	-216.284162	-199.282037	-11.018564	-134.191257
11.609798	7.925208	2.082891	7.105066	12.067991	9.408653	6.580118	2.372171	8.613765	72.705738	28.917315	-0.236594	-38.591917	130.614237	44.634375	-5.768864	-121.246449	109.465204	27.907852	-0.910189	-25.434280	143.660965	16.644186	6.439621	55.075288	120.388235	7.670676	15.954727	4.605833	-4.825833	-2.818400	4.612270	17.761834	0.020764	7.735855	0.804969	11.615477	-5.560910	26.911222	-1.770421	-17.327513	-36.903138	8.514245	-2.490113	26.552117	-37.139247	-12.503520	3.103554	48.652637	-86.708087	-9.587668	-0.432969	-2.141983	-139.347273	-15.714582	-5.385189	1.036365	-10.053064	-6.507433	1.740722	5.488072	-24.851158	-3.317974	-2.433334	-6.667358	-96.356124	-19.410493	-4.285353	-9.318921	-105.868800	-18.012701	-6.117872	27.882660	-54.820358	-10.480587	-5.511922	47.675204	-60.022627	-10.462098	4.318491	12.177223	-76.530488	-8.889163	-1.117672	0.880379	-7.168183	-3.153659	-1.742109	10.126916	-5.737794	-2.114935	-0.319411	7.510147	-5.287885	6.259928	-0.972115	-16.370974	39.883763	12.947396	-1.774492	-41.340178	37.306806	7.811822	-3.644549	-7.028689	7.105938	2.897017	7.003394	14.368742	14.738612	0.763268	13.777543	-6.620390	-7.138394	1.082768	-0.386208	8.719800	-2.730322	-5.107910	0.951455	34.686229	-22.838954	4.015526	-0.262933	11.089851	-22.294610	15.573150	-11.809721	-6.803163	-5.167804	1.980666	-8.694307	-21.738771	6.010091	5.344588	-2.048612	15.661378	62.392056	5.626724	34.994738	-9.672149	-5.409341	2.193699	-0.933786	-11.073302	-0.648455	-4.381703	-1.865038	21.301043	-17.225759	-6.069097	0.764900	29.619406	-35.669080	1.161241	-6.289056	25.571960	-27.611111	12.298713	-16.678365	11.198975	-18.673195	7.901350	-13.631816	-1.782758	-0.942637	3.793258	-15.913188	-1.164345	3.057603	7.284434	4.217678	-14.921684	-3.286604	2.406457	-3.436391	-0.862702	-35.383353	-2.719571	-0.291175	9.945717	-29.548108	-1.448214	17.299182	4.640073	-24.169246	11.512407	-3.257820	-5.293911	-37.517328	5.805269	-10.316726	-54.176972	-51.847656	-2.558529	-33.680206
-6.135052	1.822944	-0.032765	-1.479716	-1.657475	-1.210938	-0.343120	-0.016880	22.431818	2.838306	-0.236594	8.555289	25.034204	9.728028	-1.847215	18.088685	-32.818000	-6.285042	-5.386654	1.203512	-19.312002	-18.890539	-2.268829	-1.374187	-7.529668	-27.315796	-2.333084	-1.009301	15.850175	1.669269	-0.236808	-1.137392	-5.988491	-5.153540	-2.174355	-0.312756	1.601479	-17.954738	-6.757321	2.448816	15.965663	-24.064244	-7.815538	9.855714	-3.538596	-9.077372	-5.370045	5.325967	-8.179997	-10.323382	-2.158085	-0.823521	-6.271243	-27.403929	-2.578410	-0.791313	14.996061	-3.905918	-1.884769	-1.245259	-6.059253	4.879595	0.754798	0.374465	-2.101740	12.813792	0.111367	0.338870	3.406838	2.751754	0.839286	3.590668	-11.024822	6.153461	0.898632	3.997884	-11.993475	23.771197	2.461297	0.276180	-3.077367	7.301008	2.556293	0.313505	4.705859	3.622333	-2.281702	0.956481	-2.269119	9.351904	2.066282	-0.054295	0.253797	16.142051	3.549302	0.232316	1.653320	8.995037	0.363127	3.037160	-1.237337	2.750188	0.080958	7.701749	-9.146539	6.648849	1.114870	0.259792	-2.321968	6.604692	0.670231	0.812307	-2.294905	1.669004	-0.981662	4.696235	-1.242452	-0.329547	-1.635176	0.477375	-3.334799	-1.125439	-5.356134	-0.198187	-4.642651	-8.011935	-2.957669	-1.009467	6.626750	-7.407314	0.225759	2.947937	2.365475	-5.163918	-1.129953	-1.428571	-3.122316	-4.649414	-0.312250	-5.315623	-4.647554	-1.567927	-0.351327	4.747661	-4.284539	0.285761	-1.888853	1.267771	-12.177234	4.273775	-2.554480	2.419700	-7.476330	12.409454	1.658129	0.730388	-8.799085	8.204430	-0.175296	1.826930	-6.073697	2.645135	-0.458400	1.500389	-1.268098	-0.010920	0.074424	-4.226109	-2.623911	-7.302028	0.654307	4.577054	4.883461	0.821164	1.298264	-0.468379	-11.326597	-11.466975	-0.406379	-4.775826	-0.988867	-13.308990	-4.966801	7.622902	-4.872692	20.346809	-9.976894	4.190899	10.963090	13.030920	-0.057157	1.675843	17.718685	19.079428	1.127820	5.974073
174.685576	148.865919	6.235112	43.256624	-77.092526	46.809611	5.212768	-9.689975	145.286054	16.418516	-38.591917	25.034204	2140.167340	-17.398756	-85.890585	324.158371	389.702495	-202.825302	-235.872411	187.975178	-1472.696259	-642.762199	-160.510609	-223.752648	-548.509477	-1354.902288	-118.698369	-129.734943	405.511158	30.569107	-73.817487	57.358414	-188.866523	215.463602	33.306648	-6.603172	-67.865365	312.971181	-31.802172	10.969012	682.918547	-420.342281	-138.910816	214.166687	246.149274	-101.156043	-118.245610	170.778508	-791.801443	849.759229	-53.797989	-54.092061	-317.090456	-486.195960	-72.872922	-9.167195	414.914945	-51.668788	-80.402923	23.859292	-227.422924	207.674599	40.756290	7.901450	-41.203838	402.207374	48.965673	34.281548	526.492530	109.355605	-25.556160	176.257365	317.376521	77.109158	30.287202	246.225207	-1120.218443	473.649229	19.724453	-24.255163	-430.117826	258.072840	27.875029	21.956406	262.778808	13.077080	-71.554998	48.684982	-223.248846	71.987035	-3.600867	-3.206687	-19.856759	212.912836	-13.659905	20.874994	462.927987	43.895708	-25.575463	66.049455	619.720624	-134.071245	-29.345018	213.963615	-787.665545	-26.746933	-50.553335	64.666609	-567.083657	-133.038353	-9.670233	-65.304405	89.236499	61.284499	-49.056205	113.057038	-40.047091	40.409078	25.315598	26.397317	-16.691370	318.913770	-14.258897	49.643330	101.752370	119.610813	-82.756130	62.133484	303.524023	-218.292834	-35.651130	135.283643	-249.408032	146.565856	-83.064354	191.977301	-491.558845	-248.831041	-45.888269	37.670261	-158.318285	31.606931	-21.651975	79.009113	14.250440	9.702334	-11.529582	84.946943	-102.938382	124.110012	-59.788786	235.013896	-1.949925	-7.652156	-104.303523	88.714392	255.288571	-150.921119	-116.923752	38.943522	-82.435215	93.981613	-81.925956	251.985997	-130.790768	35.885762	-29.604954	471.651970	-472.592567	-305.292399	-86.216883	-108.017478	-146.055890	-68.644841	-36.549344	1.758567	-173.559959	-22.450815	-25.443963	119.132437	77.887086	-1.492800	-59.752046	185.519500	365.443891	58.580368	-135.706015	56.993063	253.836438	-97.726530	-77.399239	86.314207	387.226706	189.386913	-22.032884	345.982334
419.111965	67.221926	33.820150	55.562154	89.281854	108.319743	27.064143	9.351751	166.175645	648.409678	130.614237	9.728028	-17.398756	1224.335757	199.865951	26.343436	-816.748380	858.033222	101.375458	44.973885	-315.131960	911.187974	80.128219	38.414293	249.099637	882.031374	38.073955	101.160233	378.079081	-80.460373	26.569460	-17.757005	29.992376	-29.146436	6.207607	-4.395832	83.184350	-90.828024	17.518867	8.530109	-32.005656	-233.090627	-100.198819	19.956014	128.096972	-145.377138	-140.204804	59.915777	228.251875	-474.460498	-58.100214	-10.745317	-39.481976	-898.366122	-112.081141	-20.974428	248.690933	-102.072703	-29.325763	-29.026823	-114.682712	-211.789464	-48.947192	-20.343391	-83.121457	-768.369546	-179.681481	-21.801161	-19.644135	-833.771677	-164.248944	-27.945644	188.129619	-403.096685	-78.130204	-15.737959	224.512544	-365.942526	-67.829566	39.159212	61.910954	-516.189668	-59.409700	-1.669488	199.884429	-39.398712	-43.419707	-32.964581	-68.754274	-32.516754	-10.933882	-8.045287	65.187148	55.735172	65.485417	-1.367806	-69.366718	383.257171	89.010842	7.314681	-335.544209	281.847849	40.872154	17.931591	-133.050848	136.480932	8.436822	77.161827	143.137138	163.637631	-2.371829	116.631792	134.096843	-34.220165	-15.093415	-8.326508	-15.227891	-11.427535	-28.098268	2.996647	342.253796	-72.298476	52.024512	7.965297	51.216674	-75.270325	50.857321	-50.886323	-52.602524	8.777943	-17.287473	-26.574066	-117.035394	82.977462	29.752007	-17.093300	231.334125	392.721336	18.421853	229.494094	119.333882	-26.149381	2.596514	8.785044	-171.536231	-12.412685	-43.837007	-5.330366	208.273210	-85.218341	-74.789773	78.854449	112.781887	-242.233128	-29.196041	-34.526815	130.091846	-167.243158	52.783094	-115.224016	68.279897	-98.350945	45.715129	-109.247248	36.965131	-60.669131	15.253671	-134.892188	272.669043	-133.969616	23.102833	69.971648	-225.025452	-49.999552	-11.343023	-34.638662	-23.200219	-203.294514	-25.611487	3.237882	57.961607	-162.361272	-8.229735	84.986308	13.288977	-124.981289	27.329370	-41.989932	-70.932463	-243.682871	-0.982744	-76.737187	-406.914813	-420.302944	-13.861346	-262.321540
-20.807030	-19.488196	3.296459	6.207411	23.788520	3.965434	4.261135	5.676544	1.965469	96.377667	44.634375	-1.847215	-85.890585	199.865951	111.682589	-22.470072	-219.453129	197.717994	88.591856	-6.341416	-70.412112	308.416308	42.463747	11.711279	109.846089	303.768535	27.455440	29.342672	-59.165670	-24.769949	-4.665785	7.434542	27.191102	-10.769904	7.079840	0.854136	22.127258	-14.651224	53.936448	-3.407215	-29.273749	-63.817209	41.229811	-7.228366	66.729342	-76.783971	-12.423616	-4.372271	89.553055	-154.016485	-15.813213	-9.209727	-24.490736	-265.817595	-26.470441	-14.276051	-24.966441	-20.019685	-5.148506	4.039437	4.911071	-52.835104	-6.181685	-6.379458	-5.819261	-191.919219	-33.379398	-8.515250	1.291498	-217.339108	-31.531003	-9.926167	100.974309	-117.398998	-23.556716	-12.839837	86.384980	-126.929464	-24.424162	2.691656	-7.499802	-163.629026	-19.249478	-6.272639	-0.978601	-13.568900	3.151736	-7.022156	11.446053	-13.309394	-1.767773	-1.762410	10.870387	-19.627285	19.916931	-2.481071	-19.935400	67.861319	25.679532	-2.324103	-55.010600	57.855943	12.412174	-4.543135	-21.050821	20.077604	2.470296	16.331355	4.145444	34.290566	2.688363	22.694739	-2.091225	-10.013227	9.863936	-12.753339	13.056568	-3.241767	-6.004030	-1.142989	71.819344	-31.986487	17.638456	-2.848105	22.329711	-33.419830	32.432164	-20.101535	-4.701805	-8.591776	0.978080	-20.565931	-46.461796	17.337171	6.713639	8.407717	21.325201	126.114803	11.821420	71.893800	17.061538	-4.844270	4.702615	-12.437182	-14.577163	-3.615911	-6.426414	-5.461732	71.651903	-34.803855	-11.861720	-4.931971	62.574164	-77.025905	-1.293937	-17.966618	61.547502	-57.812937	12.571645	-30.920025	28.950563	-37.415918	9.136884	-17.165441	-10.871179	8.156979	6.143519	-19.430034	71.415367	41.342132	8.450361	-5.384932	-44.930843	-13.283581	-1.395223	-13.393643	1.323665	-52.929013	-8.959663	21.975577	17.532812	-24.691607	-3.678651	29.679453	40.804776	-49.366045	27.927949	-10.920964	2.649717	-86.783723	9.252050	-16.499443	-118.543163	-110.036206	-7.406386	-60.270001
43.555245	22.707368	-0.199777	8.288766	-9.525310	5.786207	3.037689	-1.847097	70.279163	8.324920	-5.768864	18.088685	324.158371	26.343436	-22.470072	135.214391	-105.343301	-70.183088	-49.212862	80.332753	-240.774868	-137.767093	-28.550618	-34.645514	-89.478721	-226.956926	-21.851424	-17.626011	139.598096	1.896745	-12.316240	1.186772	-27.709738	29.473324	0.918463	-1.131081	-11.414348	8.794413	-19.527835	0.547818	107.014748	-111.034974	-28.286595	51.885911	21.182257	-9.385983	-25.837265	52.721045	-120.880505	76.681735	-17.788768	-1.377769	-58.635521	-183.097537	-16.949059	-6.081711	88.528849	-13.048620	-12.443564	0.179658	-33.652550	60.592855	18.811648	7.079065	-11.069592	114.575634	14.002991	5.583685	50.632032	43.230280	1.451919	27.760837	-15.489377	37.298404	7.463092	52.587290	-164.075797	110.614012	10.698865	8.758817	-53.590129	14.987945	7.403210	1.624189	40.463357	9.913670	-13.359018	9.611776	-31.467053	30.006204	7.981953	0.943839	-0.524431	79.314597	9.802060	5.456296	38.895852	59.081261	-2.739013	19.888605	43.897619	4.704047	1.455604	52.940507	-99.418889	6.440303	-0.005019	16.301389	-65.474814	-14.223853	0.277959	-7.039815	4.339412	16.630265	-11.953112	26.023001	5.142859	1.148522	5.600722	4.898895	12.162696	30.909611	1.642172	5.668948	-12.407367	22.848829	-15.590529	7.883844	26.964749	-8.357079	-2.338469	31.781226	0.911229	10.729253	-10.333014	35.678449	-53.566245	-62.811057	-5.408344	-0.329083	-28.826839	4.580185	-6.978606	26.987408	4.613482	-0.124485	-3.594759	18.993740	-33.198640	-6.719249	-16.275496	48.557324	-42.990473	-12.563636	-14.780878	12.353128	-4.485342	-7.888221	-22.586956	9.517006	19.401341	12.236305	-5.564618	35.686935	-1.301922	25.002737	1.487375	90.904007	-27.800595	-64.898887	-19.259633	1.500645	3.119368	-4.108772	0.526829	5.160496	-55.062781	-43.968805	-1.286793	14.493930	-18.935046	-27.968186	-25.882744	55.913407	-3.066604	105.613992	-40.091455	17.027728	93.402772	20.649800	8.441154	5.650288	61.343016	29.822897	6.108938	52.216487
-751.629551	-144.216842	-21.055131	-47.959519	-157.311598	-114.703395	-23.423214	-12.205544	-234.892198	-421.347982	-121.246449	-32.818000	389.702495	-816.748380	-219.453129	-105.343301	2215.223154	-614.073795	-211.413902	-28.639702	57.397709	-1073.606669	-183.028888	-112.846287	-667.616152	-1268.052276	-111.240696	-137.057901	-137.697461	44.692565	8.710420	35.322902	-198.423747	78.200332	-27.152572	0.863619	-114.627038	338.779872	-114.965569	17.729560	97.647676	329.783607	-76.257024	-22.015842	240.637914	-22.422052	38.129874	-9.211654	-408.665072	903.502966	40.238553	18.866154	-163.441887	1240.987465	73.186217	36.436713	158.809457	-35.782491	71.944472	1.465258	-177.777791	208.335546	-22.529927	9.541548	8.498384	784.581744	22.039637	40.928013	57.787718	817.864705	46.967064	43.275356	76.300027	378.487780	64.974131	64.355117	-484.193417	527.200880	66.499014	-36.751116	-323.268912	871.174310	55.831333	15.376419	161.154044	7.572654	25.559453	13.488935	-241.538338	-5.877566	-26.278643	-6.729946	-97.157480	-40.947309	-105.431848	5.426654	151.975443	-321.806958	-124.233008	9.392881	621.198407	-270.778054	-89.530497	24.057243	-7.282657	-89.034165	-56.738101	-34.842563	-412.361088	-169.848291	-21.846205	-112.871379	190.695914	16.835518	2.709977	23.403972	-157.659531	24.951753	21.941776	-3.192338	-236.965922	239.585007	-2.389607	21.032492	-47.430783	226.539520	-104.199416	128.355718	201.027736	-53.300517	-47.218903	66.277145	36.454517	50.499280	-74.695169	28.141902	-383.418068	-267.843751	-66.112809	-143.994974	76.728548	27.865323	-2.233630	31.308435	14.258215	10.436796	26.052431	27.460825	7.983475	241.429389	67.151234	21.709554	-195.087543	317.172292	-29.549588	62.202654	-112.884019	90.266733	-22.787016	104.259533	-167.102309	188.192757	-47.247966	125.504470	-121.181315	118.513056	-46.839040	253.427141	-80.265786	-171.831316	-45.169400	-50.129634	-93.488102	-66.946237	-13.637387	3.909739	94.078989	356.501171	10.231946	166.176454	-86.924330	336.410062	121.002403	-95.137256	94.067619	-128.707702	115.351449	-13.248532	-60.699152	107.770762	-90.119355	89.502060	317.194418	443.610819	-13.122405	336.240630
385.787297	99.313061	28.902414	57.553707	126.239086	94.180735	19.872225	14.104670	68.396795	446.103776	109.465204	-6.285042	-202.825302	858.033222	197.717994	-70.183088	-614.073795	878.749377	100.455671	-34.531042	-82.522064	928.884559	80.788430	38.638435	307.494947	802.441636	44.903903	91.815234	226.465819	-73.676958	6.996033	-19.887358	106.084397	-27.309161	18.538209	-0.552762	66.566758	-108.479512	68.230439	-0.807014	-90.814736	-145.883402	-10.581049	-18.130979	97.222108	-107.639404	-76.509118	-7.592611	240.067622	-473.387099	-46.765663	-16.333296	31.900761	-695.422913	-78.653605	-21.773251	101.261267	-87.859683	-18.930364	-33.797832	-9.126869	-195.921740	-30.986695	-22.110248	-42.993649	-657.361917	-103.975103	-22.885082	-6.136548	-652.262263	-102.187309	-41.250362	160.779090	-344.699215	-67.037176	-51.664295	222.810746	-412.975886	-65.966550	14.784324	126.792588	-479.281467	-49.402732	-10.908187	72.567966	-32.801990	-12.832220	-31.999679	3.922773	-44.556674	-15.031286	-6.409190	47.570752	-64.857577	42.610846	-10.785668	-54.194983	207.371832	96.153063	-23.773725	-279.694163	232.295311	46.008733	-38.265427	-111.757864	112.949003	12.028197	38.999883	196.771002	197.222378	2.858829	109.075389	53.380620	-38.617259	13.318481	-22.442346	-35.350236	-11.605792	-30.783794	-0.153048	212.289564	-115.274985	25.528210	-6.297518	104.124344	-117.803591	79.805199	-68.223858	-26.107701	-10.174268	3.673175	-72.325156	-100.073614	55.932839	37.312445	-46.931103	256.804726	386.415903	26.666535	191.933297	88.676104	-4.739360	17.055940	-34.326396	-149.150745	-7.389990	-29.551153	-23.592212	144.093152	-81.967609	-49.320657	-4.325861	171.546184	-192.534307	-17.052128	-32.637765	156.179019	-103.329166	40.811570	-93.623760	60.273703	-79.824751	31.418759	-119.353664	69.799407	-96.732135	14.231091	-161.302198	220.425369	54.437000	27.193990	51.866917	-146.223173	-1.275771	-3.681793	-24.000091	4.696522	-164.764338	-17.107722	-43.814529	72.144634	-174.137922	1.083509	24.325683	57.081607	-175.179337	18.785886	-35.136864	-94.739502	-226.612878	-6.720686	-75.910764	-401.103652	-342.332379	-19.073093	-251.856056
-97.983505	-59.482990	3.053901	-7.407344	5.617044	-10.831002	0.537616	1.779752	-15.316730	34.441760	27.907852	-5.386654	-235.872411	101.375458	88.591856	-49.212862	-211.413902	100.455671	156.484819	-42.773047	74.996887	270.522098	80.144935	13.498750	152.668305	370.548957	42.200950	20.393982	-158.850235	-44.360022	6.699512	-2.063588	28.673340	-27.562047	9.318967	-2.999881	28.037597	-52.532932	61.592887	-9.321000	-55.662316	1.213321	76.814349	-24.912311	30.045541	-40.324909	23.987408	-21.093378	121.865919	-164.376739	5.284139	-8.799806	3.413983	-197.708209	-13.729346	-15.132667	-96.348210	5.762897	5.553232	2.279428	35.788035	-56.370221	1.975797	-9.034844	7.299972	-183.693184	-8.756658	-12.190235	-14.736464	-197.185806	-13.535653	-19.940841	106.002900	-116.857916	-21.367587	-32.463589	143.886039	-145.807150	-24.798888	-3.781796	11.022214	-179.159042	-20.569814	-8.822333	-45.270245	-6.378535	16.046452	-5.941141	35.017840	-15.121829	1.766906	-0.825158	3.629262	-33.646382	13.608309	-2.835374	-35.974829	12.466164	11.068385	-6.095756	-41.343232	12.478176	6.370461	-16.562374	32.731250	12.323274	3.920878	6.594435	27.295515	18.732321	5.165814	10.016942	-26.689822	-11.146224	10.438835	-22.934052	31.872981	-0.287412	-7.027475	-0.316013	49.305728	-31.712901	3.782847	1.623637	2.252562	-29.484025	28.899980	1.901899	-30.135198	9.787938	6.988280	-6.815519	-37.963182	12.999058	9.738459	7.294247	19.579773	97.080935	17.748102	41.973785	11.021616	-13.891278	5.227938	-25.229688	-4.474523	-5.047177	-7.555075	-7.490884	56.340025	-48.800648	-15.768317	-5.752938	49.627972	-71.294643	8.685439	1.687567	42.191243	-36.919182	13.272722	-8.832372	13.037923	-36.081458	9.656476	-14.768497	-27.217954	18.838848	8.108506	-33.149797	55.053891	69.415788	20.274890	-6.197491	-34.028209	-11.924291	-1.657367	-22.791925	-2.662425	-71.178588	-12.838911	5.757299	28.639816	-37.207496	-16.873468	27.031825	46.196003	-50.194226	33.786350	-6.096678	-9.358563	-81.405677	11.519435	-8.021660	-106.587967	-88.031594	-0.400273	-48.417947
