203.850797	40.772178	0.048039	12.567504	292.721037	58.678264	2.927793	19.106282	-90.087345	-17.075140	-3.413221	-10.351453	100.233209	5.237594	-6.833648	-0.067714	120.309662	12.946360	-10.407520	-2.860012	-166.014465	-46.754937	-13.432206	-20.673287	-40.113953	8.258492	-13.874710	-1.596130	176.021224	37.416941	3.220413	14.511213	209.560786	25.037138	-2.948015	33.175204	-171.379324	17.690194	-16.560891	-3.798180	40.785905	9.545700	-6.986444	-3.925292	82.807097	2.145593	-10.241765	8.928631	-78.575936	29.105847	-6.489856	-6.288259	-9.224824	-4.939295	3.376940	0.856443	88.983078	74.169198	3.826590	6.578688	70.629230	-27.239717	-14.221494	35.309816	-115.706606	102.436498	-20.272842	2.716415	23.999343	4.529316	-14.782093	6.674670	29.277881	-13.896688	-6.682430	6.708731	-75.649493	54.748955	-4.956892	-6.163615	-19.356636	-21.419958	2.947214	-3.070646	58.595264	-7.894824	-46.934085	-0.245933	81.112831	-79.951438	-26.134348	8.118969	-87.539741	19.875818	-22.185069	-5.141899	36.289994	5.671648	-3.486683	5.835778	72.613371	-16.426735	-1.840918	6.104574	-89.357673	-4.994120	-11.828173	-2.610547	-14.603810	-0.932473	-3.276424	-0.192286	53.787086	-43.992464	-24.147991	-0.597101	104.510335	13.178555	-9.707217	12.180016	-131.484501	-5.716184	-11.611772	5.690955	-14.722491	8.762821	20.657008	1.576843	27.293167	1.086021	15.352604	5.413954	-26.374137	-13.976070	-3.069098	-0.548384	-10.825833	-10.324788	-4.610304	-1.102679	47.752331	-3.278154	-0.804049	4.221241	70.924574	5.991761	-2.697023	19.759257	-126.609870	-7.445109	-3.932761	26.406239	-40.697516	-2.461523	3.058408	5.861183	-8.965352	-3.545887	4.740817	1.451972	-8.747905	-18.526406	-4.199230	0.791856	-20.403751	-40.513628	-21.190943	-0.510104	21.489328	2.085479	0.000878	2.753246	40.164854	48.233268	5.935307	32.706570	-70.796151	88.566469	0.303781	-3.096205	-24.416925	19.324682	-2.023972	-12.786509	-1.453852	21.428030	-21.527460	3.042394	-18.932940	61.009002	-32.552735	-1.035543	29.005917	69.519466	-7.614976	11.066446
40.772178	33.873664	0.462556	8.333455	16.485413	27.644392	0.131760	6.272751	-28.011383	-0.956612	-0.351069	-5.054249	8.221958	3.721644	-0.478655	-1.587693	48.585335	8.548457	-0.254054	-3.517794	-22.505880	-3.743099	-1.999239	-5.791786	-17.009938	-6.443417	-5.081016	-1.089814	51.995615	39.653620	1.063673	8.143865	29.339510	24.627018	-0.095483	14.577133	-54.488550	4.253502	-3.357900	-0.282072	1.047821	-1.052438	-7.451510	-1.147740	32.498909	0.224399	-4.792449	2.450494	0.632864	5.006194	-1.245967	-1.394405	-0.724275	-5.414086	-3.707404	-0.463587	18.034708	-10.781718	-3.403466	0.534606	33.435480	-13.932346	-8.722885	17.821361	-30.225385	12.250854	-7.648590	6.034132	2.273185	-3.204434	-7.118713	-1.528739	23.729708	0.470686	-1.501281	1.327275	-13.158544	21.743277	0.866640	0.586444	3.106528	17.988234	2.055440	-0.208581	8.619136	4.295395	-15.073246	-4.622322	22.645211	-14.301738	-8.885307	4.932583	-13.934570	19.244998	-4.252338	3.340692	-7.345560	16.600003	0.941074	-0.304010	12.133482	4.382223	-1.119876	2.359684	-16.006703	0.810368	-2.521313	-0.091834	-4.785534	6.457755	-0.229689	0.014878	1.632592	8.329154	-10.966291	-1.938646	21.301887	9.175807	-4.493811	5.188858	-15.391944	0.922501	-1.813586	5.309460	-17.141765	1.309186	-1.052006	-1.369023	0.491379	-0.311879	-1.052641	-0.376627	0.499294	-4.488166	-1.648180	-0.305336	-2.615157	-1.518583	1.331627	-0.019547	2.884653	-2.361575	-0.695057	-0.037775	1.114146	1.044686	1.542242	3.699611	-14.095319	-1.096925	1.686227	11.840613	-9.023427	-5.275488	-0.320547	0.991484	-3.159041	-7.274647	-0.908493	-0.710646	-1.180244	-8.633250	-1.144347	-0.243673	-1.346713	-10.514033	2.141554	-0.920613	1.637106	1.185693	0.001203	0.592096	-6.971404	1.621987	0.605587	1.103659	-13.994333	-7.750015	0.607875	9.808609	-0.450308	-2.267344	-1.151810	7.716420	1.201925	9.975316	-4.550210	2.291684	-1.416401	14.084237	-6.121064	-0.565002	-4.600006	4.469652	-0.273468	-2.782559
0.048039	0.462556	0.151240	-0.006539	-0.909042	0.634032	0.221441	-0.151143	-1.750812	0.958976	0.169483	-0.185617	0.395879	1.337525	0.592797	-0.032568	-1.954159	2.424180	0.644405	0.195405	-2.334212	3.121363	0.659296	0.011534	3.830768	3.168059	1.193010	-0.003934	1.154143	2.999042	0.678844	0.002909	-0.684982	1.178591	0.697699	-0.193462	-2.413565	0.733159	0.412513	-0.247617	0.627800	0.105374	0.083261	0.251448	0.013693	-0.142321	-0.135309	0.121534	-1.097948	0.009033	0.104834	-0.182007	-0.657341	-1.431185	0.231498	-0.146662	2.027831	-0.465393	-0.069986	-0.072638	0.957550	-0.761846	-0.071170	0.138378	-1.110791	-1.007505	0.087203	-0.108530	0.717657	-2.315044	-0.375763	0.005605	1.225325	-1.511438	-0.417873	-0.138444	-0.830523	-1.208646	-0.347029	-0.124680	-0.565558	-2.274641	-0.421527	-0.066618	1.455056	-3.953076	-0.704808	-0.014698	0.801854	-1.603942	-0.115003	0.016539	-0.496021	-0.100987	0.183587	-0.056860	0.779232	-1.016525	-0.116374	0.132394	0.322894	-0.595064	-0.005745	-0.056490	-1.574984	-0.391053	-0.234172	-0.060703	-0.169218	-0.315821	-0.052823	0.004379	1.015751	-0.072756	-0.197998	0.280092	1.222093	-0.462987	0.009737	-0.144103	-1.476277	-0.108687	0.013323	-0.357198	-0.054708	0.587668	0.140726	0.029109	-0.138776	0.193109	0.261169	-0.032589	-0.785207	-0.336187	-0.058357	-0.067975	0.165629	0.186377	0.780798	-0.002965	1.324982	-0.096306	-0.017368	0.076736	1.281012	0.096803	-0.026432	0.314985	-1.808212	0.283738	-0.048158	0.080196	-0.723527	-0.050782	0.017530	-0.188458	-0.181532	-0.157741	0.067602	-0.081065	-0.084482	-0.244916	0.306018	-0.011986	0.769815	-0.519080	1.829098	-0.031750	0.649589	0.345554	0.000298	0.266407	-0.052268	1.379310	-0.015827	0.973908	-1.205429	1.942604	-0.064646	0.166283	-0.607276	0.870079	-0.086508	-0.325457	-0.099419	0.440914	-0.076687	-0.392993	-0.011997	-0.320118	0.627781	-0.229708	-0.196678	-2.438386	0.214913	0.231570
12.567504	8.333455	-0.006539	3.768654	3.427031	2.722727	-0.314696	4.059130	-11.319210	-3.053950	-0.642948	-0.960739	4.732058	-0.118999	-0.537824	-0.249479	13.462326	0.269414	-0.515310	-1.230506	-3.265110	-5.055294	-1.520901	-1.910671	-5.721788	-4.138542	-1.908477	-0.632984	10.541043	3.075179	-0.200274	3.023775	9.415026	0.948815	-0.714141	6.193068	-13.665612	-2.972640	-1.624995	0.174638	2.684954	-5.628375	-2.177848	-0.489936	11.589022	-1.175218	-0.338260	-0.030163	1.012067	2.010970	1.670583	-0.877933	-1.504291	-1.368582	0.408175	-0.938132	1.573427	-11.877339	-1.517416	0.348190	8.522565	-6.658760	-2.505330	6.971279	-5.856198	-0.020179	-2.405326	3.502817	2.736542	-2.058163	0.546367	-0.322392	6.106154	1.248576	2.675963	0.251796	-3.658838	6.679235	2.315723	-0.144435	-0.105949	0.119701	0.416830	-0.425378	-0.667182	3.451929	-2.400653	-1.602621	2.542641	0.079894	-0.105387	1.394922	-2.522813	7.561994	0.523862	2.727488	0.213916	7.071933	3.048563	0.275142	2.844215	2.291503	0.421653	-0.476457	-7.546049	-1.178054	-0.890394	-0.339129	-0.966031	0.421127	-0.308347	-0.014742	-1.612319	13.425203	1.243910	-0.784401	0.707938	7.361287	0.496011	0.649464	-2.757221	1.267893	-0.309147	4.197055	-2.881453	0.925072	-0.011251	1.636067	-4.882835	-0.225509	-0.807887	-0.707174	-3.345567	-1.325152	-0.587062	-0.167959	-0.742293	-0.650311	-0.285225	-0.069553	-1.243266	0.631791	0.402145	-0.124946	-4.527341	-0.626121	-0.054191	0.366412	-3.555735	-1.637641	-0.109616	4.522125	-0.902258	-1.322180	-0.199501	4.193651	-1.005584	-0.779920	-0.518770	1.259795	-0.731805	-2.213326	-0.935445	0.082507	-1.150180	-3.742664	-1.095800	-0.272856	-0.351931	-0.127868	-0.000137	-0.073708	-4.505009	-1.382289	0.050579	-1.427020	-4.647935	-8.015664	-0.007667	0.875358	-0.431506	-8.176968	-0.340098	3.876517	-0.244370	-0.712812	-1.770692	2.632212	-1.382291	2.785756	-2.174456	3.210470	-0.459330	7.885147	2.649078	1.772340
292.721037	16.485413	-0.909042	3.427031	2690.978731	333.021519	37.712985	145.094743	1754.066188	155.324465	-14.580400	139.604991	-49.867244	-73.082104	-51.217535	0.781686	187.713611	-4.084731	-96.413295	46.438403	-483.674106	-241.722756	-139.347247	-27.714076	-335.835147	-201.852639	-178.418253	-22.418782	145.495146	29.182685	1.876590	-1.978219	1246.749795	-147.261055	0.186986	15.469005	735.422378	-64.102579	-93.443288	17.707587	-84.422145	25.207882	-66.840381	-15.862439	233.916259	12.200313	-71.913116	67.905167	-116.472726	80.456602	-126.254743	46.462004	157.121710	329.952621	7.386600	22.900480	98.387729	799.417738	23.623801	55.666588	148.031536	144.039219	12.290362	10.859253	-3.049141	265.302149	-157.545799	1.351785	-84.871495	321.304359	-99.734375	-14.217254	-143.890753	145.899604	-64.448913	27.609696	-119.315105	259.202339	-34.667465	24.164522	49.889806	264.787283	68.515360	10.503889	118.126099	70.082451	-154.948820	58.501021	155.325485	-134.847303	-211.498309	61.257150	52.884164	4.395654	-181.803453	-3.965253	-125.004371	84.772847	-80.688282	-2.559407	48.940964	8.671611	-45.941210	65.834579	136.123741	24.809000	-33.829643	17.974108	-23.819106	44.154288	2.254600	0.149788	34.922834	-598.769403	-195.543622	-28.721185	197.722491	-165.147089	-110.831218	-12.284270	22.946670	-24.803110	-51.496782	10.686118	-145.257738	-49.010461	-1.542182	-23.370229	155.512045	-65.219152	4.799305	54.611033	166.908688	15.657874	6.743297	22.030366	-26.792489	-92.075168	-41.421513	-9.431976	49.426370	-72.223642	-18.724893	9.392355	38.656982	10.783306	-2.041879	14.918010	-7.107319	26.417763	18.715490	-9.244528	-69.154356	-23.459179	-2.763451	-65.214462	-25.250211	-5.267667	-8.128282	-36.123346	2.818273	-7.316501	-44.523205	-2.461924	-125.642008	-126.780388	-162.308899	-16.467098	23.990054	4.035662	-0.000089	1.599166	30.335976	44.173618	14.028695	11.379154	7.182642	136.298475	18.541612	-17.410955	19.760319	99.943812	-5.157834	8.542164	-19.857063	131.804482	-22.280276	-38.172191	-37.095580	182.003864	-30.031379	-30.240496	111.622628	-121.839072	-64.184904	23.824241
58.678264	27.644392	0.634032	2.722727	333.021519	174.892264	8.942088	13.530285	162.849437	83.276097	-7.512823	6.230553	-21.215795	-10.944173	-6.918773	-3.951106	84.458948	25.509880	-8.763441	10.358429	-86.544034	-19.437194	-13.832960	-1.312001	-80.051165	-30.035726	-30.147807	-4.951945	53.829898	41.298747	6.422867	1.708771	246.072237	16.431939	5.792733	10.970323	53.848941	14.091729	-16.489800	0.680516	-39.212619	-2.454560	-9.337547	-3.398021	53.525030	-24.570427	-21.497961	9.449502	-15.792497	-7.589327	-26.413683	5.702208	12.240171	52.480561	-4.381387	2.303431	33.514166	172.304048	2.125895	15.200180	62.448869	2.655837	-6.897872	10.568223	-46.426911	56.798564	-42.508055	0.459255	-20.454848	52.467171	-22.879773	-6.132096	-2.500168	-2.232501	-25.042532	3.906018	-35.549702	52.695301	-14.827361	3.817653	13.218496	114.129112	17.178723	-0.088126	29.732366	0.964255	-53.503261	13.546340	56.825675	-64.299183	-57.890993	14.928244	-25.805645	3.400013	-39.782579	-7.383315	-27.272663	30.274599	-17.970818	0.745868	-6.376727	13.610209	-6.998896	16.765695	2.275410	28.972252	-4.571569	5.102811	-4.534473	41.903886	3.312213	0.030549	24.283224	-127.988523	-52.778685	-6.720398	73.565315	-29.820401	-26.069242	6.426666	-52.537796	-0.338814	-8.829249	-3.560567	-46.104535	-9.438930	-7.283885	-5.360187	9.424222	-4.912162	-6.604942	12.770068	32.365976	-3.775524	-1.787642	6.461621	-1.124777	-16.175977	-0.218667	-1.915836	21.606439	-12.283273	-4.718404	2.339979	35.339513	10.136335	4.018097	19.626086	-38.317458	4.710572	8.094125	-3.008987	-32.533312	-20.728682	-3.457140	-18.161315	-7.531797	-24.132787	-4.421511	-6.773031	1.225352	-22.531490	-6.299426	-0.358373	-14.852109	-50.868507	-19.462089	-6.290646	8.494744	5.967402	0.005271	1.335883	15.733569	10.336626	2.865192	16.618145	-24.028244	33.639466	6.225229	31.593242	-14.589453	48.265223	-0.959364	2.050757	-5.128868	44.214443	-0.439822	-9.833706	3.544488	26.057862	-0.042037	-6.488697	-0.656722	-54.970827	-36.538475	-3.538727
2.927793	0.131760	0.221441	-0.314696	37.712985	8.942088	17.255788	-2.378099	54.907284	20.146966	17.147388	0.329724	7.007269	2.777093	2.208720	0.611451	-38.294834	-0.964498	0.521982	-2.416180	-33.124050	6.329021	-0.290934	-4.045250	-11.430633	-7.644547	-6.221996	-2.178876	4.846772	19.087343	3.273800	-0.412350	15.719527	5.232482	12.641483	-4.249107	6.059888	0.242480	10.229666	-3.509600	1.161363	-0.732997	0.992154	0.117371	5.036188	-5.061092	-0.688062	-0.889045	0.613265	-14.598973	-9.300360	0.974352	-15.647238	-26.804721	-8.945553	-1.347896	7.094935	22.927707	6.541369	0.185573	2.307300	-4.621448	4.656926	0.603669	-7.735719	8.523910	-4.077419	-1.835122	-1.580701	0.590213	-3.324036	0.192574	5.895608	-0.072505	-2.783485	1.869706	9.732627	10.347134	-5.974095	0.235590	-1.774040	-2.691361	-5.034584	0.128136	8.226549	-24.631890	-4.525047	-1.381209	16.626276	-20.152944	-4.522771	1.687942	-12.884584	2.199434	-6.198793	-1.456776	-8.453451	0.766779	-4.710102	1.026951	-4.623138	5.221938	0.708494	2.674123	-6.954572	12.866966	0.443245	-0.992963	1.262062	7.867369	0.427296	0.026605	19.401774	-13.665152	-6.599787	-1.339979	18.639881	-4.938583	-2.263667	1.921041	-34.031716	-1.693434	-0.177620	-1.006464	-11.775568	-0.801341	-0.895252	-0.350231	0.526592	1.394454	-2.274186	-0.725930	-4.034198	3.231885	-1.351688	-0.621452	0.608010	1.198213	2.919228	-0.130160	14.389470	0.797166	-0.536784	1.662479	5.768380	6.666299	-1.099157	12.868541	-32.280496	2.772285	-1.552639	6.554217	-8.253370	0.211034	-0.658541	-0.468822	-0.181514	1.280772	-0.457765	-0.018518	1.744445	3.493295	1.669304	0.659074	0.145532	-0.373892	8.316494	1.344823	3.651514	3.028217	-0.000014	1.178297	0.681973	7.690664	-0.364343	8.834129	-7.313591	13.446777	-0.526535	5.229415	-5.761099	4.769870	0.378006	-2.390842	-2.055298	4.207307	-2.929453	-0.904896	-0.926461	-1.406322	4.352897	-0.524851	6.699462	-18.877313	9.054866	2.610548
19.106282	6.272751	-0.151143	4.059130	145.094743	13.530285	-2.378099	41.561531	44.490707	-9.537274	-8.220645	30.669550	-14.054121	-5.963009	-4.708406	0.964130	4.296266	7.571558	-7.032124	10.111176	-42.595240	-24.856277	-8.349715	2.977597	-36.324530	-16.193982	-9.973424	-2.527685	6.740670	-6.850276	-1.777502	2.107150	86.773622	-15.154876	-8.620492	20.179664	33.409724	-14.509298	-14.858465	15.607747	-5.698129	-17.271449	-7.102054	-0.917317	20.026737	-7.107647	-4.500176	1.845369	-18.321740	11.020842	-5.149160	3.051575	-5.792205	46.391952	12.029172	-1.743520	-11.837597	-13.543772	-3.618162	2.198919	28.512418	-13.358336	-5.427143	2.964675	7.906624	-3.153065	-14.952988	4.907290	-0.716838	5.689356	3.514138	-1.352049	-13.353699	1.289764	0.277878	-0.782860	-14.160821	16.919258	-1.982397	-0.412870	-0.342935	24.834131	8.908826	-1.455003	-9.149155	35.343739	-2.733152	5.263090	-21.540124	12.116011	-8.556282	5.907563	5.646839	4.322991	-4.063377	4.874469	-5.364566	23.036508	3.689847	0.178758	3.671700	7.863013	-9.342307	3.133991	26.881050	-5.875416	-8.729622	1.464450	-0.702761	-2.438891	-1.857963	0.005297	-18.412550	10.132603	-5.911738	-1.423818	-16.407543	7.757498	-3.495912	0.915659	24.672824	0.963999	-2.664554	10.522971	-5.517661	-2.063090	-3.383297	1.647799	-10.936780	3.301369	-9.482512	0.667016	14.025186	6.947493	-3.163982	0.817688	-2.305848	-7.470609	-3.599517	-0.817776	-12.214723	-5.307941	-0.879225	-1.391383	-18.931002	-4.118740	0.184365	-6.336719	15.630350	-0.931899	1.864141	3.545433	3.673419	0.343729	-1.519490	5.358966	-10.657391	4.595951	-2.890443	-0.734604	-6.381905	7.417819	-3.474322	-0.180379	-6.910345	2.912233	-10.642714	0.630564	-3.514257	-1.518771	-0.000000	-0.899501	-6.435694	-6.255236	0.705643	-10.509513	8.934914	-8.478305	2.123372	-18.381174	1.922349	-11.415699	-0.361678	-0.466023	-2.463197	-3.416096	-0.300366	-1.095875	-5.981883	-2.493799	2.979629	3.750930	15.047546	-19.042864	3.047326	9.618881
-90.087345	-28.011383	-1.750812	-11.319210	1754.066188	162.849437	54.907284	44.490707	3332.712959	404.645503	119.743104	189.396007	64.275098	-30.742269	10.870149	3.098078	-760.006314	-65.406275	-71.227368	-103.980488	106.106919	-55.561318	-123.195146	-25.844526	-284.902823	-317.068750	-243.944891	-12.728073	-168.507148	141.457535	-5.406906	-15.892678	108.169827	-136.511643	58.910169	-138.246458	1697.580775	-128.736064	59.869807	13.075788	65.629968	149.102106	-73.557726	22.479505	-182.744004	184.709197	-53.871928	14.685264	383.063563	-68.333277	-159.327410	79.175958	243.748430	156.337552	-124.713526	28.938345	-94.401883	842.254591	62.402993	45.026531	-438.284922	524.605490	55.181654	-94.058546	424.050325	-136.944631	-67.813240	-12.652366	-63.972458	291.577460	-154.429474	-5.358195	-218.973484	387.335561	-79.604390	6.293601	272.884390	73.938548	-19.295261	58.879755	215.289552	340.437536	53.085115	22.156630	-48.316217	-56.028732	-55.394206	29.661160	-145.322521	140.404956	-139.632546	-24.515499	529.220491	-144.967298	-156.519206	6.215055	-222.969293	-44.216536	-92.016580	-24.996715	-412.002304	100.193975	-16.456850	50.704851	403.379391	62.400007	60.193733	38.129869	68.097628	49.428845	29.922336	1.141904	-84.521811	-685.756225	-191.689530	-49.774918	-283.948344	-249.683571	-65.308445	-121.217432	478.255358	-12.305736	3.915604	-69.739290	-52.792180	-76.650080	-32.488981	-23.141597	-206.331207	-99.710529	-17.257844	9.821955	126.377026	82.982286	34.139676	23.088510	9.548390	-81.513619	-35.313452	-9.740453	-12.593446	-87.964314	-21.525478	4.996617	-239.347623	2.151071	9.800596	-106.481479	304.612428	42.389312	21.331381	-163.686359	126.396905	-41.465879	-10.625121	-49.613530	-69.127444	-107.931060	-32.672678	-21.925647	-26.979373	-116.330929	-63.337180	-5.705324	-112.234689	-210.972187	-150.650715	-23.751338	1.842095	12.044123	0.003084	3.006304	-107.361932	-1.740416	3.782754	-68.749110	119.873014	-60.794613	20.183350	-122.008295	149.205733	-63.520281	-15.574387	101.815781	-12.354829	129.584832	-21.476637	55.304542	16.177219	222.396998	9.436256	21.720341	-10.574837	102.715563	63.704547	-10.144355
-17.075140	-0.956612	0.958976	-3.053950	155.324465	83.276097	20.146966	-9.537274	404.645503	177.644921	33.845572	16.780375	31.317826	54.456163	17.075650	0.990970	-140.676178	27.155040	8.754343	-24.999673	18.552961	61.437426	-1.979102	-6.984669	-15.725313	-2.828116	-39.516637	-4.146802	-21.416714	101.701631	13.307734	-3.798418	-33.213040	25.275745	33.671302	-36.060389	224.728702	35.402866	43.179487	-13.820670	31.625497	57.127397	-2.293246	10.363922	-43.688072	1.389854	-14.372919	-1.441103	52.837638	-58.071360	-39.073042	-0.601055	21.886181	-26.564583	-35.777540	-3.432672	-15.089398	156.430655	9.172068	10.595879	-67.053231	53.066955	7.014267	-18.215383	71.084896	-79.893832	-26.991884	-11.833962	23.119807	-24.223861	-55.153750	-0.800592	-19.449612	4.634614	-33.830909	-3.950373	25.877230	2.166285	-22.795256	4.483322	47.667268	59.791343	2.051220	-1.622514	-9.907803	-85.794291	-39.178935	5.648744	3.234460	-38.155528	-37.991000	-8.196132	74.354747	-58.824775	-46.735308	-6.222329	1.025280	-21.439786	-22.917574	-1.340083	-106.464390	26.325031	-5.893309	14.378138	14.530664	44.203898	13.891449	6.670346	29.965622	42.333136	8.783528	0.242792	9.531228	-114.321603	-44.316123	-7.544867	-23.451074	-36.795550	-11.315030	-20.348595	20.759463	4.593575	-0.250433	-21.114172	1.263328	-6.723141	-6.300290	-1.727745	-60.241558	-6.115660	-11.354983	3.354321	8.379725	23.350546	1.670700	9.839838	18.526200	9.907681	17.656973	0.058719	17.485073	-14.522494	-5.000552	2.167258	-14.582044	6.970936	0.762751	-5.327133	-5.203855	13.235326	1.272232	-29.977926	15.503204	-5.945077	-4.741325	-6.173522	-11.804081	-22.673737	-5.504862	0.023681	0.894959	-19.937827	2.981924	6.236433	3.577128	-37.583333	20.554231	-3.424923	7.950478	7.923393	0.014592	2.007730	-0.803098	13.061091	0.103409	4.489165	-12.048479	7.648079	0.562245	-9.512799	5.148488	-9.523117	-6.520693	11.338308	-1.492068	13.011136	0.301882	9.907857	15.459857	1.747411	20.178022	6.154172	-15.402907	-74.752155	1.770181	0.204078
-3.413221	-0.351069	0.169483	-0.642948	-14.580400	-7.512823	17.147388	-8.220645	119.743104	33.845572	46.976069	-1.658623	57.373212	26.118122	20.723224	2.305410	-93.923875	-5.223560	5.178516	-15.406078	-2.567998	14.267643	2.772754	-7.602434	-18.801658	-14.319655	-11.908007	-1.438406	-4.118699	27.953756	3.614939	-0.640890	-57.124163	6.396998	18.681974	-12.828077	46.037735	-0.777138	32.715895	-5.560324	33.024007	10.560974	5.694511	3.663053	-6.708842	2.073089	-3.462642	-0.950131	36.439524	-32.670449	-16.747918	3.454603	-11.841130	-71.935955	-17.741594	-0.628205	-1.377551	21.659695	16.446612	-1.113599	-38.092929	21.600265	9.065190	-3.748984	11.374649	-11.299602	8.280070	-3.930647	4.298382	-7.291901	-14.899226	1.289337	4.274650	12.145438	-6.035795	-0.265750	27.979804	5.299863	-5.987831	1.363171	15.808910	-5.737202	-1.386504	-1.534547	3.417929	-40.354359	5.189714	-5.798706	1.215940	-5.228137	0.816433	-3.590829	14.292316	-3.055512	-5.308238	0.177431	-16.331466	-3.278508	-6.768419	1.324884	-20.901426	11.105836	-0.560008	2.296882	0.086534	12.090458	7.387223	-0.397520	7.269527	4.165304	2.129069	-0.032724	7.240839	-18.559609	-7.210058	-3.204323	-9.233634	-8.117801	-1.337960	-4.011309	-24.509409	-0.342160	1.613818	3.059991	-4.239705	0.541346	-2.430194	6.392209	-5.275378	-2.624707	-6.221782	0.015277	3.506487	5.140022	-2.969001	1.928273	3.012803	0.798657	3.040317	0.181708	6.601673	-2.994538	-1.225647	1.165734	-20.792347	4.825780	-1.789681	8.573981	-51.131761	0.953546	-2.730381	10.079973	2.057463	6.688288	-1.440501	21.237000	2.436745	3.560278	-1.996683	14.448389	2.222449	-3.307776	0.168049	5.370399	-1.320939	-13.269580	7.905655	1.279493	0.811607	1.635524	0.000897	0.457103	-18.476867	-0.433737	-0.684178	2.359674	-31.400885	-18.897513	-0.530014	-11.175855	-6.124960	-52.495280	-0.536563	1.660269	-1.241046	-38.761886	-7.828318	31.418314	-3.090492	-8.098445	-3.076931	26.966343	-2.592785	6.722615	9.059546	4.785936
-10.351453	-5.054249	-0.185617	-0.960739	139.604991	6.230553	0.329724	30.669550	189.396007	16.780375	-1.658623	52.583823	-17.508803	-1.304386	-2.413472	7.451811	-69.086757	8.561571	-3.942910	3.410094	-8.372183	-3.941506	-6.761228	6.033438	-27.130655	-7.452393	-16.115518	-0.630607	-22.602213	7.381939	-0.126653	-1.881396	2.984745	-9.520819	-3.476645	1.288654	114.145667	-9.259854	-6.337111	18.522128	7.021969	15.817014	-3.881923	6.128257	-31.054196	20.751865	-3.381154	0.603606	-6.741521	3.417274	-13.955389	6.142109	7.921761	44.421423	-1.249273	3.719261	-20.801575	48.046999	1.314887	5.663572	-35.031745	32.601834	2.051119	-11.833772	37.974066	-38.784264	-12.889686	-2.787484	4.765737	-0.631955	-8.114305	0.177897	-33.457976	12.418335	-11.419955	-0.767231	22.775778	-8.428823	-10.186510	2.861776	15.786155	3.372771	2.830282	0.366591	-21.277952	-4.431759	-3.715271	5.129175	-33.375885	14.289633	-10.654468	-2.121133	49.514963	-32.332012	-14.558620	-0.959507	-0.125929	-11.449761	-5.145833	-2.069656	-53.805153	8.903243	-8.678240	6.034540	54.554921	2.228902	-2.168049	4.287810	11.504094	-9.820169	-0.146913	0.133732	-22.665811	-26.591689	-12.219788	-3.224630	-45.348169	-10.125882	-1.523866	-10.528840	58.934183	1.771197	1.460520	-6.476215	12.186428	-5.386027	-3.366159	-2.983922	-49.337220	-2.278057	-8.423403	0.000557	5.778846	16.152695	-0.550430	2.327772	3.359142	-8.060798	-4.278634	-0.388557	-12.311740	-7.949890	-1.633150	-1.101321	-26.007331	-2.300233	2.311938	-15.902635	39.697704	7.119986	4.576830	-20.035794	19.167934	0.553649	-1.489622	-4.307504	-15.241934	-7.230652	-4.525108	-3.550287	-8.232374	0.030767	-5.016790	0.987994	-7.122229	-3.810749	-11.492177	1.742903	-3.934454	-1.896268	0.001277	-0.796576	-0.048189	1.132990	0.911359	-11.483650	18.993581	8.425163	4.356214	-30.690914	12.464450	-3.336170	-0.347572	0.023973	-3.350043	7.942469	2.250864	-3.438007	-4.643899	4.588204	8.128115	0.346784	18.325784	-17.167965	7.870326	8.151004
100.233209	8.221958	0.395879	4.732058	-49.867244	-21.215795	7.007269	-14.054121	64.275098	31.317826	57.373212	-17.508803	1071.266996	146.053167	56.792535	74.820744	210.505249	138.104293	-5.582349	58.179747	-885.743624	25.300927	24.203578	-104.791964	39.056290	27.573277	29.518676	9.660607	70.998313	43.766488	5.132592	3.245248	-55.787199	46.732061	11.951671	-7.343004	-120.306965	42.389284	59.459557	-38.932507	461.150559	-3.962843	49.423022	11.418536	144.337254	0.179454	-15.823393	51.232326	-308.115079	64.012147	61.741517	-30.734866	-41.012700	-370.476552	-42.607835	-19.055578	81.934837	139.736793	68.198763	8.691406	-21.002828	106.917542	20.031970	-5.208171	-131.452710	116.950893	18.179415	-44.444775	187.727954	-142.366443	-75.900615	22.656964	138.483510	-175.710566	-48.944873	1.756529	-268.081508	28.916848	-16.076709	-16.308353	-25.220888	-224.584949	-40.873637	-8.550689	95.244070	-77.255309	12.540577	-10.881381	103.767872	-169.122579	-17.167950	-4.695867	-137.750997	-13.887647	-24.148030	-21.704097	192.805967	-64.090482	-40.244412	23.277323	184.207958	-57.132901	-36.633110	16.438340	-378.837944	-4.134779	-20.321381	-16.512385	-24.995807	5.230165	3.215087	-0.647202	84.293781	-114.124936	-68.368164	8.482028	227.228905	-34.565913	-2.091337	12.474026	-270.018531	-6.124095	16.872468	-37.335337	38.897519	18.953890	22.027449	1.017701	111.848466	-18.227593	-19.030527	8.779658	-144.011310	-49.740007	-30.878318	0.179085	-18.024572	8.611137	6.776358	3.446366	69.330329	-29.538401	-10.548927	7.718059	230.639593	27.465351	-0.103618	71.680248	-233.233531	44.900120	-9.333860	-7.990017	-92.925219	56.215685	1.601759	-27.066698	24.291622	72.715920	5.845448	14.664696	-11.110765	71.930615	24.367622	2.909155	60.090155	172.904889	83.445851	19.123794	27.785888	7.319429	0.006410	6.405277	130.924439	84.140755	0.191477	115.281946	-68.829822	264.423054	-5.361103	16.869434	-81.921818	145.450073	13.891211	-164.368807	-17.355745	-46.534905	22.120602	-59.461562	-22.427520	-85.669447	88.723767	-21.708150	131.598244	-192.722593	154.994348	4.072644
5.237594	3.721644	1.337525	-0.118999	-73.082104	-10.944173	2.777093	-5.963009	-30.742269	54.456163	26.118122	-1.304386	146.053167	118.218047	27.394681	14.116855	-131.418756	96.814180	23.752126	-8.118415	-123.666031	97.775186	25.776530	-15.641325	91.077642	84.440597	19.051402	0.635923	8.683432	85.744918	15.736260	-0.570646	-127.927363	46.289371	24.785041	-13.131004	-73.999768	44.924523	48.612442	-12.521956	91.169204	48.377722	20.415473	13.964746	-31.319619	9.111577	-11.308723	9.029945	-42.653045	-34.444451	-10.388504	-11.911315	-6.860810	-122.591399	-25.084775	-5.832096	22.468578	41.525617	20.702020	5.319631	-51.683142	24.545344	7.000740	-7.059210	-20.235620	-74.128651	8.206595	-17.952545	66.721372	-122.003161	-36.357058	2.916888	39.174212	-75.923315	-32.638136	-8.103743	-15.211035	-41.468490	-24.213703	-4.547640	25.321924	-81.254545	-17.981885	-3.416777	5.035893	-102.056755	-17.204596	3.076001	10.292824	-57.172589	-12.116183	-6.997138	22.001787	-46.240338	-13.029809	-8.585023	51.500203	-53.470542	-14.613675	1.442808	-13.942229	-8.641615	-13.702191	4.587422	-65.411668	10.805211	4.323739	-1.931687	11.619377	7.783702	2.583408	-0.072248	-2.530534	-40.215187	-21.418561	2.693366	17.836091	-10.049008	-2.175507	-5.979011	-18.748118	1.506932	0.650064	-9.216282	16.973862	4.484787	0.990619	3.654461	-34.591875	-0.138684	-10.124586	5.832298	-36.343280	7.742290	-3.291996	4.432081	11.638428	34.352571	27.525676	2.519601	6.679310	-10.308609	-2.391472	-0.122048	20.168902	3.896734	0.420480	4.226749	-51.220849	9.733675	-2.766556	6.123655	-4.684240	17.230344	-1.231914	7.652415	-1.590859	19.407304	5.149011	6.963290	-1.943107	26.102721	24.184754	7.586116	37.949671	56.736260	73.020063	3.791359	4.029695	1.325973	0.017841	0.945195	8.324148	11.988826	-0.310361	14.421989	-31.162144	17.766487	-2.975167	-2.182779	-12.599292	-17.451088	-2.752559	-18.811489	-3.223684	-39.326707	9.785986	-13.980506	6.300871	-76.344014	34.219793	1.890133	6.471136	-131.098915	39.553856	-4.549956
-6.833648	-0.478655	0.592797	-0.537824	-51.217535	-6.918773	2.208720	-4.708406	10.870149	17.075650	20.723224	-2.413472	56.792535	27.394681	23.499990	2.185830	-53.818716	16.298375	14.250877	-4.356762	-14.798859	40.034021	10.569730	-2.701083	35.171766	40.113478	8.371053	-0.646357	-6.111819	30.118270	6.469926	-0.468051	-60.573537	13.001344	11.412649	-6.688804	-4.610286	15.273443	24.800050	-4.053696	27.889935	16.681843	13.076187	4.630466	-16.400865	0.992258	0.480509	0.336785	4.459528	-15.539229	-1.880355	-3.609871	-8.923399	-50.345936	-11.056630	-3.086654	5.369423	14.498458	13.354975	0.027207	-22.656764	20.637602	5.237511	-1.232706	0.134859	-15.352760	12.150920	-3.476540	16.131025	-31.162437	-12.601804	0.704439	27.238240	-16.463379	-8.862045	-1.979931	4.996437	-19.338402	-5.695640	-1.120073	1.210501	-20.814321	-4.277535	-2.072122	4.078011	-48.451372	3.377399	-4.346969	11.151183	-14.824617	-2.274460	-4.037845	20.958668	-14.077830	-3.728359	-0.271940	11.017761	-20.247829	-6.011162	1.429010	13.068067	-8.414152	-2.725622	-2.278280	-15.567156	-4.380818	2.898384	-2.052705	-1.294069	-5.674346	0.842606	-0.045330	-4.320858	-13.871940	-4.398003	-0.751117	1.005811	-8.461787	-1.473602	-3.822176	-9.114109	-0.138133	0.169919	2.254509	7.904233	4.616331	0.216374	6.883796	10.981154	-1.127259	-1.680656	1.195221	-4.873160	-3.766240	-1.952231	-0.160938	1.852883	5.927575	8.825023	-0.063409	-0.448497	-4.397429	-0.822343	-0.081656	-0.735656	-2.445336	-0.686782	0.500848	-35.154701	0.965007	-1.579795	4.738372	-1.447973	9.770639	-0.672612	18.129905	3.377215	7.671825	1.035322	12.607046	-0.009692	1.572298	5.958944	3.122947	15.534390	7.558521	27.533305	0.365373	0.879443	0.002420	0.004421	0.113705	-3.784140	1.576262	-0.243561	4.271899	-29.072566	-4.390352	-0.601518	-9.795150	-12.490615	-32.356027	-1.057852	-9.107165	-1.115240	-38.008736	-1.011363	17.294073	-1.444624	-32.960552	10.499872	18.886207	-1.710122	-47.078148	15.554299	1.953175
-0.067714	-1.587693	-0.032568	-0.249479	0.781686	-3.951106	0.611451	0.964130	3.098078	0.990970	2.305410	7.451811	74.820744	14.116855	2.185830	24.308204	-12.131406	3.946429	0.076892	21.680693	-73.469361	-8.589652	0.645834	-11.592960	-4.149760	-14.440546	-5.093826	0.736577	-1.848262	8.465333	0.018950	-0.510355	-10.480828	7.321687	0.915816	-1.733598	-5.888503	1.432375	1.148347	-0.684639	31.726945	-2.034227	-2.338588	3.640780	13.648652	4.618849	-7.735681	11.823217	-29.328581	-5.067527	-5.315564	0.025261	-5.671171	-21.156680	-10.895612	1.339197	2.860219	28.161833	6.519261	0.392856	-9.743180	18.665037	0.483389	-2.044783	-8.636388	3.479161	-9.139533	-3.463170	9.241417	0.049722	-17.514410	-0.219924	-5.022852	-1.726384	-8.562381	2.132514	-16.789392	19.946110	-3.851066	3.912617	15.537727	12.433669	-2.862360	3.181967	-1.051032	-11.822179	3.396942	-0.391528	4.746545	-16.767415	-5.615586	2.671952	0.868426	-0.509183	-9.148024	1.516283	11.700755	8.458118	-7.994515	0.143403	-16.226288	8.115222	-6.524603	2.730786	-14.162833	9.076538	0.023600	2.094848	10.470250	8.385282	0.649192	-0.088151	-4.189741	-22.984428	-7.077680	1.121912	3.643430	-6.510011	-2.378035	0.315300	0.107111	-0.696795	0.306021	0.224369	12.457067	-1.381114	-0.472026	-1.137043	0.749256	-7.119494	-4.812706	1.154987	-4.166067	3.189326	-3.367614	2.954404	3.330180	-2.534224	-0.912922	0.155540	-2.080896	-2.821484	-0.776630	-0.155674	-0.619447	1.750046	0.590956	-1.009824	-5.793198	6.373444	2.350315	1.818670	4.673796	4.728299	1.052234	3.843892	4.890210	5.369401	-0.772358	0.306735	-1.435897	5.843006	-0.661987	1.487400	4.410595	8.144012	1.492215	1.163184	-1.194588	-0.853615	0.002773	-0.198245	0.971381	-0.282751	-0.369179	2.497143	-6.911924	-2.237560	1.131402	-3.723572	6.703474	-11.010296	3.013582	2.401127	-0.407291	0.419228	-0.188418	-2.380689	-6.179377	4.835310	5.255045	-4.553013	9.597277	21.183297	12.105293	1.659979
120.309662	48.585335	-1.954159	13.462326	187.713611	84.458948	-38.294834	4.296266	-760.006314	-140.676178	-93.923875	-69.086757	210.505249	-131.418756	-53.818716	-12.131406	2701.325313	-34.573394	-50.669693	173.298271	-176.680027	-508.520410	-166.644054	-35.691536	-990.506143	-699.071272	-226.000320	-39.314511	110.479747	-104.940847	-21.549405	18.933615	780.989115	1.574565	-68.562157	126.731997	-139.472755	-3.003098	-123.971179	16.683260	-75.694776	-84.232633	-40.623592	-40.006763	940.564147	-145.221188	18.188011	85.357238	-297.166892	382.581093	20.274738	12.421464	-122.064469	-88.136737	29.168737	-12.765767	-36.383019	38.809958	-23.748518	-7.300237	538.625881	-81.863501	16.228217	113.269587	-52.734474	361.738189	-72.351140	52.223424	-73.871761	202.404984	-3.413803	-16.581852	249.444354	-159.295405	50.831170	64.785083	-466.333932	329.397783	38.062174	-6.972261	-159.030789	-47.421623	8.444849	-2.923894	29.547040	516.684834	-52.661887	-19.539941	311.632027	-62.559600	-34.880553	91.987310	-237.095785	144.534856	-1.604050	27.293866	-121.432029	187.459212	5.470345	16.390829	522.086557	-96.281905	0.229994	57.193015	-416.362558	-82.017990	-92.467833	2.609833	-167.922069	-13.601433	-26.608242	-0.436032	-91.482474	-83.115138	-141.482838	-4.312639	452.974885	17.519165	-37.686155	118.837570	-218.269558	6.172739	12.547203	65.452464	-271.455304	-52.042031	16.157652	-36.684795	410.964866	-115.723997	-0.371392	-5.374078	10.165114	-160.684706	-51.706967	-18.466579	-74.551234	-75.785842	-47.887857	-5.036446	-110.327271	-92.455249	-20.531683	-3.357096	332.988340	-11.368272	1.960517	102.972161	138.394418	-29.061369	20.294716	65.714574	-268.332559	-147.987892	5.262438	-144.936912	39.462025	-104.781755	-5.311825	-45.462521	43.080147	-64.895544	-37.870422	-19.782364	-47.620272	-22.521643	-89.572064	-8.757914	-49.721202	-35.482234	-0.004825	-14.557447	147.103866	-83.286520	5.822523	37.934865	272.117516	149.620475	9.141757	262.073263	-131.735477	515.189482	22.661456	-100.438540	-43.169783	271.556555	40.624740	-159.132385	-43.448015	208.811573	14.071946	-108.389179	111.465390	145.541828	74.107569	-33.279913
12.946360	8.548457	2.424180	0.269414	-4.084731	25.509880	-0.964498	7.571558	-65.406275	27.155040	-5.223560	8.561571	138.104293	96.814180	16.298375	3.946429	-34.573394	303.304638	14.560153	-11.066789	-242.478681	264.914371	42.748240	-17.073633	244.587224	310.520908	98.556725	-1.250589	38.428825	91.884918	19.559922	-0.174695	-24.883366	61.658024	15.325791	2.078462	-130.755814	76.091941	18.346765	1.432429	73.388938	67.188540	55.519111	11.296687	-39.841066	8.335898	5.422835	8.735036	-160.185270	4.870210	13.014130	-13.285967	-37.797561	-105.407853	7.758255	-13.950167	76.137656	64.758171	18.842509	13.340853	14.883450	11.998283	5.312858	-7.074935	-66.078576	-57.709855	10.276905	-24.190984	70.399458	-161.016452	-2.457066	1.059021	114.332833	-190.848393	-57.230281	-11.119438	-22.603906	-174.245375	-58.839912	-16.844702	-55.052477	-250.495454	-45.530438	-7.684647	28.163401	-143.502686	-40.606808	13.684018	18.463571	-151.736709	-32.214458	0.519720	10.023441	-97.692253	-17.179705	-24.479260	83.169412	-128.082437	-20.810285	3.561609	57.657781	-66.883399	-24.021516	-3.853728	-87.647382	-39.204358	-28.069596	-11.149910	-29.167018	-42.486426	-7.465159	-0.469953	13.050127	-54.973088	-33.709080	7.311717	81.382693	-27.986705	-11.224231	0.288912	-46.060264	-5.131748	-2.660571	-33.217952	-4.652161	15.358623	2.617148	-8.888003	-51.562973	35.366897	-8.360253	-2.170446	-80.149599	-8.181848	-6.889786	-12.344618	1.251410	37.596246	32.627049	1.158885	29.249162	-4.937042	-2.094574	-0.636208	112.280156	5.840897	-0.495096	11.627955	-19.947890	24.200300	-5.860393	-18.489318	-48.873486	25.587501	-3.172217	-45.963323	-10.770492	27.646078	7.632201	-17.723049	-8.319318	44.821004	35.038140	-5.428611	60.855364	104.248651	107.026128	7.444789	15.404846	3.089420	0.009787	3.395455	75.590389	47.533255	-1.099254	33.037875	18.407895	148.680699	-5.406755	5.519341	-36.998452	124.966276	-3.869933	-69.010612	-12.304111	15.107773	23.965275	-78.807216	0.268727	-94.567134	71.312135	-39.001829	26.565457	-266.368306	76.464106	-3.667930
-10.407520	-0.254054	0.644405	-0.515310	-96.413295	-8.763441	0.521982	-7.032124	-71.227368	8.754343	5.178516	-3.942910	-5.582349	23.752126	14.250877	0.076892	-50.669693	14.560153	45.898283	-5.325951	16.560245	57.359805	37.428811	4.457357	63.511267	93.123946	26.942929	0.417769	-0.805422	38.524759	8.125426	1.167725	-81.940682	26.178771	14.146706	-4.887965	-65.639121	28.504387	26.039960	-3.815187	-0.050691	44.906654	21.305397	4.109866	-24.589917	13.798694	17.548653	-4.441591	-16.377874	-12.457049	11.123283	-8.943844	-33.147979	-55.117675	-18.769225	-5.738612	20.256819	22.307462	11.822533	2.264639	-23.098809	20.163173	11.351350	0.517962	-25.092882	-23.792930	19.597060	-6.922612	12.473070	-57.308095	-6.482326	0.053810	55.359603	-48.991064	-11.882624	-0.506950	4.623938	-36.072404	-15.095348	-4.165166	-19.788744	-56.488192	-21.533101	-2.315164	12.102569	-61.587957	-5.783112	-0.449710	19.262437	-45.131901	-5.663624	-3.752212	22.015835	-31.508329	-2.092726	-6.408559	24.695420	-48.279172	-7.813467	1.410545	34.286158	-27.808379	-1.656930	-3.990713	-42.736646	-9.618701	-3.917664	-4.967992	-9.336596	-1.452702	-1.498997	0.134807	1.366718	-13.431618	-8.169914	3.636162	31.651308	-10.666068	-1.328079	1.009979	-16.464777	-3.238007	-1.014620	-4.681124	9.122775	3.084461	1.087784	3.033247	13.499401	-4.872055	3.046694	0.508348	-29.917324	-14.157564	-0.416171	-2.487125	-0.013836	18.381273	13.364278	0.737077	3.012540	-5.860956	-0.201988	0.259760	27.098316	-0.814124	0.038100	5.989607	-34.392060	2.630981	-2.330200	11.086938	-14.637170	9.321113	-0.532337	8.472558	7.181542	14.500318	5.480501	2.752003	0.046882	11.000676	14.925496	0.893813	28.007042	36.700500	46.007853	4.007986	1.908305	0.040505	0.001237	0.645340	13.793694	3.722041	-0.381406	14.536222	-17.135182	15.355192	-1.162949	7.161965	-22.348948	12.628641	-0.681707	-22.192157	-1.227270	-14.466478	8.050882	-9.173919	12.348422	-65.698368	24.260358	1.598701	-2.296468	-155.181954	20.314828	-3.823311
-2.860012	-3.517794	0.195405	-1.230506	46.438403	10.358429	-2.416180	10.111176	-103.980488	-24.999673	-15.406078	3.410094	58.179747	-8.118415	-4.356762	21.680693	173.298271	-11.066789	-5.325951	120.019806	-179.876364	-64.869747	-16.961338	40.215875	-100.513429	-66.340673	-18.930392	0.320656	1.924176	-16.599749	-1.041963	-2.514497	90.087256	1.238406	-3.925353	12.022058	-34.229589	3.154641	-11.196799	5.111655	-11.199451	-25.397976	-0.258032	-1.016080	69.220239	-33.597372	-6.491770	26.610857	-64.142226	34.231583	-6.272358	11.704041	-13.726334	-3.952656	-6.896096	12.270413	2.807122	41.493246	2.553097	1.871776	37.769427	-5.395092	4.963485	2.252979	-27.517374	39.134063	-4.653383	8.046619	-21.394068	19.013805	-5.267842	-3.605820	10.112246	-29.630430	-11.877525	2.455808	-55.171878	27.359102	-9.423966	0.777639	-6.650763	6.762407	-2.925826	9.735208	5.179633	24.834568	-2.237573	12.338291	17.348242	-31.710178	-12.760890	14.284032	-40.283539	3.654897	1.779177	4.012532	-18.780828	38.676056	-5.457109	-0.368203	46.067701	3.480420	-8.459672	1.847696	-10.284865	-0.315975	-6.771421	3.208341	-7.381434	13.380454	-0.285457	0.230964	-8.380402	-37.942447	-25.005953	7.397015	50.798808	-13.037133	-9.624206	15.229553	-16.353805	-6.401971	7.190742	9.495730	-32.728415	-2.446792	-2.072987	-4.186884	60.218509	-10.906461	-2.148492	3.643672	18.529949	-9.587817	-2.372961	2.609662	-0.875070	-7.161145	-4.991753	-0.134365	-11.699649	-11.038050	-3.853329	-0.383142	30.301461	-0.344285	0.951145	12.391848	-12.486478	14.617872	10.113656	31.024408	-45.009004	12.591905	2.936579	0.770698	2.857287	14.904620	0.823567	-4.030034	0.564490	18.676333	1.071182	-1.354701	4.842048	34.204648	-0.808332	1.262212	-5.322259	-2.923578	-0.000944	-0.667861	-1.944237	-12.685195	-0.143285	6.717049	-11.413601	-5.238561	5.677247	17.184903	-16.401771	5.205455	8.772469	7.473675	-9.828769	5.294034	8.111469	-9.920049	-8.042769	16.671002	5.189844	-12.595833	21.893192	-1.384418	5.549725	-2.046621
