172.938145	448.809277	24.398503	34.171661	24.039419	531.429526	30.504420	48.741381	-102.603050	297.346537	20.616065	-76.834444	-51.904927	125.107439	14.699075	-136.714138	55.304086	59.714390	11.226364	-21.521682	35.897209	8.102479	4.239022	2.029344	5.023660	-1.112342	-0.584014	-0.097325	17.409889	70.090251	9.348897	-0.432173	-1.274496	37.308815	20.693929	2.152714	13.246503	21.856451	20.861100	-0.939403	62.044609	-51.160793	13.904389	-13.372931	33.814516	-90.561605	-3.045911	-1.931357	-14.959400	-43.491540	-19.109856	-2.333078	-2.824307	-7.023582	-4.110581	-1.240778	-0.461850	41.367812	23.026809	-1.277669	-1.284770	-104.471223	36.455845	-5.589651	57.024263	-143.421814	32.913698	0.044845	71.323284	-117.729993	-14.743202	-5.202111	3.847575	-69.765489	-83.421640	-1.197287	-9.716017	-22.340404	-37.321729	1.793122	-2.120443	-3.590891	-3.903952	-0.732123	6.198465	87.417302	19.615496	6.302195	26.121941	-11.884508	20.492130	-0.603659	72.465413	-8.018960	-14.367692	5.419203	27.490915	18.219711	-79.454642	12.049518	1.957947	-0.340837	-39.622599	7.791933	3.201419	-1.868423	-7.732129	0.840212	23.861665	14.194969	15.694537	-0.220611	10.808352	-7.528766	-5.426335	-0.273265	40.678034	2.712923	-15.471859	-0.903293	27.664287	-4.186458	-46.828113	2.217612	34.697300	16.385571	-24.202569	18.919812	45.433990	10.014446	2.676316	26.886016	7.757168	10.057093	7.629229	8.309855	74.721606	48.273267	64.437499	3.964263	34.701728	-42.033140	-43.961343	-0.602156	52.203914	-30.354750	-29.345313	-2.432304	13.032897	-67.118748	-15.500379	-14.635980	-0.446029	-56.922678	7.843002	-3.623984	34.560619	-14.266120	5.189027	29.183841	43.342360	3.623917	21.221956	9.765707	63.743746	-35.444848	47.824561	1.947135	4.436114	-100.835271	-82.799161	-3.104853	81.555808	29.701963	-16.552956	-0.941296	13.548532	-14.788861	6.780695	-9.021221	-46.475548	-52.164545	4.772596	-32.586120	30.558047	-103.252827	-0.995661	-1.222340	58.326982	-123.368075	11.279439	36.967434	-37.406574	-184.723679	13.250996	-2.148571
448.809277	2195.171227	100.684065	87.489685	-79.955861	1952.673510	166.406237	13.982210	-283.293504	987.918933	114.576166	-431.006331	18.042088	382.722817	107.353899	-432.622888	284.329385	119.723929	52.446823	-56.778205	58.876707	-18.149699	-0.047685	0.343135	0.930358	-6.755497	-1.739402	-0.104990	72.891096	312.971314	51.713698	-6.036111	0.452957	115.975112	136.363811	-6.848792	139.085543	-58.616747	129.565351	-26.323611	315.739676	-351.704596	101.777157	-70.736368	100.600162	-408.383945	-40.103451	-28.423534	-71.183134	-167.844187	-75.351377	-19.882613	-13.067230	-23.394740	-14.960045	-4.404077	-3.399208	-55.952248	74.637896	-21.918378	38.370916	-546.728907	147.437618	-15.816261	400.142525	-699.860630	174.674250	3.147584	226.061042	-590.075296	-79.223514	-33.474456	-98.045215	-331.348698	-346.245889	-32.039362	-86.250946	-98.294487	-146.710038	-6.517207	-2.040753	-10.107142	-14.050021	-2.680856	10.391843	151.617178	65.960180	6.068998	200.783041	-112.900916	126.655177	3.025929	383.480431	0.586902	38.759319	27.713912	45.592518	147.711901	-365.034688	54.454857	-10.021213	-6.664936	-233.683738	47.838968	4.909264	-10.630466	-40.031444	5.374612	154.103640	57.585524	118.258972	-1.451616	95.044373	-24.095432	22.554116	-0.770550	224.025959	-6.778719	35.771066	-1.443663	66.569390	-16.478784	-169.908945	-7.256973	145.371509	88.497660	-118.410698	38.602619	301.089463	61.583460	-8.255389	126.220448	66.643691	35.582941	46.683836	47.822497	465.830707	155.490702	401.628387	20.748738	237.367414	-123.738540	-102.163983	-1.805389	219.916929	-177.881560	-158.985067	-8.803853	4.451744	-292.138655	-123.713323	-62.476619	68.340383	-264.680413	23.098963	-128.554398	248.893852	-19.908590	25.675524	21.315401	231.897966	84.863156	125.107817	51.811571	319.973524	-129.602802	167.182565	12.728655	151.511835	-397.547807	-287.084538	-1.408905	220.633227	57.487924	-124.141882	-3.497601	75.871350	-47.480085	3.644270	-28.405949	-117.415786	-178.857001	17.422611	-145.468711	61.006646	-357.359502	12.447299	-136.393607	232.683885	-500.389849	-10.578874	46.674496	-174.199222	-692.222085	-218.912102	8.813461
24.398503	100.684065	19.206279	1.519332	-2.204913	120.256885	18.987667	-1.776078	-10.295588	52.573069	11.054643	-31.391900	-2.229038	18.425805	9.863084	-31.515924	34.804059	16.434570	7.012342	0.088536	12.542268	-0.249576	1.753657	2.117431	-0.372674	-0.537010	-0.119010	-0.007467	7.613093	26.690927	5.064731	0.009680	0.516105	-2.316270	5.039249	0.126985	0.559176	-20.848794	3.563400	-3.063698	22.188171	-41.886059	9.066914	-5.670203	18.388144	-37.686646	8.177979	-4.312338	-2.350003	-11.080395	-3.898752	-2.066149	-0.936436	-1.594121	-1.027737	-0.284178	-0.016281	-5.209606	9.023574	-1.763768	4.059029	-44.023599	6.332309	-0.274554	21.442990	-56.731167	1.874127	1.001974	21.580089	-49.706659	-0.473114	-2.731938	-6.679378	-26.164295	-24.693409	-3.032793	-7.541713	-7.095660	-10.379977	-1.209763	-0.647402	-0.784340	-0.966246	-0.218612	4.527981	21.073205	9.633084	-1.241477	18.952101	-5.404769	3.285737	0.134214	35.554474	-3.739386	-4.443310	2.094853	7.272678	-3.121241	-29.641929	3.279351	-3.605263	1.642851	-18.210719	2.921243	1.183518	-0.309966	-3.112768	0.868830	7.234461	6.295341	1.254769	-0.113680	4.689794	-0.213835	0.046664	-0.052115	21.439815	3.173718	-8.399182	-0.360746	20.930176	-5.417676	-23.596688	0.712538	9.872754	0.123014	-4.962856	2.248248	17.308230	10.793098	2.916630	9.094479	10.074404	2.699967	1.845767	7.206513	31.969393	15.152748	14.160053	2.864467	10.940371	-11.590532	-14.003694	-0.123390	22.046041	-12.118621	-22.748082	-0.640420	8.382737	-24.640381	-10.438029	-4.454663	9.573887	-19.197728	9.153852	-12.374267	15.517544	-0.447724	1.667047	-1.983385	27.541579	2.395375	4.811512	8.508981	36.286423	-0.305613	9.053238	4.791654	-12.575852	-40.696525	-26.241381	-2.194501	34.828419	17.349130	-10.920436	-0.263893	17.851709	5.948264	5.592850	-2.461690	-7.338848	-10.330228	3.248789	-11.128820	1.948518	-29.431522	-2.274143	-13.911178	25.828191	-33.683186	-2.810188	-1.876982	5.459150	-58.314134	-4.078518	-1.801614
34.171661	87.489685	1.519332	19.991466	-4.884445	138.443378	6.492760	34.243485	-36.137950	84.499845	0.840894	-14.094855	-27.037736	24.379608	-0.688634	-31.607627	-9.443888	-0.900495	-0.722883	-8.738508	-3.065698	-3.383263	-0.924354	-0.698254	-0.503365	-0.806745	-0.144849	-0.041434	-0.972487	6.044575	0.711541	-0.037964	-1.800326	12.265510	3.076774	1.547525	-3.294654	23.270587	5.224916	1.333336	-6.705864	8.105364	-3.700115	-1.704992	-4.164329	-14.202376	-8.743019	1.810894	-4.399530	-10.870408	-4.729511	-0.552083	-1.321901	-2.041988	-1.235084	-0.401057	3.115143	69.005866	11.523505	-0.243353	-4.217062	18.000802	13.646297	-0.380980	0.069552	2.307434	6.059878	1.088094	7.258339	-12.285966	-7.393020	0.889738	6.546116	-15.624388	-15.509649	0.613782	-1.097435	-5.941056	-8.524956	0.653155	-0.985490	-0.738271	-1.166268	-0.151000	1.905302	42.490625	6.624560	1.435319	-1.877751	2.948625	4.001328	-0.022941	4.471854	-5.116913	0.998318	0.142757	5.564734	-7.565071	-6.525882	-0.009840	0.713873	-3.919871	-5.905781	-0.109861	0.096877	-0.907618	-1.930581	0.053188	3.994513	0.807379	0.036919	-0.066843	0.181474	0.191659	-1.711396	-0.063278	1.518392	2.473497	-2.937302	-0.143257	5.787617	2.584052	-8.237784	1.856236	-3.265005	-2.291662	-4.324747	3.499830	-4.424305	-2.274608	-0.875747	2.378614	-0.803162	1.593085	0.536883	0.235048	11.338766	10.196081	11.877422	0.373762	4.528178	1.165063	-5.497067	-0.149121	3.199471	-0.441196	-5.226695	-0.365334	0.358636	3.013759	-2.563922	-0.410296	-10.421144	-1.404427	0.367501	13.636348	-11.483164	-5.136492	-0.535615	11.857116	-0.303486	-1.678196	5.851209	0.177341	-5.095002	-16.659153	26.818496	-0.425567	-19.116964	-23.094140	-20.366986	5.114348	9.640768	2.888952	-1.817749	0.027304	-0.566602	-3.797040	-0.267636	-1.373896	-11.897665	-11.426747	0.361167	-1.315543	-3.600208	-27.393138	0.076511	20.813478	-3.011710	-36.225173	15.788890	19.417373	-22.863024	-50.459310	17.213384	3.256519
24.039419	-79.955861	-2.204913	-4.884445	339.210169	169.633750	1.335573	137.451779	156.696239	218.844060	-6.686921	195.678031	-247.418406	-181.065374	-34.070484	-185.052503	-98.923325	-104.312225	-25.406952	-78.097677	-0.115898	10.966175	-2.136542	-2.543133	1.602007	-1.285508	-0.870566	-0.223023	1.971838	49.450785	7.298142	1.051871	2.606065	9.663341	-2.911396	5.961696	4.459667	54.998634	-14.470703	41.328938	-7.703028	45.749471	-41.681310	24.139539	-3.375014	-21.336992	-50.784698	-15.345482	7.622603	-10.415679	-21.402986	2.002058	-0.820425	-16.765036	-6.637510	-2.325536	19.157069	333.090327	38.398734	-3.182457	-34.331073	66.496195	18.378533	-17.513399	-25.881478	-33.733739	-7.378048	-1.050441	30.135209	15.004905	-42.621747	5.705526	26.963973	21.461196	-37.654601	2.769059	25.391128	-3.491883	-9.699382	1.707414	0.054362	-8.795222	-7.879343	-0.265671	25.931394	214.971392	26.833512	-3.393190	-25.359582	55.767364	-3.898094	-5.402517	-4.377433	-3.903823	-49.535890	-1.124767	71.375025	-16.633153	-25.372608	-0.347883	23.496031	5.434774	22.786457	-4.361640	-0.093494	1.824186	0.244145	-1.552450	-2.867349	0.843556	-5.034969	1.227143	-8.261838	14.654442	-15.150797	-0.245955	-20.627331	8.284773	-58.364835	-2.817027	42.661717	-46.818712	-61.464874	-4.047936	50.455670	-48.663214	0.270530	-2.030596	-8.354347	5.717561	8.980578	5.580072	-10.197492	9.197977	1.065172	-0.273314	20.395541	47.789306	19.887734	-0.032980	-10.421162	11.632144	-77.705188	0.991404	15.093088	13.539874	-30.846785	-3.504422	29.492860	-33.714122	9.977019	-12.484787	4.897230	-19.518982	4.639908	3.741574	-10.542600	12.774214	0.967404	7.241835	-7.446208	34.210944	19.643461	1.919425	66.241707	52.837903	88.447910	0.165919	-33.842487	-36.765764	-105.628944	-13.963366	61.321675	65.072951	9.447493	-1.214757	17.770687	2.693744	14.296892	-4.996060	-11.364846	-26.367234	-1.221492	0.221859	13.496685	16.363220	-9.666168	-46.935196	23.307819	-25.860071	7.776723	-58.041816	-15.845989	-234.115271	70.751049	-23.551302
531.429526	1952.673510	120.256885	138.443378	169.633750	3387.718650	215.566535	346.066926	-647.050278	2605.525932	145.346820	-411.858404	-465.546541	810.884189	111.724240	-856.371148	183.529919	216.020612	76.490594	-160.203058	165.330895	65.162774	25.958393	10.080672	25.293168	-3.182269	-0.720005	-0.845198	60.704186	372.152109	65.832250	-9.652719	-18.582358	168.989509	144.968653	-5.690137	41.541744	62.856534	166.175231	-24.750887	275.550001	-290.720222	100.055848	-67.766255	202.072246	-553.070470	-29.429319	-40.292330	-67.628768	-281.822384	-109.694815	-36.471424	-28.253784	-58.720536	-33.526966	-11.645458	34.852385	936.181969	219.668273	-0.169949	-34.825307	-379.305994	253.257578	-43.176752	313.329321	-837.270702	170.782867	0.156758	395.667390	-738.214187	-26.097734	-32.435357	33.663978	-448.893911	-462.387522	-40.523387	-92.153848	-156.054039	-264.162493	-10.623696	-22.724871	-29.208382	-33.577998	-6.235857	43.150727	593.045054	128.346512	20.256128	173.689838	-67.568673	117.597228	-3.308337	414.078976	-71.244211	13.183245	28.916042	168.424904	26.376135	-406.352297	61.587503	23.692294	-0.578608	-329.894528	54.986131	18.485721	-13.775286	-74.608289	11.976310	143.127482	78.332412	66.930857	2.376714	88.924362	-4.235794	-2.277807	-1.230064	280.804952	10.161942	-55.611361	-7.600733	206.861629	-136.241734	-286.480712	20.404919	137.919359	-107.635578	-141.209446	52.098984	277.612756	52.401595	1.697563	132.642844	100.581812	47.908685	41.242268	75.047658	562.081790	292.772056	448.129958	38.967677	272.133556	-111.737208	-274.404228	0.648406	344.560779	-235.484766	-321.975141	-14.692735	115.378927	-364.641317	-188.730622	-55.125266	-103.665892	-228.442965	67.901785	-37.899684	21.332241	15.017131	33.439728	136.527713	247.728692	133.369131	156.233632	128.315665	493.924183	-158.745583	500.035597	19.757539	29.053932	-545.670298	-560.812585	25.108698	508.970409	118.877725	-156.747470	2.147074	148.616597	-36.019668	64.253486	-42.554670	-337.320500	-221.949632	34.358799	-195.749900	-102.944299	-637.918411	-22.882618	-71.258446	223.384891	-764.903113	-18.933889	99.842531	-152.115333	-1210.887933	-160.840128	-12.981347
30.504420	166.406237	18.987667	6.492760	1.335573	215.566535	48.042860	9.370380	-29.203843	133.547698	39.895354	-59.204013	4.307293	37.078100	26.105596	-77.743544	65.063264	14.971392	15.129269	-8.994566	15.438549	-0.151610	1.108006	0.507330	-1.090355	-1.114748	-0.339117	-0.036349	12.376530	50.657843	9.597001	-0.857014	0.137163	9.715078	16.335105	0.010655	7.808203	-18.755821	20.071236	-5.020793	49.503559	-56.060946	23.373420	-11.626019	40.040780	-59.863738	5.207339	-10.735446	-2.820446	-17.078080	-8.388153	-5.612921	-2.115303	-3.623339	-2.303372	-0.836485	-0.989208	11.748232	18.465649	-6.084679	3.029831	-70.203628	15.869989	-2.463897	41.248203	-100.162584	13.209654	0.119820	40.446639	-78.974104	-8.794668	-5.587692	-8.521691	-42.900048	-48.355899	-6.865274	-10.717588	-11.986666	-19.552726	-3.126331	-1.304954	-1.887801	-2.313485	-0.566454	4.770702	29.804102	13.602934	-3.493170	30.749157	-13.881577	12.043580	-0.060009	49.565605	2.009105	-3.175667	4.321302	13.369276	25.615749	-55.413580	11.749553	7.150303	13.768992	-34.500440	13.086725	4.988461	-0.905485	-5.797416	2.290669	11.808454	5.242558	1.829021	-0.305537	13.880478	5.205728	7.225346	-0.131487	33.207775	7.937952	-2.670074	-0.909424	12.204982	-4.622131	-36.069145	-0.880770	21.668602	-4.817786	-16.590371	2.830096	60.490112	7.380721	-1.307628	20.132596	18.054850	6.498388	2.712041	12.285857	59.995119	28.695892	34.843039	5.042200	39.771153	4.586767	-15.638913	-0.354310	31.421395	-14.915765	-34.418599	-1.630942	8.963662	-51.556883	-27.373017	-9.188532	11.734844	-51.988956	-2.734334	-24.071299	21.790779	-4.406855	-1.155507	-4.027222	26.435484	28.336147	7.926998	14.863893	46.191366	21.818252	41.934066	3.936969	13.697944	-63.012007	-44.338152	-4.904247	48.254671	4.373216	-30.869915	-0.749039	16.902230	-9.602204	-3.635568	-3.040398	-19.438745	-23.471309	0.212028	-16.422997	-21.608752	-43.907012	-4.472866	-29.263295	11.677045	-60.842356	-8.170093	-14.743975	-17.507715	-121.775242	-28.833492	-7.079451
48.741381	13.982210	-1.776078	34.243485	137.451779	346.066926	9.370380	281.880455	-89.548854	268.024384	-13.184787	232.598267	-215.825487	-193.423373	-33.726732	-141.648661	-134.197777	-153.508857	-29.378471	-71.908750	-29.835167	-12.559443	-8.760224	-6.213626	-3.937076	-2.831375	-1.464550	-0.223125	-9.529383	15.405332	-1.463778	-0.937902	-7.919354	34.296713	-0.930814	8.124078	-4.527163	97.538553	1.669264	33.129016	-32.776335	65.228922	-40.443978	19.396422	-44.644391	-26.224687	-64.888581	-4.609379	-3.884381	-31.083893	-13.923459	-3.724431	-3.244849	-13.932192	-5.706004	-2.667650	17.162230	425.698005	41.308728	1.931638	-30.628617	179.739248	39.604610	-13.809955	-26.185005	73.653346	9.792109	-3.914069	3.608560	37.685119	-22.707361	6.733710	30.280216	-0.552812	-16.535292	5.034820	14.558030	-14.181753	-24.752053	0.128779	-5.520325	-7.975727	-5.849843	-1.285475	16.418530	260.884266	27.528459	1.666822	-30.659202	67.239751	3.679363	-3.508052	-21.470962	-11.653399	-14.576636	-1.586997	36.102549	-38.429145	34.663699	-3.533400	2.057972	-13.137110	9.901350	-4.298711	-0.296500	-0.954907	-8.028003	-0.386878	-2.142626	-2.094761	-3.331609	0.881005	-9.113735	6.410920	-12.726417	-0.101847	-31.079784	-0.239412	-23.393690	-2.008236	23.608991	-21.777375	3.277406	10.426189	27.974918	-61.743224	10.530120	17.334017	-34.781131	-22.407307	-1.884664	-11.422007	-10.964263	1.518588	0.292158	-5.858624	-0.923789	52.696663	23.158327	1.641679	-2.750942	-2.048665	-36.416222	-0.546922	5.757904	7.095773	10.615881	-3.381909	1.168012	-11.468232	10.328840	-0.008537	-27.023366	21.870334	5.332920	67.577796	-52.656538	9.433146	-2.054731	42.801892	-16.539382	1.063145	26.249891	-10.071909	25.367813	1.938423	152.855625	3.969850	-54.839527	-99.593294	-69.578941	5.141833	13.812628	1.600222	20.044583	-0.538435	-32.143428	-10.277571	10.936218	-10.406966	-69.418668	-37.202325	0.831047	1.528706	-5.867866	-89.678253	-1.516830	91.544470	4.286155	-97.421546	64.031711	22.306169	-27.809342	-321.715222	127.402194	-12.820537
-102.603050	-283.293504	-10.295588	-36.137950	156.696239	-647.050278	-29.203843	-89.548854	903.708556	-799.317475	-19.989179	154.238977	299.333364	-805.424110	-53.502762	-67.143898	-189.506255	-303.170733	-51.609840	-111.691990	-35.918109	-7.197343	-11.386251	-4.544244	-3.546376	-1.357508	-1.480832	0.216368	0.815894	4.698314	-3.714569	9.339725	6.779496	-53.454991	-19.081230	4.599101	116.746145	-36.026435	-27.047398	56.445938	69.479038	37.043787	-43.554666	54.289117	-70.924249	74.827373	-43.384202	-5.678618	10.213336	80.852816	3.578667	18.710154	16.312589	0.599257	3.751085	4.278316	38.466600	93.105721	-6.313145	7.361311	-18.162489	208.946420	-18.377368	-7.568274	-58.600347	147.530933	-52.437449	-1.404708	-70.657350	123.279833	-55.908617	7.745617	-12.278145	108.971392	63.158447	15.929434	30.665727	33.343998	74.424631	6.235528	15.231249	0.311446	7.414568	1.952648	22.839249	81.402594	6.581156	-7.913380	-40.935930	63.418552	-45.774131	-4.967381	-38.099448	-16.845988	-110.111981	-5.274443	50.903542	-31.720073	14.194484	-19.689018	28.580462	16.999163	109.634559	-20.347435	-1.603858	5.559779	28.027306	-3.084924	-14.828351	-10.931170	-6.709826	-1.287370	-23.374120	-35.012083	-39.364036	-0.805428	-57.895844	-34.783360	-123.543500	-3.046528	19.155899	-60.897599	-61.279619	-30.673236	56.539723	58.783131	67.495961	-23.459859	-37.010539	43.751605	22.744428	1.506105	-14.394358	-2.600128	-2.139768	-8.432302	-47.679038	-30.552143	-15.504869	-7.472946	-94.197196	-36.009862	-84.492997	-0.863352	-19.561061	70.466436	-22.297598	-2.388228	38.981166	51.712690	66.074082	-11.841866	-14.016758	27.972069	14.855363	-38.255675	85.099604	56.059472	7.184211	-23.690241	6.842272	11.192396	-4.428926	-16.119716	-108.907658	6.969763	-92.592274	2.788106	68.544742	170.547497	20.526513	-7.753872	51.650615	127.697374	66.819253	-2.548874	12.385995	25.147952	0.634316	9.962171	-24.528027	-18.939393	-9.549298	-0.529509	80.952233	39.338436	-5.757011	-73.889860	110.079085	59.532034	-35.989831	-2.909699	-29.720791	185.677162	-31.383828	2.985517
297.346537	987.918933	52.573069	84.499845	218.844060	2605.525932	133.547698	268.024384	-799.317475	3727.573852	145.263815	-393.738638	-680.623281	2294.141435	136.997487	-793.196947	269.698876	596.569472	104.637658	-161.928782	187.856811	97.121515	45.108100	12.286872	27.036696	-3.061256	1.012888	-0.854327	47.163414	406.873208	59.228624	-17.307112	-33.330347	219.683178	94.549106	-19.721628	-48.577816	77.202425	135.946408	-68.016202	201.103995	-199.958596	143.665723	-97.087427	263.413330	-551.248231	33.630976	-39.853916	-58.460284	-333.620646	-90.253675	-37.405919	-37.030969	-92.411305	-49.847565	-16.950615	-3.842581	965.719595	184.326882	-10.576823	-79.601542	-370.394693	152.464015	-59.462945	233.034013	-826.899583	150.133415	-1.715987	449.103863	-762.768024	81.051789	-8.521566	88.609655	-506.753782	-420.774649	-31.943220	-122.973519	-190.148194	-303.710397	-15.054372	-35.538371	-47.004950	-54.622366	-8.505312	6.624620	388.516773	70.549195	17.750655	145.100400	-101.801839	114.654894	-9.982291	374.987542	-37.343951	82.752577	29.234869	183.704671	7.343541	-432.378859	71.966140	20.225311	-57.128799	-420.436231	43.891061	7.590564	-20.423755	-112.611027	7.745183	43.205035	39.119274	-2.833381	1.219975	92.582043	90.169183	53.100341	-0.386564	262.191410	127.130491	40.922860	-8.827612	159.171562	-68.692058	-315.843462	44.430857	114.924370	-84.064842	-265.221354	106.937059	207.575757	70.419742	-35.714204	127.602331	64.064363	54.110848	12.072511	58.467533	361.126764	250.378313	296.360581	21.427783	375.184966	122.246896	-169.717261	7.390261	275.514467	-156.078560	-364.700947	-13.070717	56.222089	-363.365958	-267.623860	-59.862566	-91.492865	-195.155381	32.021089	-37.120601	-51.046456	31.587220	9.974659	199.355569	155.401426	164.445404	79.046752	159.468867	463.430094	-36.672649	457.763581	-1.064234	154.517736	-553.318192	-644.983926	11.917572	357.055054	-35.493139	-296.263489	7.008099	138.299989	-71.813105	5.206750	-43.345090	-268.968618	-166.612293	2.716678	-242.740907	-209.428596	-591.810516	-39.587888	-94.861354	46.309808	-646.187433	-50.666781	96.341126	-30.909294	-878.523992	-224.490639	-4.331672
20.616065	114.576166	11.054643	0.840894	-6.686921	145.346820	39.895354	-13.184787	-19.989179	145.263815	78.369587	-74.104886	42.159283	116.421304	61.619333	-85.121461	111.636833	70.253001	35.944171	-7.763157	43.411172	18.979886	10.625578	4.221255	4.606355	1.307708	0.591955	-0.069946	16.377305	50.085397	8.382989	-1.671591	0.643060	1.243696	15.663448	-1.882363	23.336013	-52.880477	18.042455	-6.047805	87.650887	-92.558426	40.000008	-12.670023	56.865471	-83.572097	22.050164	-13.774996	-1.574509	-23.820022	-6.889149	-6.057241	-2.612795	-4.608757	-2.827700	-0.969677	-11.341007	-53.433064	5.386102	-9.283329	3.636680	-139.135661	-1.419894	-5.764049	56.560664	-151.969762	14.427877	-2.463769	49.403733	-96.445308	-2.513017	-9.548593	-22.613567	-48.349082	-56.357750	-8.183765	-14.248571	-16.653485	-23.081374	-3.950077	-2.180213	-2.527811	-2.781075	-0.785690	-2.513098	-34.854015	5.945504	-4.935815	36.488107	-32.262405	18.650155	-1.121075	52.399919	3.730538	2.524937	7.787656	-2.654006	47.467271	-77.375003	25.533031	1.802168	12.969754	-45.454258	19.162039	3.111355	-2.396145	-6.729162	1.405424	8.309594	6.348743	2.688076	-0.428681	23.222576	15.643425	20.185822	-0.213885	40.083795	21.995075	16.055472	-0.880286	-13.980640	7.906707	-33.569537	-1.322936	30.993200	-9.635755	-35.398670	13.919383	87.161902	-2.226903	-4.808771	26.041734	14.186578	9.084658	3.518424	8.816480	53.822423	31.360580	46.325494	1.686789	65.907727	30.942560	8.722302	0.173524	30.310993	-12.580953	-34.647136	-1.559443	-0.351984	-68.718527	-46.686408	-10.480161	20.057888	-80.268319	-12.150385	-30.186006	41.750733	-13.397363	0.569331	-1.856772	27.554683	32.986375	9.170286	12.813425	43.321037	38.316067	17.101967	-1.553011	78.169028	-45.296630	-37.075640	-8.210595	33.028900	-27.044887	-55.413555	-0.854515	3.414516	-24.741826	-19.672134	-3.717578	-18.446363	-32.151896	-2.877256	-17.238305	-10.926358	-44.684359	-2.900307	-28.080865	23.314640	-55.085674	-8.695128	-21.582020	-6.275017	-89.531317	-65.551874	-9.657502
-76.834444	-431.006331	-31.391900	-14.094855	195.678031	-411.858404	-59.204013	232.598267	154.238977	-393.738638	-74.104886	910.021024	-376.585117	-816.329077	-107.179659	348.982301	-398.134222	-457.608219	-88.048052	-114.160946	-100.376210	-47.838874	-24.149247	-12.709248	-13.448888	-8.044090	-3.052751	0.668835	-32.191627	-67.391489	-27.702710	6.250362	-14.866232	-38.969342	-52.591907	9.406313	-28.556211	41.358750	-47.833538	89.947988	-137.512524	222.180563	-74.446504	108.482029	-114.624943	150.216982	-83.649657	18.073733	22.322059	1.448595	1.095023	18.720487	-0.463088	-24.776231	-6.505538	0.272486	52.478171	569.780445	-5.282868	31.363635	-56.176930	499.030386	20.300051	-3.286608	-152.497912	360.658728	2.419022	-12.479156	-170.913295	287.921398	23.573087	17.891737	67.664468	153.771050	139.935621	19.492740	65.828576	15.889979	32.270887	6.713319	-5.262041	-15.145274	-5.632517	0.015562	42.330336	381.153581	26.479356	15.156242	-100.610063	243.169578	-5.036382	-3.343024	-174.645767	32.357302	-15.786475	-13.788673	-1.990862	-92.733787	239.549630	-37.192332	3.834540	-28.319259	153.635580	-29.075371	2.834020	4.753914	5.795951	-2.372585	-32.588313	-10.462763	-17.506749	4.041476	-36.580388	13.946985	-37.064151	2.236539	-120.293450	-28.331872	-60.790383	-2.149462	-14.382278	-40.129360	75.070326	-8.545320	11.691192	-47.094764	83.732088	-11.649009	-149.098389	-58.304495	6.878602	-58.972663	-40.429309	-13.964865	-2.667735	-24.884718	-113.191249	-8.951656	-56.753649	0.434602	-126.129780	7.263927	-34.614811	-1.555112	-85.370626	67.978627	85.469519	-2.084615	-27.493995	120.555959	95.609661	-11.980369	5.745293	178.108436	-11.234215	117.335240	-85.589689	14.800131	-12.731704	54.783824	-97.682777	-56.081372	15.861165	-48.492731	-143.465518	-24.040025	37.354129	13.223722	-149.396147	73.020621	30.105791	20.585140	-90.266021	48.090722	106.715204	-3.757004	-100.970477	5.721188	21.741654	-25.863826	-49.663270	-41.924516	-6.235022	52.937140	-3.923913	13.752478	-5.961735	205.760019	-121.084320	101.992200	50.366248	18.101628	-103.697487	-113.924668	277.556794	0.700277
-51.904927	18.042088	-2.229038	-27.037736	-247.418406	-465.546541	4.307293	-215.825487	299.333364	-680.623281	42.159283	-376.585117	1183.506986	-370.758490	96.136206	4.105371	364.417300	-186.968187	31.631007	52.188600	-8.077243	-52.323834	-12.006445	-2.068689	-6.482045	-6.859758	-1.061961	-0.232005	17.125108	0.550566	5.239792	-1.293437	-0.197901	-135.862705	-12.919190	-5.575769	146.464366	-221.521119	-19.278721	-19.661186	305.746573	-197.217341	43.619276	-6.774976	41.205467	-30.962374	9.596452	-9.619346	-16.853274	98.665864	22.881963	-2.882604	15.565831	22.247617	10.058422	8.609020	-18.652886	-638.137104	-84.062692	3.785596	49.099961	-272.192435	-71.702949	12.697038	77.362963	-63.101631	-40.196288	-1.381308	-25.225241	-20.133910	-57.971198	-12.822520	-109.116394	50.527565	-12.973847	-3.640122	-35.858840	56.860681	60.927640	-3.578725	19.887524	24.600111	24.288440	3.837387	-15.478601	-341.062935	-60.678884	-2.794325	37.904696	-44.246204	-5.465322	6.786688	6.616947	41.820360	-38.640687	8.783199	-22.493663	91.287275	-50.841887	16.168650	-3.325742	17.742919	15.528934	4.383031	-6.924261	2.953118	26.530466	-1.819963	-11.062470	-2.806033	-2.405470	-2.399624	22.412996	-29.111474	24.957754	-1.201364	7.778284	-5.018808	9.678598	4.070702	-73.616404	-14.077746	2.999181	-10.423212	9.890058	-43.563629	3.527819	-47.002547	2.011207	20.084739	0.226999	-26.824292	-12.647225	-1.469427	-4.385571	-1.357729	19.665896	-28.849873	19.226100	-2.278208	22.702322	-3.750213	67.146608	-0.657679	4.403616	12.363722	-39.533522	7.884043	26.325819	17.384285	-53.407433	51.286516	-78.071261	-17.059801	-2.846099	-71.821590	-53.947800	82.391532	4.453829	-76.601333	25.112579	23.603252	-19.681601	0.225060	7.103849	42.722744	-70.153109	-2.543450	180.597999	74.150426	116.772205	-1.356379	-66.836175	14.663725	-0.637218	2.231812	59.293875	89.777374	8.459549	51.616865	-1.296074	169.944405	10.553851	36.070047	-36.463802	94.493713	12.359747	-90.112252	69.759497	11.335469	-18.679379	-12.036916	4.915394	174.233800	-181.808756	0.925742
125.107439	382.722817	18.425805	24.379608	-181.065374	810.884189	37.078100	-193.423373	-805.424110	2294.141435	116.421304	-816.329077	-370.758490	3473.476220	171.100540	-273.117229	641.017335	1609.232133	190.634420	136.174084	262.709193	198.244873	87.782312	29.602849	45.643856	29.689474	9.898137	0.037632	52.562311	133.106736	29.000337	-25.154989	-1.271034	-40.238612	17.556134	-32.426137	-120.346273	-211.775795	5.569974	-132.761488	30.620161	-302.338298	143.715983	-154.859974	273.522011	-239.386687	215.746008	3.333812	17.549173	-170.597717	17.472795	-12.080924	-13.545757	-1.513637	-6.903192	-10.312933	-89.695410	-413.089279	-8.356101	-43.815365	1.065989	-793.284208	-49.953027	-20.394161	130.876517	-653.580190	66.382388	8.240791	216.395886	-488.980103	122.266590	-10.985764	4.430271	-338.902808	-161.664853	-24.312164	-77.256987	-111.298759	-137.764224	-3.325120	-21.531802	-17.979864	-26.949893	-5.773549	-54.432069	-262.623518	-39.036843	2.856903	121.017267	-132.978701	69.816042	-0.371690	205.397037	58.660994	133.185347	21.453382	-35.962672	100.332465	-334.762498	67.890450	6.697942	-49.334484	-284.566987	36.550823	-1.981262	-14.427658	-65.219471	0.416643	-12.472628	12.288195	-25.692336	-3.150204	71.275446	108.242401	89.116530	0.217582	170.496502	170.411076	153.647228	-5.321617	-34.414147	80.042018	-179.385599	36.712113	-8.078539	50.815424	-250.691033	108.943594	152.716750	62.389100	-55.850170	91.910131	16.890090	34.573068	-9.792519	22.703624	62.469352	28.965288	-24.867597	-10.135758	295.018148	116.341052	74.141240	7.573285	82.732116	-93.764231	-172.360448	-9.575175	-60.722969	-235.176299	-211.902373	-41.240709	35.134462	-189.789559	-32.514189	-88.740937	16.401495	24.769528	-27.580657	92.435356	56.280616	130.291276	-70.535335	106.794700	150.294007	105.449821	-152.721262	-30.177523	275.588861	-130.264011	-250.616245	-1.263102	81.983328	-191.236878	-227.108873	1.427056	47.315068	-98.811906	-65.261261	-15.246751	9.138160	-27.028357	-17.896494	-154.810394	-165.526333	-164.981396	-27.429524	-178.900054	-71.883634	-134.207934	-163.279133	65.890230	105.568199	400.635656	-423.116398	45.020080
14.699075	107.353899	9.863084	-0.688634	-34.070484	111.724240	26.105596	-33.726732	-53.502762	136.997487	61.619333	-107.179659	96.136206	171.100540	92.124690	-66.679877	158.272157	91.682034	57.046656	6.492877	44.577287	8.495751	7.608773	5.367702	3.094694	-0.432992	0.269543	-0.039776	10.533926	33.332304	5.380307	-1.874757	-0.229337	-12.649423	9.955430	-1.876912	25.925819	-70.126970	12.056874	-12.315368	103.689186	-104.730914	59.808357	-19.084865	55.773090	-91.989895	36.935651	-10.350013	-7.128823	-29.388730	-7.722343	-5.444573	-4.276606	-2.981050	-1.641368	-1.296121	-16.313375	-120.011613	-7.742856	-8.690402	8.495458	-176.833524	-13.510931	-2.419299	63.184710	-156.200074	20.709912	-2.002330	47.160744	-102.177917	10.214479	-12.174409	-29.822282	-58.550867	-56.700927	-9.445637	-19.495214	-19.069877	-24.218118	-3.114419	-3.725761	-0.962415	-2.353993	-0.896402	-2.515353	-72.794756	-4.199500	-4.518493	41.443619	-30.553789	26.046924	-0.278646	53.222924	17.512745	22.103551	8.345244	-17.486940	56.367166	-78.784904	25.789261	-8.899644	4.087320	-50.487143	17.548048	0.167818	-2.759600	-8.310333	0.541412	3.504870	5.590100	-1.325577	-0.373193	26.230749	23.424191	29.859155	-0.156186	42.464582	28.440295	34.676083	0.351549	-19.420005	13.739747	-27.738901	-1.684332	14.112617	-12.965182	-43.310334	12.925552	67.128007	-5.154206	-7.664128	22.628596	6.670387	6.475721	0.683416	5.024993	39.714360	25.987358	25.957255	-1.845179	74.221862	43.662658	21.181655	1.174057	28.133982	-10.943968	-39.727322	1.039032	-3.296749	-50.795022	-49.971513	-1.980842	-2.388629	-59.012059	-5.037445	-31.428661	31.663355	-1.497980	1.787186	1.983930	24.965820	29.832554	-0.930314	8.092752	36.002928	30.573157	-1.750350	-5.121657	66.165822	-37.291238	-39.850432	-3.776863	-3.900298	-28.075240	-59.641706	0.630510	2.652785	-4.176778	-8.975086	1.128696	-19.888264	-8.053291	4.656945	-20.816876	-7.171693	-44.276014	-4.942315	-20.982441	20.167031	-35.177707	-17.643487	-8.386294	-2.202729	-39.272704	-58.510336	-1.931390
-136.714138	-432.622888	-31.515924	-31.607627	-185.052503	-856.371148	-77.743544	-141.648661	-67.143898	-793.196947	-85.121461	348.982301	4.105371	-273.117229	-66.679877	893.963494	-101.766562	-106.380831	-47.226000	198.607631	-78.041235	-47.955303	-18.082558	-0.644800	-10.754812	-3.952045	-0.516703	0.782746	-46.017934	-220.851026	-38.287680	0.868820	-1.568751	-250.356717	-75.510045	-0.416161	-68.816365	-217.574086	-86.991190	12.231168	-161.687776	62.308602	-51.664031	76.160278	-72.238671	234.988580	-13.794203	70.981543	19.058942	56.742370	24.992462	28.734328	-0.005115	10.375548	6.043004	5.541224	-16.474557	-266.237351	-78.735772	29.261540	16.402611	140.081106	-65.210135	38.899452	-122.116328	364.176614	-33.230640	5.913697	-238.351990	334.384640	5.609116	18.971439	-4.829350	185.760750	163.370186	19.624024	50.654822	59.475094	78.009329	12.035658	0.447362	5.982440	7.786817	3.269640	10.380082	-39.205401	-14.568716	22.213872	-73.777282	177.564099	-9.622306	9.041532	-203.989393	114.895132	20.572161	-9.499275	-74.908986	-9.215374	210.588604	-31.268645	18.975107	-7.732646	157.202176	-21.741404	1.526027	7.501933	30.299816	-1.392442	-34.182393	-8.458243	-12.342942	3.003204	-37.229083	2.878353	-9.685394	3.534893	-116.526524	-47.317605	30.610495	2.227414	-101.183802	-6.670822	155.104631	-12.648264	-84.264448	-8.335689	94.478515	-63.533161	-127.635379	-26.423430	5.695394	-66.440721	-23.870962	-22.302224	-6.199668	-17.000852	-131.901031	-111.578129	-114.279415	-3.488762	-160.076426	-8.376655	102.803335	-1.706973	-149.385670	34.226619	137.695816	5.904484	-57.476871	186.387476	92.650853	15.649739	-3.810925	212.406623	-32.444128	45.389772	-89.595579	-17.761636	-18.543042	-36.424843	-83.886586	-134.732426	-37.205621	-28.474015	-201.604058	-122.484653	-197.855626	0.006092	-235.775573	153.304732	209.795042	38.239324	-189.322553	17.230940	102.395057	-2.453670	-70.602079	68.498702	-0.543372	-1.800750	81.564859	109.307635	-11.490887	92.212423	-27.210649	179.697470	7.257931	175.607077	-171.623159	253.270648	10.371901	37.262149	-1.780441	463.833045	126.122502	29.141270
55.304086	284.329385	34.804059	-9.443888	-98.923325	183.529919	65.063264	-134.197777	-189.506255	269.698876	111.636833	-398.134222	364.417300	641.017335	158.272157	-101.766562	652.593125	337.402622	125.651942	123.562226	135.875748	10.713852	19.284086	17.572475	3.566499	-1.322462	0.767413	-0.146286	73.864982	159.222834	30.515275	-7.659586	16.007590	-39.497562	22.559730	-11.641903	30.909202	-232.482846	-12.702264	-43.291737	258.924573	-295.898052	90.453235	-41.656538	238.772392	-191.103652	83.726942	-11.330132	7.985502	-44.007560	-17.699690	-11.843928	-2.385504	-1.906570	-4.423236	1.679613	-45.390211	-502.498263	-43.039287	-15.784519	27.438066	-563.201980	-70.214138	-6.085891	136.299836	-436.747794	-4.890914	-4.816159	137.902766	-253.827287	-2.164445	-22.298275	-44.393591	-123.980982	-143.062764	-22.632971	-45.733816	-24.605576	-49.422359	-8.124772	2.247054	5.127957	1.494538	0.900986	-23.506199	-258.927590	-23.809810	-3.381552	82.752487	-87.470922	36.692209	2.308861	139.700841	42.635634	21.380912	16.466041	-2.627486	111.180122	-188.441039	50.496212	-19.060797	2.227144	-117.057827	29.509654	-7.266172	-2.969772	-8.858568	-0.475003	12.884625	21.944872	0.446844	-0.939888	45.982089	48.528850	55.379424	0.171666	88.130799	74.718777	51.956819	-0.560834	-19.460766	13.862868	-85.745069	2.958170	26.674443	-20.521133	-105.605297	7.884845	114.925868	18.389105	-20.591132	27.668331	3.853431	20.677687	3.578530	9.400053	137.322843	67.400828	39.557871	-2.835645	147.739033	33.795100	32.055120	1.526214	67.276822	-49.566816	-92.523611	-0.324847	5.312767	-128.876578	-117.862447	-4.604653	35.858375	-102.468904	-19.256423	-108.447610	41.891683	47.298280	-6.655514	-51.385642	54.219437	83.193615	-22.651306	18.901910	195.516327	74.926895	-89.314189	-15.484849	139.270829	-84.775217	-82.540546	-16.910788	54.784098	-38.872918	-106.038991	0.862907	43.036940	33.070207	-4.256869	3.888007	29.878723	63.008533	10.587184	-42.310269	-47.634015	0.069716	-9.088105	-98.823790	20.195225	-20.956379	-84.245980	-31.165856	54.102124	43.057638	-218.006291	-7.505523
59.714390	119.723929	16.434570	-0.900495	-104.312225	216.020612	14.971392	-153.508857	-303.170733	596.569472	70.253001	-457.608219	-186.968187	1609.232133	91.682034	-106.380831	337.402622	1297.562744	153.934066	154.374211	247.387320	278.065133	98.790177	38.062524	54.654320	47.882561	13.608721	0.468767	22.585083	-28.015096	5.082886	-11.805821	8.079561	-134.015936	-5.050115	-15.516540	-54.817873	-226.950741	-20.203101	-67.370275	-10.827832	-203.431793	95.900892	-75.632238	161.035478	-9.206918	208.078751	21.155612	67.690662	-3.521499	61.709802	5.095873	3.299706	49.913293	22.977089	-3.263740	-94.783278	-562.733187	-45.014693	-20.218914	7.687717	-664.901084	-71.353934	-2.244005	26.085574	-392.993631	10.401896	-0.309019	35.503042	-179.732529	84.496235	-19.665066	-8.564697	-113.347723	-19.464124	-7.898560	-10.111759	-38.423900	-3.061267	5.486618	-8.743707	1.903208	1.431866	-2.613658	-51.904223	-268.613176	-34.237087	3.784160	43.551576	-126.429744	14.209050	2.034625	45.046389	20.604570	54.285477	9.331671	-76.337803	78.904350	-146.580648	36.551508	11.496760	5.962420	-79.491921	22.123056	2.129886	-2.409809	-8.320975	-0.807331	9.847336	17.420301	-7.670923	-1.595293	25.321410	33.735896	32.980154	0.727396	80.237272	72.555060	70.533350	-1.884075	-57.177000	59.569334	-54.619366	14.004171	-36.677686	16.261384	-83.843434	52.838554	95.471039	2.358586	-16.072705	51.442706	10.144810	1.847601	-3.923233	2.168107	23.124663	-38.780767	-64.663809	-11.475205	104.282137	4.372359	55.764898	2.705389	28.004431	-56.648547	-30.090395	-3.886469	-22.673358	-101.096192	-77.232845	-16.850773	43.206931	-117.967353	-21.398194	-43.398379	64.123551	-2.727752	-10.587571	7.392664	19.036277	37.791154	-50.801123	46.093143	6.568435	30.163707	-196.466275	-20.054760	83.081479	34.323076	-0.615316	3.153396	36.840730	-112.530858	-45.916826	-1.222364	9.687742	-78.977503	-29.522284	-5.786011	52.405718	-22.045262	-5.703829	-51.210834	-42.940182	6.987686	-13.900552	-99.532231	-19.877563	55.952955	-122.222447	28.868136	47.768587	455.059794	-212.649291	18.713768
11.226364	52.446823	7.012342	-0.722883	-25.406952	76.490594	15.129269	-29.378471	-51.609840	104.637658	35.944171	-88.048052	31.631007	190.634420	57.046656	-47.226000	125.651942	153.934066	60.022770	14.475416	60.613064	38.359729	16.694517	7.593303	7.647448	2.102813	0.867917	0.026502	7.273969	8.953084	0.052680	-1.624834	-0.479218	-11.049621	7.079853	-2.964931	5.916535	-58.777798	5.545928	-12.084974	64.510828	-78.443040	45.753002	-15.024447	54.389375	-56.075564	53.071572	-4.085083	5.796565	-18.367184	2.920991	-2.318942	-2.459343	-3.324559	-1.653700	-0.883154	-16.474095	-129.312068	-15.538522	-5.732599	3.455665	-153.526410	-14.003493	-2.726756	35.741887	-131.155331	14.824326	-3.243374	34.995681	-82.494834	27.282401	-8.796627	-18.362983	-50.271200	-34.894247	-7.911065	-14.891632	-17.598899	-18.155694	-1.989042	-2.784167	-1.667680	-2.214846	-0.557218	-5.035871	-74.271302	-8.645358	-2.005429	26.523933	-25.754810	15.260972	-0.016252	44.875683	12.491631	23.352872	4.953054	-14.456202	34.729261	-54.831765	18.958208	-15.787218	-1.831632	-42.249293	12.224183	-1.649641	-2.003004	-7.490409	0.075696	3.489502	4.697622	-0.425969	-0.199718	16.245666	15.849434	19.958184	0.050840	39.118751	28.327624	24.868230	-0.064889	-7.700954	16.829380	-30.954142	1.872029	4.361894	-5.477768	-40.819104	15.574965	43.497467	-7.320695	-6.778278	14.792499	1.911102	0.995432	0.003168	0.706539	14.062515	8.225411	0.599871	-2.013546	55.267443	31.202174	15.804438	-0.069184	22.538618	-9.581596	-26.498463	0.124179	-0.137254	-38.909304	-36.446388	-1.817054	14.246826	-46.485169	-7.892641	-19.285332	31.891058	0.112408	1.103389	-2.574113	11.787114	19.004402	-5.620887	3.389673	10.869347	19.031655	-34.053721	-5.018565	44.101615	12.954915	-25.403313	0.541917	4.044989	-24.512085	-38.937775	0.308293	-2.739160	-15.196953	-7.057810	-0.100498	-2.980824	-7.342763	3.465184	-14.659552	-4.465228	-16.212420	-2.699595	-16.552980	2.925979	2.434401	-23.209164	-1.774699	-0.730175	48.564574	-53.047904	2.351967
