141.297892	355.241030	20.866698	18.651138	171.500765	259.943831	35.140120	29.703236	-112.586393	182.037776	20.610208	11.863926	-245.917483	125.001720	4.510658	-10.443040	-72.040674	31.525903	-1.185535	-4.432545	2.327768	-47.798945	-16.844285	-1.741268	-21.632982	-79.849060	-9.202002	-2.381940	87.176236	-13.513900	-6.556327	18.890563	103.140949	-90.959439	5.499166	13.196594	-29.007305	10.854084	-11.497523	2.732106	-84.287406	-40.686827	-29.186844	-11.585380	-28.918134	-197.278306	-34.074802	-0.755404	-17.494501	-172.155856	-27.274086	-2.731479	-31.733658	-108.866683	-10.787205	-4.669668	133.779193	-310.266192	-11.692214	-9.372757	125.137064	-191.395201	-3.026572	-3.603494	-70.978508	-44.051191	-29.869621	-12.995337	-80.229603	28.177082	-23.699303	-3.845854	-6.875757	66.429021	-5.036054	3.695095	0.598664	62.647823	-3.073367	15.126667	0.109885	26.847535	-3.290359	16.482930	156.761282	72.980652	12.756542	18.437293	16.515876	89.955481	11.359278	17.159951	-134.639305	101.311614	18.766092	-8.022774	-62.905464	74.274913	22.205894	-8.927659	-3.460970	43.646905	9.241560	-5.226569	6.156631	61.786818	0.611193	12.180045	93.543348	78.291173	0.989291	66.308065	46.371536	101.134108	5.481867	16.125733	-44.131959	77.869835	2.472332	2.531459	-59.015026	-17.888767	1.679115	-14.560156	-15.154980	-128.307766	-28.126723	-7.646214	-1.843537	-167.436021	-20.050015	-9.876388	-1.951852	-150.937542	-0.664089	-29.323791	127.536424	-91.005100	27.180810	-40.564370	-4.982965	16.321171	-0.426790	-1.456393	-17.142785	-25.280295	-2.266451	-5.570374	-10.339033	-37.867100	-13.274554	-2.698127	-3.179097	-19.089534	-8.616138	-0.194942	-1.695119	-3.747114	11.567700	-0.533579	0.840185	15.332820	24.496772	-5.582624	-44.533084	-7.765392	21.338765	-26.780335	-13.712912	-23.868376	-2.534083	-6.712171	-10.219451	-44.874011	1.704105	-16.919982	19.039228	-58.912397	0.844076	-0.338403	24.911028	3.728096	0.259351	30.823111	2.837637	-7.143476	27.350700	3.637714	-10.916649	-51.154928	12.272692	-0.223910	-40.694481	-55.494275	-25.515303	-0.574852
355.241030	2738.600862	116.216263	73.888918	368.062807	1671.922495	248.773462	68.705899	-236.317084	1183.180443	252.258970	60.719027	-1113.276382	1155.299994	61.004897	17.558023	-348.343402	717.675693	-0.770234	-3.169533	102.819166	35.244361	-80.086936	12.447034	-64.023772	-324.480246	-37.771837	2.657281	285.128576	693.440399	-79.611009	58.653530	561.908224	-70.410895	5.067611	78.349027	106.122666	-179.574767	-11.106130	-9.963946	-456.987352	-488.870836	-183.213955	-83.912356	-172.191396	-1185.925101	-274.566782	-22.607126	-98.067689	-1075.965336	-188.262564	-20.749941	-201.569680	-722.149837	-66.058869	-30.372440	277.822138	-2587.754255	-184.235266	-73.757478	899.439433	-1350.902521	-25.316597	-53.721113	-51.636081	-494.246646	-133.006422	-80.043343	-422.362307	-117.499933	-188.269469	-22.818559	-40.529990	73.612329	-65.479840	25.441823	-11.627802	171.536822	-32.313468	75.617077	-20.001215	58.615815	-24.687004	75.667566	654.610051	138.138832	46.991070	60.742198	183.047937	461.739043	80.555845	73.865212	-800.486585	675.440755	65.837996	-17.209074	-408.841751	573.253451	144.154409	-46.590062	-22.726917	422.860936	12.651063	-7.887368	37.355771	418.495728	6.976494	121.075164	463.475410	429.400083	39.163004	386.281965	320.192866	371.733760	8.105982	59.526001	-255.970037	435.482646	34.728720	28.885085	-396.780223	-76.788302	40.499619	-92.110484	-109.096943	-766.692786	-195.239069	-46.681500	-12.559393	-1022.593216	-129.900979	-53.050848	40.698073	-909.537153	9.721367	-146.805858	566.130071	-460.114253	239.954296	-159.551242	-0.962234	120.866634	-2.718129	-0.955607	-97.096265	-123.291623	13.268840	-28.129753	-64.914989	-273.863831	-64.322401	-13.357587	-21.080463	-151.940325	-65.202767	-1.693103	4.299333	-25.428332	86.935765	-1.683678	62.543697	113.043508	222.701330	-29.397033	-411.448006	-21.477837	139.088524	-160.671431	-15.625699	-86.592497	-7.018971	-19.730273	-15.239943	-94.250938	-31.522152	-65.025201	1.181430	-147.203769	-9.924261	-48.156826	102.590966	-57.562233	186.009303	12.764385	63.497250	-199.497425	343.808776	-17.916487	-47.654999	-381.427025	-5.105273	-3.414426	-235.231904	-347.039882	-292.936271	-3.301321
20.866698	116.216263	15.278050	1.356519	33.043521	87.349560	19.591948	4.285927	-25.226370	69.930467	19.568746	8.061677	-86.128247	86.794930	11.654020	1.836993	-26.921982	57.586552	3.597100	0.743775	5.898850	-2.958412	-5.091887	0.321448	-5.639076	-29.849009	-3.588328	-0.415850	17.523590	43.194884	8.048643	1.533439	33.133028	-16.955389	5.470419	4.033056	7.491870	-13.000658	1.951682	-1.086516	-30.018409	-28.141901	-8.843295	-5.995963	-12.311579	-81.649132	-17.604849	-1.775116	-5.186972	-79.959966	-12.565028	-1.475628	-13.939522	-54.073139	-5.516805	-1.830199	16.611622	-142.379126	-10.018650	-3.405919	61.152410	-82.286369	-1.051368	-3.049740	10.997672	-31.207368	-8.678616	-5.316029	-28.624982	-5.171754	-14.326673	-1.487829	-4.437356	11.911830	-4.218462	1.708541	-1.085114	20.529156	-2.048526	4.934321	-0.463466	14.103064	-1.635041	6.312737	40.094052	2.075784	3.379367	1.689487	16.245103	19.785441	5.867787	4.816422	-38.811731	37.410881	6.544263	-1.372370	-24.174915	30.013444	10.147619	-2.996189	-2.459659	21.400950	4.175419	-0.508172	2.188570	27.036878	2.561035	7.453096	42.940768	32.745898	2.762740	22.488649	20.830289	23.061020	1.955887	2.130423	-16.051174	17.098139	2.496981	1.622720	-18.999488	-15.096323	3.527769	-3.741880	-5.172595	-57.888576	-8.964216	-2.451180	-1.017511	-74.839273	-5.305167	-3.123215	0.995943	-67.784423	2.925576	-9.860248	45.798688	-41.406850	16.571300	-18.967835	0.073650	11.656647	0.538100	-0.226220	-5.243959	-8.241974	0.721639	-1.722193	-3.146595	-14.549522	-3.195865	-0.034420	-1.009482	-9.381387	-2.858049	0.106172	1.027136	-4.237992	4.492224	-0.033498	7.370632	0.568555	14.252676	-1.710022	-33.046836	-6.060624	11.575663	-10.352706	-7.201376	-16.514140	-2.386042	-2.792117	-1.295259	-26.503854	-1.968100	-7.844578	-0.141750	-19.818082	4.542896	-3.424322	-1.186794	-21.127615	15.136559	3.005409	5.893846	-28.382814	17.384905	-0.589959	7.766219	-29.189720	2.785107	0.108142	-12.192364	-30.196280	-17.006666	-0.269691
18.651138	73.888918	1.356519	7.022931	20.057614	49.242396	4.549847	5.208578	-17.376762	30.082839	2.757502	0.220300	-32.402397	10.219363	-2.800483	-1.308495	-7.001435	3.966883	-2.903752	0.108037	2.298688	1.174278	-1.873905	0.541931	-0.399490	-7.859263	-0.527566	0.509803	8.845602	-10.594970	-3.830153	6.115170	16.589516	-4.900883	-1.016417	3.290383	-4.728124	0.388495	-4.590029	1.123652	-9.910317	-14.687192	-5.408069	-1.949785	-2.341892	-28.449986	-7.554317	0.122769	-3.054016	-17.803410	-4.521404	-0.370203	-5.439008	-11.316083	-0.755356	-0.788196	18.903269	-60.974934	-1.844323	-2.528175	16.083138	-32.861726	-1.543749	-1.542250	-12.465079	-8.311140	-5.197872	-1.999822	-5.751295	1.899960	-3.217550	-0.103631	1.487027	3.955528	-0.673734	0.351748	0.995346	8.367268	-0.519079	1.244123	-0.228945	6.134381	-0.473882	1.736027	23.238845	15.831845	1.189220	3.487980	-2.127921	17.196411	0.719594	1.560473	-22.730660	10.638191	0.821623	0.432949	-7.425624	10.684646	2.725963	0.318743	0.770067	7.869687	0.121234	-0.655679	1.941105	9.344855	-0.502527	0.126854	13.733250	11.628787	-0.431148	9.606601	3.070763	11.546935	-1.328173	2.366677	-7.921262	11.391960	-1.693121	0.878972	-10.635385	-6.675255	-1.808311	-2.597796	-2.502979	-20.881191	-5.917664	-0.745388	-0.189274	-23.587699	-3.866379	-1.291630	0.328870	-19.649032	-0.572617	-4.434236	19.830700	-13.960411	4.277859	-5.724862	-1.997896	-3.494594	-0.782938	-0.350679	-3.147910	-5.238412	-0.844317	-0.564044	-2.164761	-8.118352	-2.147117	-0.566626	-0.624019	-4.309538	-1.630365	-0.149935	-0.563030	-0.665035	1.943673	-0.082878	0.442328	2.994954	3.976544	-0.984885	-6.041220	-1.815477	2.280466	-4.059334	4.372955	10.970813	0.994512	0.901222	0.162133	20.244073	-0.522848	1.464003	-0.112857	12.228041	-1.209559	0.468728	2.167762	11.842797	-1.407710	3.016117	-0.369438	2.733433	5.603060	0.274946	-0.928481	-6.887874	0.423817	-0.049510	-5.290766	-8.542891	-8.010603	-0.054471
171.500765	368.062807	33.043521	20.057614	1445.059329	400.741831	120.034667	94.853308	771.206011	474.852048	-37.505460	174.395866	-1378.532763	167.985873	-140.305643	-54.336283	-636.889652	43.962305	-7.711438	-50.043443	-30.678548	-160.326970	-16.808939	-4.709034	-64.180604	-372.008213	-44.689251	-12.197020	143.740862	346.619305	53.610114	27.774872	603.039947	-508.058094	76.234589	51.979130	159.889596	-192.917873	-94.856374	33.218691	-445.507705	454.195568	-108.028638	-39.583410	-132.953657	-375.637967	-50.930982	-25.108108	-20.538823	-634.167207	-67.611781	7.324969	-96.715900	-642.601024	-59.073576	-16.810004	209.810172	-445.763697	-28.492040	1.198899	688.479701	-629.256800	-40.803214	44.474670	38.545634	-321.346933	-171.601599	-25.123783	-386.803090	115.451436	-134.066188	-14.853814	-50.642661	183.086806	-24.263120	11.591399	-1.322130	109.175412	-12.238813	59.217495	-4.222690	-53.115185	-13.876931	56.659414	240.367137	54.075482	4.610524	11.435919	415.767131	41.798850	-44.245942	58.841296	-121.462372	66.063077	-30.394813	20.465444	-226.206860	74.162374	118.121173	-30.796882	-19.606618	126.074038	79.170915	-13.511744	9.812616	195.947767	4.303963	128.295555	205.380253	188.199956	-0.671076	297.105512	50.366450	23.106683	-20.776072	9.607841	45.887841	7.386592	-56.195423	30.180831	-54.214842	-179.522814	29.546615	3.733892	-2.677228	-513.930903	27.544900	-24.405047	1.116686	-627.912984	5.802683	-41.589342	10.382849	-552.139491	6.436694	-58.345981	418.945096	-349.615570	66.598313	-35.139060	-39.029934	-97.614440	-12.319811	-14.502001	5.948011	-95.300245	-29.573286	-11.922003	16.224703	-96.926003	-34.034413	-5.649620	16.256797	-106.893838	-16.400036	0.156116	3.325726	-139.071778	-6.360865	-1.735791	45.920336	-169.914420	42.401378	-25.499027	-8.023371	-165.802269	154.328821	-97.523610	-34.814012	-208.847626	-26.271135	-27.439356	45.086984	-258.814067	-37.643744	-64.438854	68.379545	-285.235915	-57.634962	-30.252404	82.706964	-257.788541	-84.088443	38.621164	62.847766	-117.880113	-16.279686	8.773108	58.522769	-174.431324	194.833254	1.307085	-9.322517	-186.592038	24.697489	-1.978086
259.943831	1671.922495	87.349560	49.242396	400.741831	1294.631460	165.006651	81.878100	-195.405110	879.176273	159.770016	63.750687	-995.311555	750.924879	58.939661	-4.373953	-258.772840	577.585665	36.225041	-0.580259	104.675362	90.001606	-52.360215	18.917349	-47.076000	-227.091726	-24.091850	1.056914	192.489217	327.996009	-30.624389	32.314573	407.857129	-69.744319	22.009996	64.251851	57.086323	-104.964123	-32.078367	19.813971	-356.912880	-270.657800	-104.926795	-63.680633	-120.133105	-861.537771	-170.092259	-17.461004	-63.487656	-813.877472	-137.790447	-5.151565	-162.053973	-571.924830	-50.307024	-22.922685	187.944062	-1787.043871	-123.819213	-50.510230	595.509250	-1013.945976	-20.397508	-30.492703	-40.081746	-382.598097	-102.264179	-61.809416	-285.554362	-78.249197	-132.483353	-16.920048	-16.304183	22.827665	-47.478384	14.906218	-7.563931	125.861493	-28.667614	50.630294	-10.190529	71.891628	-19.717389	57.561533	476.210153	142.975232	52.409254	34.490188	152.847796	309.445567	57.351691	50.741637	-556.617742	429.020161	32.126667	-9.869368	-278.134698	363.074078	117.565596	-25.916880	-12.717867	284.810586	27.703329	-3.119949	23.954288	322.577979	3.831170	77.687843	398.265190	367.673005	24.118816	252.864474	240.142698	367.436741	18.234819	36.602420	-176.270613	304.864158	19.062174	23.297013	-273.116048	-65.881442	28.812129	-57.653253	-66.184090	-580.919805	-117.831992	-30.190377	-7.569837	-755.589480	-74.602204	-35.448328	27.478742	-645.031606	20.251709	-117.797366	468.453737	-341.445123	165.984310	-153.286469	-12.553785	105.321903	-2.323663	-8.404168	-64.644976	-94.135512	0.185573	-24.198299	-40.005436	-188.763087	-48.207497	-7.944401	-10.219277	-88.247816	-30.270954	-0.273800	4.313640	7.267295	81.508507	-1.289555	59.143523	74.016245	147.001389	-25.503689	-319.845309	-41.181880	96.879589	-130.900296	-29.690036	-53.914576	4.657390	-22.474948	-5.822442	-48.111182	-4.646507	-55.547561	16.869368	-82.251945	19.213292	-43.971237	63.863963	-159.253428	122.722562	8.770823	54.656104	-266.893729	188.464432	-7.570543	12.186741	-333.655907	-6.312998	-2.126717	-180.067972	-311.010779	-236.406365	-2.908486
35.140120	248.773462	19.591948	4.549847	120.034667	165.006651	63.308662	7.681445	20.415222	165.274301	57.897407	24.075848	-248.550166	177.039744	21.836759	0.159159	-83.984254	70.899493	13.368917	0.214149	-2.281902	-46.606324	-11.701840	0.227863	-23.242337	-82.789697	-7.939355	-2.942493	51.297408	123.540293	16.429980	3.654280	102.994226	-68.099273	34.293879	9.811174	10.212638	-74.703066	10.386386	-6.046304	-94.971798	-54.476161	-26.162247	-14.693774	-35.298037	-227.067546	-37.294580	-7.597439	-15.889405	-232.494746	-29.737239	-3.832344	-36.189989	-162.116439	-15.034454	-4.342987	69.517707	-288.920052	-12.216220	-6.707710	169.995901	-205.449844	1.882183	-0.502352	-3.996139	-100.256998	-27.347003	-11.754049	-91.572484	-17.576511	-36.509998	-4.453770	-11.958972	21.395451	-6.620784	2.899360	-2.327212	43.853110	-4.118841	14.753531	-1.346304	27.462518	-4.781718	21.009251	119.295788	20.959654	9.490880	7.768072	56.078978	58.578975	6.618185	14.796514	-110.509577	92.883018	9.343213	-0.660971	-71.894343	65.276040	40.762644	-9.676787	-4.499214	57.521024	26.315125	-2.167128	6.711289	79.523326	4.342829	22.850116	110.419070	86.007337	2.540181	81.151890	63.219159	81.110046	5.074482	8.059828	-30.642615	57.281225	5.499597	5.175055	-45.533250	-24.134656	11.938810	-9.078082	-11.931848	-153.631573	-4.861550	-8.459597	-1.057429	-208.241036	-6.325030	-10.200922	11.537220	-187.739256	9.783291	-24.561371	127.849228	-119.185318	50.488316	-42.075985	4.462232	25.959594	0.952263	-0.018400	-7.514905	-12.719669	4.398599	-3.998281	-5.442195	-40.350177	-4.326854	-3.077820	0.022597	-30.444372	-5.324069	-0.683985	2.138294	-17.465641	18.065811	-0.537019	20.008942	-7.874302	54.918994	-6.577667	-95.906781	-30.454992	44.483398	-32.115609	-9.953828	-49.476449	-5.487801	-5.291694	-0.821648	-58.584955	-8.024930	-14.927755	-7.922909	-48.003710	3.407494	-12.861951	3.969193	-63.225053	33.722241	-4.819332	25.693029	-89.546223	60.759109	-4.091312	8.939714	-102.206274	15.969295	-0.136250	-53.639331	-102.720061	-46.938730	-0.539263
29.703236	68.705899	4.285927	5.208578	94.853308	81.878100	7.681445	22.868519	-8.532276	41.328607	-0.792151	19.688278	-109.881280	11.997903	-5.287364	-6.533832	-29.763339	-8.262352	-3.663834	-1.294823	-0.920387	-22.731478	-4.442958	1.259480	-8.277690	-30.374815	-3.045840	-0.705139	17.034569	-24.579053	-1.447381	1.416295	48.778397	-41.868402	-0.057485	6.660168	3.953163	-1.054115	-10.189854	6.686974	-31.941240	12.480822	-11.281850	-2.886101	-7.672535	-48.020481	-7.922777	2.218016	-5.524833	-44.256035	-8.225041	4.426480	-12.091708	-35.216395	-3.255981	-1.903295	26.785515	-67.017826	-6.238205	-3.294906	41.871015	-58.816913	-6.270340	2.777910	-16.874868	-21.820912	-15.441824	-2.921023	-21.804212	11.174796	-6.353696	-0.899515	0.864910	16.893542	-0.311502	1.258524	0.685926	18.193555	-1.069638	3.274250	-0.486625	8.492723	-0.941253	3.343030	24.507236	14.745360	-0.047152	2.222347	19.328920	10.027070	-3.797986	5.282198	-21.518874	5.836777	-1.233355	1.487408	-10.947246	5.183400	9.220501	-0.335670	0.628944	9.891411	5.371146	1.106162	2.085178	16.865985	-0.663346	4.196029	20.588279	18.441580	-0.231604	14.740550	1.185157	13.137630	-1.664610	1.011196	-6.575322	8.289421	-5.295288	2.788714	-12.476146	-12.370221	1.407757	-1.080796	-2.612252	-36.513727	-1.950679	-0.746799	0.300756	-42.746151	-2.709694	-1.608834	-1.541759	-34.358235	-2.137797	-7.439231	34.841687	-19.243703	2.762375	-8.646568	-5.312490	-4.434083	-0.959359	-1.536309	-6.262241	-10.160735	-3.292573	-1.372450	-2.715245	-4.613819	-3.632382	0.077169	-0.214561	-4.748519	-2.654325	0.099091	-0.078811	-8.693658	-3.868861	-0.245264	0.570930	-11.613301	-3.301091	-2.141823	4.455457	-5.783439	6.837735	-7.812591	-2.049213	-1.324225	1.538019	-2.976463	-3.363383	-15.935692	-0.914568	-5.876814	4.146554	-33.450855	-5.314903	-1.244096	3.999109	-38.017632	-16.689375	9.924319	4.388503	-13.950974	-14.303890	6.765866	6.621818	-8.117275	16.637953	0.540610	1.547723	-10.845883	1.711784	-0.173419
-112.586393	-236.317084	-25.226370	-17.376762	771.206011	-195.405110	20.415222	-8.532276	2923.098388	152.177726	26.742521	176.552718	-307.289653	-334.600336	-338.292457	25.083052	-1555.136299	-492.971961	-232.759739	-112.712748	-304.386123	-482.994678	-96.989527	-25.476676	-16.496626	-558.817409	-52.282766	-32.193461	28.693977	878.670405	58.713254	-4.929392	365.019150	69.697656	59.760367	42.797154	768.413694	-448.510296	-12.859837	94.820765	-216.053667	975.083150	-164.197364	37.776609	-275.757192	481.386324	-95.967408	-61.253275	95.901992	-392.440074	-88.204718	1.677690	-75.719933	-981.672083	-79.023283	-19.500696	-59.827623	213.582666	-32.217400	20.305274	498.668001	-358.255045	-84.940362	80.678733	593.111677	-460.494895	-146.537740	26.121019	-369.205546	69.914334	-273.418380	-21.498189	-125.791848	53.910679	-106.920824	-3.858300	19.616946	-166.106527	-11.892513	9.002919	-19.695563	-398.119450	-21.278250	11.226614	-159.199084	-302.941110	-71.971654	-21.283204	627.753399	-286.083046	-129.861208	15.585794	606.895172	-307.231455	-183.022573	42.028541	-235.287098	-220.034593	44.249175	-32.131656	-37.555954	113.347859	126.481574	-43.964271	-18.041429	293.078206	7.321034	76.179053	-18.211581	79.848495	4.489710	221.510739	-93.009367	-296.545787	-61.519008	-21.912382	314.165879	-280.428450	-95.044544	35.554799	242.038797	-39.351765	51.439558	77.036861	0.885132	-90.320424	241.485173	-21.261375	4.335532	-294.247020	94.959396	-58.345919	-50.651850	-304.360029	-59.467198	0.294405	300.978099	-257.158000	-75.995948	229.669420	-39.972836	-234.734670	-19.733449	-27.929830	65.578574	-77.690933	-33.638862	-8.778884	54.990218	-48.379530	-2.260017	-11.577098	22.405534	-219.492185	-60.030896	-0.070661	-4.663880	-391.261931	-160.046930	-1.528532	-43.064432	-438.244186	-86.320590	-25.670969	376.011733	-261.846975	221.225331	6.286727	-121.897106	-578.998477	-88.841135	-51.459120	-52.802383	-778.243845	-158.239697	-89.157693	9.058827	-920.347390	-241.796569	-84.725761	132.412336	-729.079364	-229.889804	-28.581779	128.046374	-99.545176	-90.548621	16.493075	93.878917	145.622661	404.541555	5.669183	122.356217	95.355444	426.846044	2.445410
182.037776	1183.180443	69.930467	30.082839	474.852048	879.176273	165.274301	41.328607	152.177726	955.327664	148.744021	51.873243	-941.967751	854.466296	36.806586	-3.015188	-395.331888	519.645541	46.739436	4.186633	81.061234	111.904231	-26.577299	17.483577	-28.598318	-203.365142	-17.456747	-5.054309	184.374690	441.727987	2.718549	31.382376	385.650549	-131.761141	62.911513	46.760803	89.796800	-196.640320	-14.214314	-3.087811	-353.998439	-175.777639	-93.742404	-52.476394	-136.700864	-751.370987	-132.837245	-28.986068	-47.432667	-840.677381	-121.791207	-7.010701	-156.539523	-702.813004	-59.197915	-24.487713	229.574110	-1403.045592	-88.998328	-35.624713	613.145300	-890.192171	-18.395224	-12.462164	-21.082351	-419.686848	-110.032709	-50.851253	-300.436565	-115.950582	-135.489426	-18.051292	-36.778354	6.853245	-38.589656	9.861176	-7.552236	86.302955	-26.226960	51.183632	-9.033932	-4.036048	-23.083424	66.402815	446.991335	110.353532	53.010895	28.539807	216.103227	260.766590	35.918988	52.630872	-467.515997	406.587920	21.569002	-6.160187	-279.487953	302.320877	133.573024	-35.196938	-19.713130	250.433910	74.269032	-18.013097	25.365326	362.160286	11.006638	72.290916	415.970824	410.965222	20.562811	260.677900	219.357848	363.227815	30.029654	38.627460	-119.070387	313.035814	28.652729	23.924916	-206.354739	-27.467146	27.186219	-42.548394	-48.080406	-551.727997	-57.227063	-32.465023	-7.611125	-759.823909	-28.150296	-46.721001	51.871517	-656.448591	36.190854	-129.919989	557.693332	-382.687672	161.126769	-195.447655	-15.217640	91.112060	0.932515	-12.464821	-33.978730	-76.475237	1.004655	-24.876524	-20.153901	-185.049443	-45.026743	-8.878852	-1.745358	-111.330126	-21.375360	-0.518791	4.323805	-33.970036	85.669521	-2.727423	90.080905	9.598029	167.607150	-32.995374	-285.299933	-95.429318	88.090264	-147.702462	-36.050783	-124.536311	-10.898658	-21.559275	11.526832	-56.193147	-15.651361	-52.113959	8.779647	-99.496932	4.044960	-58.852284	54.165418	-194.215139	140.833458	-18.510427	54.125959	-299.286474	245.867385	-15.724285	12.343599	-340.636462	-3.200481	-2.542152	-158.515196	-287.115492	-258.486376	-1.131314
20.610208	252.258970	19.568746	2.757502	-37.505460	159.770016	57.897407	-0.792151	26.742521	148.744021	159.811023	-0.965275	-115.965137	188.734633	84.922465	1.027513	-133.546705	50.717998	-8.385306	3.179487	-39.057426	-77.398450	-24.676341	-0.056105	-26.980996	-88.895331	-6.168635	-3.091294	59.352094	137.069533	14.125359	-0.262510	76.327554	-10.563020	41.003871	7.695889	42.887097	-105.313178	59.856146	-4.252047	-105.505690	-74.509774	-8.830744	-13.729036	-59.319318	-211.087886	-47.997249	-10.216060	-14.099085	-260.417088	-35.558183	-3.792157	-47.970571	-214.943418	-15.487993	-5.258626	77.348231	-296.900483	-20.499484	-12.891655	179.062655	-231.857926	19.127302	1.363361	5.441799	-141.367386	8.496404	-17.107928	-141.702612	-40.729501	-46.123104	-8.384803	-27.192838	-16.664016	-12.974679	-0.176976	-3.865941	9.290193	-3.086492	9.556279	-3.666096	-4.210327	-7.661894	19.625396	140.516205	29.340744	17.475681	7.360335	119.759499	80.342276	42.283454	12.642605	-129.808082	127.660102	21.900128	-10.238388	-121.025698	82.292628	44.069516	-20.427629	-10.869195	79.600201	41.930890	-8.322161	7.443126	114.994759	13.452484	13.403881	141.486597	124.307800	7.027803	68.768598	114.710655	147.813056	27.916653	12.814850	2.560906	122.665315	42.339412	8.898082	-55.839173	60.967076	50.912108	-14.437647	-23.380860	-115.385649	16.667081	-16.214675	-1.997418	-214.773117	4.596669	-13.926557	8.001386	-199.693348	15.660033	-28.363112	152.590257	-130.450086	60.922710	-40.080895	15.890883	69.173003	7.486655	2.644479	-5.318974	23.240690	20.275998	-2.785720	-9.946829	-38.069725	3.729404	-5.389895	-1.718795	-41.950358	-7.604104	-1.416053	2.061783	-31.948464	18.739646	-0.942901	13.065777	-18.931578	64.730468	-7.096973	-97.967401	-38.245648	47.012469	-25.844808	-23.454741	-105.315311	-6.742541	-11.480307	-29.850473	-136.885271	-14.881400	-29.240469	-25.503489	-166.200022	0.372093	-31.545880	7.457989	-167.975062	67.832752	-13.566750	33.246333	-125.680907	92.945157	-4.486284	-1.821083	-103.342097	26.186547	0.644718	-62.055491	-107.067097	-46.506663	0.071963
11.863926	60.719027	8.061677	0.220300	174.395866	63.750687	24.075848	19.688278	176.552718	51.873243	-0.965275	86.264246	-228.384030	17.419855	-28.243878	33.149499	-152.936665	-5.651010	-7.099299	-9.693624	-16.375780	-61.808963	-8.281748	1.400851	-12.603904	-84.103480	-9.204816	-2.397537	17.214626	94.954330	8.623599	0.462148	77.029029	-58.185790	16.465838	7.461677	52.383438	-66.154772	-5.058659	11.554591	-59.426352	50.394705	-22.820827	-1.551946	-26.825022	-75.490098	-18.962966	-3.704589	-4.231573	-135.336745	-18.741965	6.864039	-20.139322	-132.148074	-12.018015	-2.494879	8.255600	-95.237557	-13.107818	-2.740650	98.305553	-114.419330	-12.755818	6.493059	46.509819	-85.978759	-31.749485	-2.404952	-35.612350	-1.553554	-28.523390	-1.810253	-5.142566	25.801282	-6.428801	1.607971	1.097115	24.969377	-1.850316	7.649626	-3.800049	-10.050580	-3.544096	9.922808	5.599717	-34.678484	-7.348293	-1.728893	58.501758	-32.244698	-17.442341	6.319008	18.569050	-35.759742	-11.971672	3.645017	-16.185488	-23.790874	29.201920	-2.044077	-0.696252	29.197868	26.859391	-0.050582	-1.080799	54.687410	4.292576	21.748656	38.397707	34.945066	-1.511713	58.684137	-3.307893	-32.630906	-10.507253	-2.727814	14.761140	-25.997353	-9.574651	3.874879	7.270801	-57.075098	13.567376	3.836586	3.161528	-101.070777	27.093879	-2.002005	2.657279	-122.540047	8.706045	-7.070205	-1.263459	-110.850533	0.226587	-10.911436	86.576227	-81.947747	10.017715	2.861284	-6.938414	-27.220763	-2.545153	-4.055398	4.136514	-10.693738	-5.221122	1.726271	4.889909	-3.676198	3.806585	1.437668	3.290870	-21.510780	-3.882924	0.449961	3.343799	-41.717150	-11.720410	-0.484249	6.048457	-53.628434	11.522771	-6.436258	2.211643	-45.326708	46.643289	-17.749262	-14.801228	-41.071860	-6.624613	-6.509184	-10.335747	-89.127726	-15.732926	-10.795520	-8.402604	-122.502428	-22.027084	-5.648247	8.394698	-107.657404	-27.972214	2.903593	19.337507	-61.502193	-1.025917	5.793265	19.558567	-47.377558	61.982851	1.005410	-14.901055	-46.589691	44.252959	-0.492511
-245.917483	-1113.276382	-86.128247	-32.402397	-1378.532763	-995.311555	-248.550166	-109.881280	-307.289653	-941.967751	-115.965137	-228.384030	2782.941736	-650.591624	27.584054	50.240661	508.605102	-540.787143	-199.388453	15.372376	-329.462607	-83.445964	-32.720518	-36.187517	15.829648	131.438098	-6.103168	-4.907142	-226.679699	-448.478561	-73.551027	-33.535062	-732.049162	571.770908	-163.353334	-78.204521	-99.891593	316.731816	93.764662	-33.303950	805.226702	-123.636983	125.417801	114.787052	156.390060	1298.243588	92.821898	41.894490	54.816002	1255.567558	162.591113	-10.040789	206.782389	768.552912	64.585798	26.348511	-321.386287	1386.425636	39.040557	44.422064	-914.160360	1104.034597	-11.608861	-23.443360	98.464122	489.273429	187.943683	57.665881	507.538126	-28.533843	188.049939	22.079944	30.033654	-105.523740	15.260638	-12.209410	5.789873	-219.621560	32.534214	-83.677330	-3.938378	-124.992448	16.298320	-99.764419	-550.709425	-219.864605	-66.827398	-26.917029	-417.046928	-278.823009	-3.306849	-91.821757	480.170524	-310.429326	12.554889	-0.994093	342.532547	-143.956126	-200.081503	46.885684	22.731261	-82.193414	-155.044954	5.898228	-23.510506	-278.744616	-24.889617	-131.880047	-521.313436	-393.515674	-11.249830	-377.155826	-237.069311	-259.834368	8.741100	-35.156198	51.756490	-188.773732	48.835941	-61.058695	133.515385	187.741195	-7.774684	25.343205	5.214924	793.010899	18.577194	37.480639	2.906485	1029.222220	-20.967980	48.951747	-43.161173	930.401837	-66.063376	116.985277	-671.025680	630.425311	-170.001213	220.642921	22.156336	-84.153646	3.387021	-21.329839	2.246574	37.613948	1.977894	-3.066862	-31.630105	84.806233	27.330375	-5.369906	-20.186215	22.433318	-6.796735	0.170848	-13.788040	10.257333	-81.011411	0.077138	-116.635821	58.234936	-153.372737	24.501382	299.508328	171.305603	-164.463144	135.253341	22.901613	166.409155	-7.115822	0.922300	-54.630452	208.452285	16.391944	24.605611	0.770068	221.854206	21.415572	43.033550	-40.090547	447.095262	-42.464969	-5.667731	-124.453264	539.630961	-111.452238	2.411902	-139.482309	448.023072	-59.779868	-1.110019	98.779940	381.493376	137.818015	4.593194
125.001720	1155.299994	86.794930	10.219363	167.985873	750.924879	177.039744	11.997903	-334.600336	854.466296	188.734633	17.419855	-650.591624	1388.277622	178.764593	12.014418	-108.922394	959.864905	114.242493	31.525690	85.642152	246.479086	-6.466671	14.180585	11.886241	-60.737180	-3.538637	2.683292	107.862072	354.189813	20.080574	10.675064	279.951539	-148.560338	54.246299	32.824487	57.852953	-231.845155	43.046878	-50.135961	-266.203102	-394.814406	-65.833717	-64.597481	-117.232575	-791.172519	-131.132682	-21.310194	-74.245048	-798.272077	-95.589033	-21.833337	-121.485968	-532.594990	-47.839122	-21.481601	95.011108	-1340.638160	-87.347929	-37.083461	594.867721	-743.804525	8.338254	-24.370100	53.889683	-369.898653	-83.040588	-54.479182	-243.608225	-220.406235	-120.841670	-20.349189	-45.520647	-25.623159	-27.147332	11.715528	-23.962175	111.932752	-20.842277	53.635397	-11.101754	44.388961	-21.560837	69.838688	376.863628	2.528130	45.890304	9.177242	209.585839	237.403456	58.245547	46.774082	-479.664247	443.486675	68.738373	-19.625103	-284.480150	329.484338	166.715889	-41.991387	-23.530713	268.283063	82.003048	-12.310002	31.270242	335.702078	11.304511	82.457523	422.153658	368.424407	22.932039	244.838479	284.859633	379.823499	57.832250	28.967692	-102.061256	355.103031	85.338670	14.574410	-211.343634	-8.436989	94.325060	-54.524846	-63.773445	-569.411348	-46.874160	-35.939220	-8.772504	-798.817006	-36.533739	-39.974021	64.894937	-692.870848	30.638155	-120.835650	555.612273	-414.552082	146.591492	-239.002983	46.263149	218.511498	19.543149	-10.066471	-13.356989	-16.438497	35.186918	-30.630390	-16.359446	-176.515473	-19.151443	-11.945514	-5.805242	-119.000223	-23.709323	0.126585	13.908543	-33.022408	69.543156	-2.289904	104.368759	9.949730	166.030895	-27.465732	-281.479025	-84.986084	70.541648	-154.845088	-23.425969	-162.545078	-18.826101	-26.803599	37.447761	-88.549255	-13.630767	-56.513607	-0.702053	-48.528293	9.408981	-39.723843	22.682382	-193.331884	131.640331	-7.254512	62.457254	-362.112875	256.162716	-15.881985	43.631019	-328.901305	-29.366552	-1.732898	-132.298677	-259.505529	-279.432537	-1.530260
4.510658	61.004897	11.654020	-2.800483	-140.305643	58.939661	21.836759	-5.287364	-338.292457	36.806586	84.922465	-28.243878	27.584054	178.764593	214.124460	-30.595317	159.214062	158.901933	104.855163	12.128688	11.179993	4.112746	3.452798	7.049508	-20.638472	-7.311341	1.605326	-3.439471	-10.436996	-107.731029	9.358525	-14.531201	-20.778568	-43.353310	32.409870	-5.397890	-18.368914	-5.839267	75.129332	-16.648365	-10.524632	-167.837608	65.741073	-12.310709	-18.974085	-203.195249	12.384374	-4.006444	-29.249625	-169.816575	-5.446496	-4.958103	-36.176493	-71.532481	-2.540042	-5.909684	4.394709	-70.057455	6.140479	-9.700154	44.593384	-31.315046	52.650436	-6.716434	-26.683627	-39.684891	59.432609	-13.739750	-71.204591	-37.066858	16.389855	-4.617085	-17.220021	-2.487747	10.157196	-2.782633	-5.233100	50.196183	3.900099	7.621594	4.958560	52.169129	-3.791200	24.834663	58.277640	51.241450	26.311008	-0.392901	47.985048	83.406500	72.873745	6.139977	-120.460286	135.568114	68.856498	-12.524992	-74.984072	79.296395	47.811080	-16.461491	-11.019903	28.143355	27.729075	-8.301662	4.077691	36.440644	10.061531	-11.514119	149.482755	73.459947	7.523738	27.094732	89.434095	156.416434	47.378330	3.610325	-2.369625	122.034457	65.724658	-0.518008	-54.722140	58.844019	57.718050	-19.128553	-16.983566	-67.068030	-2.585490	-11.159977	-2.236545	-126.693706	-5.664185	-3.984238	-3.206489	-119.247414	29.559531	-28.840451	61.157484	-62.158256	82.210287	-75.330629	32.070096	88.636996	11.419618	1.649380	9.318747	21.946796	24.245478	-3.387596	-5.956966	-27.780195	12.683657	-2.968054	-2.489969	-1.793409	16.498347	-0.727386	0.613254	35.320932	54.767579	-0.544102	-2.262155	48.707247	70.406864	-1.067745	-149.419478	28.616995	6.782523	-15.013588	-27.758305	-54.440687	2.316649	-16.800541	-15.570447	-84.151097	21.065133	-26.776836	-9.936564	-85.093683	57.685599	-11.036975	-15.284451	-130.903630	107.296717	0.260634	-2.103675	-173.708159	91.928968	-3.950847	-10.783878	-129.597781	-40.867340	-1.189553	-45.467888	-96.512505	-109.121802	0.622835
-10.443040	17.558023	1.836993	-1.308495	-54.336283	-4.373953	0.159159	-6.533832	25.083052	-3.015188	1.027513	33.149499	50.240661	12.014418	-30.595317	81.810318	-48.299879	8.282428	-21.559952	19.020084	-22.960730	0.844443	-6.309346	1.138830	0.220435	-29.174388	-4.313132	3.860763	1.454624	51.520475	-1.216602	3.671882	-24.852315	39.380052	2.814702	-3.054699	-17.752339	-21.323887	3.416606	0.223449	10.466258	-51.426004	-4.103006	6.024970	5.453163	3.675935	-10.836049	4.320218	1.817084	-3.671528	-5.545559	0.485064	8.415612	-31.352607	-3.272867	4.328916	-14.488328	-45.789198	-4.090087	1.606308	-21.266825	-17.545708	-6.605583	-5.110876	13.052647	-16.299597	-2.457045	-0.086001	42.138330	-32.894482	2.334515	1.219052	8.315986	-17.391268	-0.028281	-0.336032	0.261219	-12.717613	-0.262870	-1.324487	-2.311398	-26.198444	-2.493898	-2.334709	-11.912318	-30.140218	-2.730353	-1.870370	-31.887160	-31.293935	-7.154043	-6.921754	4.796458	-42.132481	-0.741082	-6.262687	30.581665	-27.284691	12.081679	1.474893	6.494246	23.656330	2.374678	-1.330602	-2.261460	18.339008	2.988243	11.873533	-17.008354	-7.922230	-0.352306	14.150952	-0.391306	-22.134141	-3.695189	-0.247413	0.413345	-1.917814	8.873481	-3.616027	15.864556	-32.668120	15.263839	-4.763881	10.217847	-26.189957	20.270333	-0.505647	2.671623	-14.059886	4.243231	-3.475255	3.490934	-13.145082	-2.852305	5.290035	7.395935	-31.092777	-10.330354	26.678164	-2.839716	-2.966826	0.938052	-0.442856	4.744891	18.060017	0.593061	4.919243	3.761411	16.935910	10.322395	2.726827	0.883842	-6.925603	1.264353	0.154119	2.386196	-14.927128	-4.882906	-0.607094	4.028597	-14.478615	5.580957	-2.719769	14.556684	-30.130263	9.053901	-6.709169	12.069584	2.699027	-3.686944	6.799940	-9.076985	-7.762680	-13.290013	5.302582	-9.101384	-3.783954	-15.221262	0.660551	-5.424977	35.919773	-3.188863	-5.033251	-2.701721	-1.765860	12.864911	-4.934916	4.482365	-17.872782	19.897638	-0.464094	-21.136137	-21.396673	27.315798	-0.450484
-72.040674	-348.343402	-26.921982	-7.001435	-636.889652	-258.772840	-83.984254	-29.763339	-1555.136299	-395.331888	-133.546705	-152.936665	508.605102	-108.922394	159.214062	-48.299879	1494.381701	36.602071	177.941688	66.141074	223.268327	64.247629	31.219079	-2.920216	-7.613931	324.650039	7.913683	8.322987	-140.704957	-746.575809	-45.622285	-18.619597	-338.625582	50.263429	-67.432245	-36.537974	-456.553184	360.008642	-42.611666	-49.161352	296.840344	-464.593620	140.055974	-0.224651	329.732724	-18.134313	118.139512	55.796522	-24.574399	648.666419	69.664028	-7.750057	126.843372	1094.431124	79.121059	15.645512	-124.729423	408.982170	63.784892	-0.421034	-540.662881	586.638849	45.651811	-47.489476	-354.052461	514.345483	92.137126	12.414842	396.460305	-16.714332	222.477560	28.386369	137.895377	-4.389644	95.494224	-1.159796	-5.193143	213.187480	15.959426	-21.823373	31.833528	417.993212	35.486250	-23.961987	-161.952090	93.062744	10.205006	-7.585744	-471.761790	23.793662	34.098165	-30.913198	-187.755736	-37.640555	78.647151	-15.718506	319.768582	-94.392256	-56.282196	49.887434	55.085843	-271.517989	-99.958011	50.106998	4.696887	-425.235137	-27.320886	-83.343890	-159.319425	-327.364373	-11.011993	-266.870882	-35.835416	-43.011437	5.300061	-19.406293	-142.941744	-11.989571	30.908600	-20.839732	-35.344683	-14.597113	-55.093193	-21.801759	44.884349	251.574942	-133.472355	37.425098	2.413344	519.043740	-53.485947	74.205177	19.661567	512.589310	17.699202	61.726288	-496.148827	353.065101	-19.326380	-62.907804	54.708874	132.992216	6.733238	24.723395	9.451645	79.163092	19.982771	13.516215	-7.648992	109.043899	26.359479	10.811963	-3.389658	220.209017	57.411434	1.628145	4.493634	313.022351	69.746508	3.062583	0.613529	317.690142	-43.011683	33.274793	-92.884832	248.035234	-214.246211	79.435054	111.808071	541.001459	83.182715	38.459529	97.155480	584.317895	107.840128	84.730664	32.479438	716.263886	159.160955	86.751747	-77.547505	507.488334	41.272424	-0.477349	-69.413387	123.523818	-116.178133	-13.833436	-35.769943	72.912238	-314.851050	-3.826851	41.738361	126.721174	-180.733257	-1.384206
31.525903	717.675693	57.586552	3.966883	43.962305	577.585665	70.899493	-8.262352	-492.971961	519.645541	50.717998	-5.651010	-540.787143	959.864905	158.901933	8.282428	36.602071	1692.784844	240.696538	22.680197	382.177885	1179.955910	124.222635	59.453547	206.214111	311.945998	43.774142	25.278396	5.060868	257.646254	53.759831	6.802578	49.028082	71.227828	47.487743	20.229020	-8.449287	-32.837268	3.945709	-18.196134	-165.856153	-251.416677	72.979385	-72.296624	-93.093975	-441.750145	3.531259	-27.772559	-22.938198	-463.977278	-26.119431	-10.126466	-73.537119	-334.254257	-20.863424	-15.212520	-140.624202	-1028.692728	-39.609458	-34.766048	178.833503	-597.652506	7.806193	-21.084575	184.963829	-285.502498	6.360565	-40.578546	6.311760	-267.776936	-59.095727	-14.993209	-11.776383	-245.258376	-57.846146	0.203151	-29.965401	-100.444258	-35.456610	21.819117	-21.284626	-34.747740	-17.832878	38.509178	66.429317	-39.607206	39.247663	-13.866354	16.889778	131.910426	62.928919	22.023189	-262.129901	222.330153	27.575529	-7.395366	-137.210084	213.091729	104.631266	-23.242405	-21.286545	245.531444	33.895908	-15.304191	6.227013	292.857101	28.081369	56.520423	264.415247	371.382891	45.602285	153.679617	74.094160	132.091876	22.321500	4.786318	-52.690717	164.328600	30.187473	2.234131	-112.892787	-97.480561	21.857185	-42.518676	-24.228933	-458.895927	-30.907602	-23.146213	-7.030276	-604.549130	21.799684	-27.011855	24.870554	-473.520545	68.209880	-85.320991	322.782595	-200.548321	138.682918	-183.232544	-18.472407	46.149647	2.050676	-12.075280	3.891956	-63.327700	-6.091493	-14.591361	19.736303	-89.423244	-20.688855	9.882597	7.179860	-19.052739	23.499886	5.893052	18.532015	68.112608	112.207095	-1.280831	68.112174	88.044119	131.060865	-19.191145	-318.743121	-15.221677	38.674183	-124.422004	26.011895	-56.295093	1.980030	-7.429557	127.913952	177.020787	29.884382	20.527974	60.252909	409.318342	74.705025	25.022314	35.391787	189.349498	142.652987	3.095639	7.481798	-157.485584	145.565726	-5.221926	62.058425	-213.343405	-201.473569	-0.528844	-73.124880	-215.141894	-319.055066	-3.549190
-1.185535	-0.770234	3.597100	-2.903752	-7.711438	36.225041	13.368917	-3.663834	-232.759739	46.739436	-8.385306	-7.099299	-199.388453	114.242493	104.855163	-21.559952	177.941688	240.696538	186.812223	5.046584	125.859228	192.964807	62.846133	12.379301	33.308045	100.922338	17.729513	2.920376	-28.846790	-127.405814	14.447760	-11.955324	1.216345	-71.918562	36.825963	-5.552008	-33.175928	-9.941681	19.566106	-10.870781	-32.941355	-101.756866	68.490948	-15.663793	3.751365	-219.888552	61.335306	-4.470118	-23.707491	-146.118292	8.118516	-3.661095	-28.750820	2.912864	1.795552	-2.544655	-17.070036	-44.306963	30.039337	-8.943014	3.597884	-8.744147	42.412212	-5.797243	-21.955747	-14.640177	40.865731	-5.723275	-0.316804	-55.051965	20.033331	-1.118181	-2.137857	-40.787638	6.256570	-0.822926	-5.727272	22.961481	-3.599056	7.284994	5.781910	61.296167	1.028502	15.340237	16.133069	45.465336	21.823407	-0.526880	3.802278	39.498981	36.586373	4.511099	-78.545153	50.158255	51.595698	-9.459836	-16.488009	27.285297	45.267499	-10.594639	-6.455037	-1.686727	14.886828	-5.447500	2.823863	18.126310	5.202093	-1.952291	96.802866	69.909050	5.543852	20.457542	34.716558	54.656579	15.180287	0.082901	7.091607	45.819202	24.234408	1.027317	-13.702192	-7.478757	26.952420	-17.274398	8.819659	-93.154671	-0.694529	-7.857138	-2.072318	-107.019417	6.234930	-4.178710	-2.977232	-91.744052	31.914810	-17.867295	62.026854	-39.745200	51.616842	-73.420235	22.380554	64.685141	4.380917	13.648393	24.557899	15.168865	9.778186	4.635220	11.118529	-6.173826	8.942809	2.455397	4.160265	16.877982	23.649540	0.626735	0.535261	39.416413	52.154891	-0.339169	4.564619	36.443128	51.666839	0.238087	-95.343743	19.576750	-4.479165	-20.382456	-5.924089	12.430066	6.676485	9.503494	14.044589	-27.015366	17.117234	11.216905	7.045884	-16.644797	41.406574	7.385962	-10.069035	-73.304090	61.260443	-5.883931	-2.425990	-174.987442	65.457936	-5.763026	17.115628	-116.273786	-40.395896	-1.499506	-15.338846	-68.840240	-99.492810	-0.772622
