1939.529941	2769.179392	56.881689	158.223606	456.265772	1399.094777	-125.367533	128.493070	226.978568	247.305986	-330.539313	96.349422	-472.602459	-172.881667	-258.243127	-34.792058	35.213977	109.820630	-30.190463	7.945750	39.965542	233.479674	3.246412	70.113384	-182.852286	95.506070	-18.429350	42.108521	273.682863	-945.836461	-370.893420	-34.427938	592.683584	-658.037533	-300.596629	22.912324	192.348920	-353.508811	-147.609874	-33.718057	-308.767331	-36.896289	-165.562831	-11.528339	309.632830	81.876296	26.222352	3.593102	30.772707	243.017337	9.892386	50.405575	-105.751493	572.946591	-4.886236	220.962296	249.783309	-1326.487158	-250.453885	-63.953447	510.854154	-393.467878	-114.094504	-37.446551	-323.005294	-94.283438	-236.852907	-30.212102	-192.213912	-1.191745	-96.480048	-1.210531	401.381505	9.209651	39.273561	0.431588	-54.959476	39.207252	-112.181584	-62.947618	-201.537052	458.467930	18.187156	-42.243718	627.042288	-89.940923	33.362683	-7.345606	146.502076	-24.361965	-116.301309	-4.575163	-451.996847	-23.362410	-208.889493	-3.744331	46.302607	-1.339669	36.944868	0.050459	226.772022	-0.676904	-44.606647	-6.307531	-225.382455	-13.845966	-177.949643	-84.455490	-423.317579	-132.540307	-17.689622	-469.088238	748.087837	61.967285	9.219239	8.207337	-115.653765	-16.662645	-140.306642	-6.586753	-307.251724	-6.992332	-74.825790	-8.650000	156.914504	13.876322	60.280491	-0.670526	-13.738497	-17.284488	-124.141066	-4.660468	-177.111093	-20.781684	-120.740590	-43.842082	-337.051821	-264.270954	-47.630127	-253.459765	625.428437	93.119647	-17.719855	36.068528	-219.566615	59.424954	-47.008112	6.580406	-193.829020	64.596881	57.199058	-12.700989	61.683777	44.848097	-88.199745	-6.449051	-53.197505	8.446265	-223.002775	-1.358346	-54.018929	-11.486059	-52.419764	-18.555968	-79.450796	-102.787183	-34.026906	-19.473330	402.337129	392.389156	-5.671084	124.044670	-139.045345	453.757628	53.800788	-60.248954	-38.886540	104.079196	9.797411	-169.645503	3.676929	18.523082	-296.280703	-44.746343	29.467466	28.597509	-143.501237	-0.399383	5.402028	-13.513016	-3.801407	-2.750667	-10.368470	-30.585048	-8.635115	-3.932190
2769.179392	9471.879583	186.349298	326.518460	688.313953	4944.210285	-124.365697	266.900405	1438.370914	1519.011791	-481.846119	307.906475	-800.091791	-322.543327	-525.480685	-21.250479	-891.723334	-51.386070	-105.061849	-78.113346	-449.109912	476.851378	35.727300	60.196229	-338.699583	510.780343	-21.282618	256.752046	-469.053540	-1852.564470	-1088.122398	-54.338737	1354.150292	-1466.582063	-566.874200	37.481432	1088.390381	-854.145419	15.345622	-90.028979	-937.385779	-96.456324	-351.772133	-30.090676	134.779705	45.121863	-85.700858	21.834038	54.492201	376.330018	14.068770	40.005543	-294.358819	1392.517630	-5.338207	577.808146	-409.090636	-3914.613287	-803.481644	-161.785169	1562.579892	-1126.584003	-44.505984	-107.020299	-508.047777	-265.351840	-351.287455	-84.892501	-867.165131	-21.229570	-339.469075	-4.090881	336.719187	-65.116698	-90.417930	8.859695	349.296680	35.418458	-156.440498	-186.636830	-633.594218	911.897070	-12.170686	-88.651991	814.786814	-534.358909	34.862260	-18.415521	939.826738	-38.512960	-47.687885	-7.815522	-1122.151539	-81.840542	-484.678726	-7.158912	-576.316568	-37.447642	-176.393028	0.006608	318.741196	-71.073147	-150.296601	-11.977279	238.393607	-85.215876	-153.859855	-207.007994	-1159.040553	-276.006870	-84.119238	-1086.098660	1397.874824	132.558008	87.451853	4.625973	281.043738	54.889845	-239.858967	30.850678	-1060.824866	-42.688946	-333.710744	-12.440701	-372.876945	8.550726	-201.561161	-1.107500	206.418694	-15.026365	70.400333	-11.122878	47.126456	-20.616591	7.979567	-107.353883	-1107.118148	-504.831898	-121.222451	-647.777372	1190.133703	234.069564	4.241162	81.938721	-257.482569	255.111214	-160.328578	228.192956	-933.001205	78.912136	-211.066584	67.276311	-223.030047	80.596172	-108.773819	-10.558211	241.768602	58.929990	79.444959	-4.230649	-64.986217	-28.046312	-8.358658	-46.418064	-446.487137	-308.054891	-99.012136	-79.656484	637.244937	490.618451	-22.762758	191.459857	-536.407187	797.844496	-85.259337	197.703991	-695.390696	864.859306	-255.987839	7.753657	81.211759	500.896350	-113.096644	-55.524870	280.154381	70.500499	32.269826	-0.387813	-18.496879	-40.362558	-3.282246	-8.116804	-84.887525	-132.547353	-24.839204	-15.073522
56.881689	186.349298	139.983458	-22.628132	145.287371	221.677240	62.482778	9.259585	141.355088	93.788826	-38.270581	30.270279	-35.019417	-14.081337	-49.855326	16.217374	-39.168106	-3.800134	-0.669978	-4.218505	-58.777818	15.622174	1.431641	2.813376	-45.283253	6.524047	-3.575490	10.036057	53.862173	-40.008195	58.603044	-24.965327	90.360491	-117.072403	-13.073615	-6.056026	78.046574	-57.686416	-21.131909	-3.990255	-8.917619	-4.183793	-13.369309	-0.772683	19.725435	-6.733195	1.088602	2.534544	-23.738025	-26.295538	3.513902	4.106231	-34.757858	1.539005	-3.862658	11.428647	-10.445638	-169.614680	-28.232027	-11.226625	70.397726	-82.639099	-34.168024	-7.408971	16.401853	-15.342912	-26.134834	-5.600139	-14.019269	2.150022	-6.861918	-0.728761	19.825098	-0.552022	-3.239533	2.767109	-8.593115	-12.610684	-15.597750	8.892242	-20.278864	-53.457296	-7.438243	19.283772	7.906478	-45.879756	-10.386231	-1.476904	33.894032	-0.170986	-25.370907	-0.388830	6.075601	-0.361281	-22.181669	0.118236	-3.949933	1.521008	-1.573363	-0.005827	5.920824	-7.789121	-14.804833	-0.801961	8.161919	-12.185334	-1.100934	-0.693916	28.941945	3.119866	-4.063055	33.006842	15.124256	-11.954500	-2.721187	-1.929028	-1.530533	-3.342473	-24.079287	4.948599	28.961579	0.994432	-13.899883	3.904627	-15.702844	3.899266	-3.279858	0.123201	-0.942485	-5.589366	-7.068745	-0.665970	4.288534	-4.753804	14.196136	-1.748353	7.928318	6.636446	-2.179189	7.982581	-0.385716	-3.697148	-0.697932	-4.638253	-30.642216	-2.331942	-7.496170	3.913745	47.842246	1.689592	5.162428	11.088569	-29.463207	1.352993	-12.523264	1.952945	7.848410	-0.976763	12.016039	-0.212244	-5.005163	-0.516410	5.405422	-0.474610	-4.143874	-2.055475	-4.807418	2.093923	30.184518	29.865290	-0.928234	-3.807737	-29.502765	0.048258	10.339270	-45.628309	40.327717	-29.156827	-17.964665	-0.475458	-16.217702	17.380247	-12.926028	7.807176	12.160995	0.810976	19.488131	-0.055039	-4.583350	-2.336658	0.901662	-0.515477	-9.128212	-8.001023	-1.661727	-0.782108
158.223606	326.518460	-22.628132	98.526191	1.858393	101.938971	-29.016413	25.051260	-4.238744	-30.663984	-19.929794	3.809553	-62.464149	-30.883181	-17.449223	-11.793214	-9.413494	11.852334	-8.145597	1.125129	-3.361319	17.552837	-1.696134	-7.350777	-20.476574	3.916607	0.784212	-11.373278	-24.667547	-122.752312	-62.218499	35.739054	67.020799	-45.043281	-34.333410	17.508342	-3.947468	-41.321294	-7.959126	-0.406980	-60.268937	-3.802363	-17.988455	-1.675742	31.345945	9.033257	2.551962	3.744784	3.061157	20.458453	1.202650	11.617800	-43.696251	-7.800738	-0.375567	-5.761686	11.663629	-165.349876	-31.513065	-7.181758	80.644157	-42.860641	1.122871	-2.616123	-40.613911	-13.551745	-25.664073	-2.258224	-39.529854	-0.959869	-10.018387	0.118492	37.915042	3.646578	12.692735	3.435706	4.027498	21.653098	-9.717994	17.250590	-47.722625	69.059000	2.286336	7.499135	67.798480	-15.778883	6.280667	-0.495529	44.025981	-8.168116	-6.435488	-0.246215	-64.267056	-5.053414	-23.823926	-0.178484	-5.025476	-0.107545	10.498871	-0.024058	35.953763	6.293040	2.957491	1.851736	-8.834145	15.730235	-28.726233	11.622074	-69.553418	49.688877	-0.079517	-28.169878	75.016268	17.112842	4.114864	2.769740	4.322393	-1.903654	-11.984518	5.862116	-54.276883	-2.450604	-2.314951	-0.051008	18.569719	1.387070	6.921777	-0.087594	3.648445	2.954377	-10.899198	-0.044967	-24.710465	3.323256	-22.416238	0.041435	-55.165293	-5.439697	-7.908512	-18.624528	58.941216	12.438064	-2.387709	6.325482	-18.974190	8.912093	-3.013278	12.961510	-41.625179	5.408676	6.226490	6.481513	9.635683	3.841047	-7.585749	0.655180	-4.618483	4.342960	-20.346050	-0.166333	-16.030306	-0.789141	-11.055678	-1.581254	-15.440307	-10.567514	-4.213644	-3.933578	33.268613	43.411673	-0.558176	9.742428	-42.913843	30.339189	5.759433	7.776668	-24.665995	-0.909479	-3.883782	-0.419916	12.226399	-18.588890	-15.711796	2.490467	-0.135588	-7.363733	-18.712540	0.060364	-2.778078	-2.059748	-3.545461	-0.311097	-1.916648	-4.308046	-1.024056	-0.520528
456.265772	688.313953	145.287371	1.858393	668.242768	395.736938	132.166972	63.296643	421.595939	-32.394819	-119.677015	46.095784	-335.620483	-128.557138	-184.963026	-9.889782	26.079206	83.847086	-15.041571	3.402844	-40.641908	92.960515	-6.535950	46.008627	-155.244877	-11.926942	-9.039944	10.407218	226.646631	-472.163990	5.364259	-49.715352	492.206819	-460.256823	-47.240809	-13.157485	120.897826	-231.849339	-143.596104	-24.893643	-159.920140	-25.251112	-118.650218	-5.357264	210.413596	41.065146	19.356469	14.793903	-29.605491	96.183080	12.575260	83.866305	-80.086123	174.772601	-21.737190	121.861844	237.567838	-481.669799	-41.090423	-26.075318	276.686688	-212.067785	-78.206293	-18.717179	-191.633529	-70.714079	-181.040109	-16.261210	-56.366468	1.984565	-35.984669	-1.465692	267.792556	15.115239	37.907113	8.839287	-43.584757	2.331433	-67.576915	20.277140	-95.452910	74.504010	-38.816615	134.216497	384.776687	-31.999606	29.215986	-2.513444	-5.039613	-33.026269	-109.321478	-1.731677	-213.374443	-21.847004	-122.622813	-1.465626	50.754547	4.456600	50.478863	-0.056024	129.948354	-12.006049	-25.305650	0.248643	-99.506933	-56.590540	-103.987799	-22.006767	-140.786085	-71.737637	-37.207675	-45.219473	411.089035	59.184687	9.947750	10.438596	-200.313348	-10.342056	-90.537958	4.925919	-96.678363	-9.390126	-25.436158	1.485676	69.481563	-1.721650	35.826211	-0.403324	-2.839252	-15.590985	-91.572116	-1.027940	-95.575791	-14.175760	-71.482439	-15.042142	-171.178072	-88.898607	-23.078926	-74.497967	301.884183	90.137573	-7.427663	38.081265	-236.884720	13.683761	-19.321275	-5.576060	-28.162068	-13.261539	44.440700	-5.085032	-5.160509	-10.259086	-44.185487	-0.611595	-29.039130	-14.846049	-103.533456	-0.272256	-35.987782	-4.846524	-34.829225	-5.305671	-70.534420	-49.114720	-10.862016	-11.890097	228.180193	235.658478	-3.184750	77.456696	-67.394581	196.077175	61.243824	-66.715776	46.654264	-49.669198	40.922570	-62.777169	-23.384357	-11.904930	-125.377482	-0.329839	-6.277528	4.337585	-61.392704	-0.082888	-8.174146	-5.060902	-6.901846	-0.810987	-13.049563	-12.218748	-3.145301	-2.733716
1399.094777	4944.210285	221.677240	101.938971	395.736938	3290.506248	24.830201	106.315621	1072.974488	1455.829074	-253.921529	211.742870	-137.466195	-20.946637	-310.971064	32.396423	-671.586996	-78.694381	-64.234616	-67.969734	-276.741286	255.554783	35.273460	10.379180	-161.805026	261.226276	-14.158592	149.415235	-285.256967	-944.453272	-468.055924	-95.914824	603.366399	-849.838298	-295.611369	-27.779571	866.882499	-447.027178	86.920786	-55.412144	-354.993763	-52.749694	-145.805358	-17.120320	-39.915404	-1.799194	-72.299513	-13.583446	59.352702	129.839953	11.769004	-13.778415	-119.358013	697.832838	-12.631915	321.315958	-438.016661	-2329.983150	-459.824981	-102.718481	696.644819	-742.031756	-33.512045	-76.174364	-86.360542	-149.608589	-94.257582	-59.423477	-447.889107	-11.464400	-181.268174	-4.704061	55.896680	-41.629977	-92.599251	-16.641198	230.439135	5.402488	-90.368686	-168.801860	-288.230084	490.525477	2.633120	-72.944182	202.251768	-391.943535	24.787985	-14.423109	409.471515	-9.133605	19.209472	-4.703792	-489.708936	-27.639731	-223.471536	-4.739765	-356.247429	-24.102044	-130.891640	0.027149	50.197453	-34.964415	-100.222530	-15.913916	186.394570	-29.400030	-23.852232	-153.003280	-562.750320	-157.485201	-23.852233	-556.889203	574.331425	30.309269	62.657062	-6.899543	129.355730	24.765242	-125.589336	20.493405	-471.276782	-9.448358	-195.263712	1.708808	-274.125498	14.601417	-131.314692	-0.177133	61.576165	-2.149491	72.799929	-9.250977	80.395186	-17.703483	89.259651	-72.894033	-561.507937	-271.097722	-50.732564	-318.079594	494.202032	115.823489	-0.448899	47.323460	-131.209102	111.475417	-105.209666	112.053037	-344.857308	39.608787	-142.803031	42.406269	-151.973629	56.035744	-86.666021	-3.425273	152.416389	36.675073	100.561090	-2.742860	-13.686212	-20.637869	37.166968	-26.970190	-263.127432	-185.171982	-60.334973	-46.081389	242.348768	203.290702	-14.547165	120.089323	-314.145630	414.580680	-72.240429	49.366304	-213.269081	533.046413	-229.482924	24.909239	105.226066	415.559017	-115.632637	-3.161889	218.172627	68.197514	83.914394	-0.444728	-4.478908	-25.632911	9.287696	-5.022464	-66.685112	-89.810409	-15.938665	-10.273624
-125.367533	-124.365697	62.482778	-29.016413	132.166972	24.830201	162.441575	-17.464557	227.874676	86.240314	103.347671	9.034199	64.001188	13.730908	-6.281884	17.175202	-148.760686	-12.309036	-9.694235	-16.489866	-155.855500	-17.641925	-0.143751	-26.802985	-48.477783	-18.634205	-1.346027	7.145271	46.581568	39.329019	101.312809	-22.458566	36.491370	-92.874475	77.321503	-16.477124	40.244407	-62.879695	26.437585	-10.680291	3.192118	-9.322099	-4.586673	-1.483006	-51.323313	0.274212	-7.443634	-3.083979	-26.195273	-2.658460	1.439357	-10.024589	-27.064232	0.818660	-4.658318	-7.318499	27.518647	-25.755627	23.750726	-7.803944	10.325112	-60.244322	-11.083546	-4.590200	-16.842807	-22.277413	-17.495462	-5.282277	-11.761171	-0.757025	-3.158709	-0.951210	-41.199905	2.751056	-6.199743	-4.426411	31.417998	-0.498879	5.504426	-7.954809	-21.057722	-25.925986	-7.848820	-13.580046	56.315824	-25.086332	-5.688961	-0.364487	-20.655072	-3.743403	-21.731345	0.878508	-20.039060	-0.274332	-15.926306	0.741032	-11.224443	-3.739025	-2.589448	-0.007547	-36.295717	-6.358521	4.440849	-0.750426	71.419980	-1.332086	23.048254	0.481743	-0.114086	-5.688662	-3.218343	34.777672	50.716458	-19.557501	-12.256814	1.265134	-23.649207	-7.472020	-22.960997	4.264024	-7.017845	-0.107262	-9.837812	3.663920	-30.461611	-6.937354	-8.542122	0.121522	0.786977	-4.700546	16.181945	0.388491	31.165726	-0.664514	28.003753	7.998361	-10.546573	7.546726	-0.009692	20.823773	7.308140	5.088056	-5.838145	3.443868	-32.431171	-3.386381	-11.246380	5.761827	13.028489	-18.407850	-4.206939	5.400512	-37.288637	-9.542789	-3.116950	-0.008979	22.801920	-4.687159	40.372786	0.134283	-1.627373	2.478264	7.839332	3.871568	-17.350745	11.900692	3.339132	10.124052	-10.850105	3.877240	-1.312389	-0.809802	-12.136107	-25.867307	3.299984	4.272726	16.568900	-12.984146	-17.338570	28.334995	-7.837569	33.886956	25.950956	5.110886	7.788112	-4.250671	33.045757	-0.082408	-9.340993	-1.986541	-0.049944	-0.057580	-8.431092	0.704074	-0.551306	-0.271349
128.493070	266.900405	9.259585	25.051260	63.296643	106.315621	-17.464557	34.374450	15.189775	-43.383363	-37.441753	20.218425	-104.655669	-40.015326	-30.354881	-7.300386	20.718003	17.618487	-0.040112	1.063900	31.622786	21.341698	3.098774	11.918031	-11.297587	-1.157195	-0.735160	3.570775	0.545614	-108.338582	-27.475601	-1.521641	90.841853	-75.988835	-23.226029	9.602785	32.807985	-43.041754	-28.340120	1.079118	-51.971715	-4.595273	-26.567033	-1.115375	49.406652	6.569010	4.642267	4.147832	4.143625	8.614520	2.458938	15.746949	-18.274664	22.189342	-2.989262	20.116059	18.792396	-124.441159	-18.392666	-6.261086	77.385279	-41.171537	-3.978409	-3.615817	-26.851324	-14.010170	-33.789040	-2.911520	-22.922700	-0.761623	-9.779665	0.020985	54.748197	2.182533	15.540527	4.331777	-7.862032	2.321016	-12.673152	10.888950	-27.778458	15.422916	-5.124627	16.445999	57.046536	-8.109241	10.718931	-0.496983	25.948287	-5.770459	-10.616825	-0.350066	-39.318011	-5.249171	-26.029312	-0.273900	8.847159	0.408947	12.706106	-0.009826	41.043657	0.321980	4.242636	1.511037	-25.810347	-0.696205	-26.096624	4.735874	-36.621380	11.404876	-5.222521	-22.157994	71.509011	19.625303	10.711957	1.427923	-19.595974	1.496150	-14.781203	1.139497	-21.993575	-2.149267	-2.865003	0.109188	22.264322	0.394657	15.175094	-0.036481	2.388562	-0.905686	-19.209842	-0.042085	-23.509485	1.103118	-21.427228	-1.256086	-41.908576	0.338427	-4.455913	-18.052600	61.791129	20.935554	2.132673	7.549922	-42.490709	10.620982	-1.958832	2.265956	-18.567914	6.490585	10.808409	1.253784	3.850491	1.496410	-3.011771	0.318228	-12.819494	-0.577339	-25.523844	-0.152382	-6.269208	-1.310384	-7.541614	-2.039068	-13.346094	-12.748961	-3.432429	-3.568909	41.425400	50.246664	0.258357	19.894674	-37.058148	39.034584	10.941594	-11.978220	-8.026337	-21.347987	10.219833	-17.973780	-7.460564	-22.493264	-24.723592	0.116569	-6.410955	-0.152424	-17.642890	-0.013411	1.455927	-1.513637	-0.580404	-0.264850	-0.885503	-3.903248	-0.838055	-0.386387
226.978568	1438.370914	141.355088	-4.238744	421.595939	1072.974488	227.874676	15.189775	1569.465345	449.051800	113.984361	81.280987	156.926080	-178.948016	-172.814825	3.366055	-696.944858	-83.970073	-69.500925	-75.365173	-336.359337	113.544173	-23.021080	-15.473043	-154.815338	65.352572	-12.343139	47.789463	-93.923480	-197.975121	-40.718341	-47.260095	365.847205	-483.351138	21.201211	-46.513729	698.492703	-346.765862	65.364500	-46.703057	-180.500408	-54.643100	-139.743622	-17.679459	-121.761704	-19.194129	-75.148746	-20.599235	152.071614	63.285836	-5.679160	-10.547854	33.650303	349.830547	-19.790242	205.814369	-274.126807	-820.217061	-114.613143	-48.179453	364.824830	-333.183002	-1.559058	-32.875213	155.411347	-120.830553	-81.288466	-32.272443	-294.863526	-18.114662	-133.734474	-4.177888	-39.864333	-46.184024	-106.571893	-24.388719	315.033457	-10.203195	-25.957329	-103.700581	-55.345908	286.977886	-14.891838	55.481795	-81.366090	-144.535439	-17.228861	-1.589520	273.186655	-21.309283	-44.494574	-1.244024	-52.243197	-20.080964	-125.727313	-1.880511	-287.399417	-26.115770	-135.262120	0.064659	-5.754476	-44.525645	-109.251946	-8.333252	434.138690	-73.328165	25.305341	-84.148172	-241.118211	-229.862103	-37.955575	-210.231766	-54.484647	-51.577811	-30.331802	1.986806	175.947668	-10.024261	-96.950936	33.588650	-60.101159	-13.877612	-132.568764	17.915853	-297.150043	-16.699080	-209.675472	-0.236474	128.657699	-6.293825	41.939188	-1.590694	254.710088	-16.152463	95.807546	-28.955984	-223.291792	-170.972273	-45.351490	-131.787633	-235.428352	14.562782	-23.994323	11.855720	4.169447	29.768683	-85.478656	108.016488	-36.312593	-29.110073	-208.407102	97.317556	-184.200775	2.247714	-148.392644	8.633227	238.763585	7.466973	183.068501	-0.332585	67.968077	5.385499	47.200191	-4.799371	-104.984193	-37.020735	-24.168269	-28.692231	-329.201674	-190.714779	-13.509135	-55.442331	-84.762089	-166.025039	-119.709186	12.613412	48.588448	293.220233	-301.435744	236.556740	186.946283	560.513720	-5.110930	50.439001	252.171870	77.510816	188.497527	-0.245052	-1.430788	-8.620914	8.014593	-1.342555	-34.949268	-22.453502	-7.223177	-4.657135
247.305986	1519.011791	93.788826	-30.663984	-32.394819	1455.829074	86.240314	-43.383363	449.051800	1446.153724	21.800847	61.039819	692.361600	454.672012	5.428632	64.896837	-588.014291	-104.672234	-35.825324	-81.652951	-456.038069	19.209975	6.767972	-94.766593	-39.344677	62.639771	-6.480713	42.433568	-137.371453	17.091496	-90.775798	-60.945723	-186.077917	-179.888666	-54.848991	-63.044800	405.894737	-21.073365	237.670798	-32.214054	263.034979	5.408523	136.275523	-1.268719	-297.011677	-32.808476	-53.274702	-52.032423	-65.259901	4.105094	-1.756947	-113.617031	40.302336	204.897253	3.565495	36.916521	-398.982735	-821.800598	-191.022279	-34.415228	-161.111432	-304.449836	-13.215046	-37.228577	143.951238	-21.856139	210.877674	-28.208194	-17.010331	-0.307419	13.537252	-3.378427	-300.623574	-43.298527	-96.630285	-35.713714	114.971871	-24.524283	2.783549	-167.628679	19.125289	104.132623	29.613042	-174.813429	-286.479333	-241.411996	-13.920273	-9.011256	-57.672632	0.334648	101.619205	-2.851438	8.330538	19.614179	64.340669	-3.152269	-174.832380	-13.633893	-86.910774	0.040541	-252.837311	-26.160050	-34.527337	-12.004091	157.724457	30.770888	153.386301	-91.743383	-42.300335	-61.388440	27.550188	-151.466960	-98.919885	-47.338229	21.795879	-16.400932	79.079590	4.302877	47.659027	-10.310836	-74.187906	15.852574	-35.484747	-6.358551	-225.686318	13.118801	-128.804230	-0.282266	-27.567299	6.728306	163.932747	-4.672057	115.818762	1.609194	180.036948	-24.775444	-65.533677	-59.944403	-0.983514	-23.403754	5.552986	-13.065297	1.231839	-5.419770	117.767457	16.393978	-26.288399	-7.292813	-49.722138	24.663693	-124.603088	-27.581802	-91.360389	56.252763	-37.725756	-8.438947	97.756084	26.976083	166.293718	-1.156204	9.522058	-5.880474	50.370854	-2.048901	-77.915484	-40.873636	-15.525132	-3.933354	-22.976647	-79.548459	-8.268402	11.861177	39.276069	130.270831	-91.433951	18.611194	-37.976609	474.156373	-193.345247	-56.634566	118.125633	270.921018	-7.312791	-20.106640	122.612575	29.770362	73.283480	-0.270248	-9.240168	-8.262300	4.685066	-1.740492	-39.195436	-32.051567	-5.061214	-4.725769
-330.539313	-481.846119	-38.270581	-19.929794	-119.677015	-253.921529	103.347671	-37.441753	113.984361	21.800847	373.601280	-38.584469	351.562660	124.987794	244.837105	1.695040	-313.633893	-62.442279	-2.741067	-48.445745	-355.475799	-76.550211	-5.656799	-91.740644	0.717647	-15.235062	5.033238	-29.104938	-78.804827	160.920744	66.788924	3.518268	-125.951735	80.036104	164.603470	-23.510106	-51.661008	9.363732	189.602157	-10.328589	29.778053	-5.425884	79.713238	-2.635678	-243.567301	-13.917574	-20.046685	-28.554180	-71.567225	-14.972953	-2.022775	-79.751424	26.096931	-91.763411	4.321275	-76.088067	-31.108127	234.486759	60.613917	-2.363418	-87.891962	45.960343	54.507439	0.782104	-13.095112	-2.173711	61.253659	-4.325962	-15.018056	-5.339405	11.751219	-1.112187	-231.461060	0.160309	-17.445756	-14.461354	5.371371	9.747900	46.540080	-41.158850	44.715929	-65.548248	12.129927	-108.912798	-29.100279	42.332823	2.226370	2.361811	-51.519275	24.380903	31.179677	2.833647	7.322159	5.687156	21.292803	1.395778	-46.201368	-6.901335	-21.209912	-0.009858	-169.399719	5.479306	43.404938	-3.137848	100.122881	51.580725	97.735789	14.041510	75.295324	73.780711	21.517575	52.141972	-26.409370	-27.999034	-5.639917	-0.830546	-8.308133	-4.604923	12.282315	2.233308	-20.905131	-0.383928	-3.473068	6.982361	-68.340673	-5.841215	-23.919522	0.544146	-57.900733	6.486114	84.516990	-0.887502	64.745839	13.768012	79.524941	15.499419	64.833612	123.433983	10.889660	72.067507	-26.696989	-20.525985	-3.907989	-2.952720	-10.115874	-13.346000	-6.976985	11.636619	-7.524182	-24.812852	-24.599203	12.896962	-36.248150	-9.479583	21.263439	2.473816	12.140346	1.694872	98.732647	-0.346724	12.313753	2.825326	29.987720	2.484134	1.709609	30.788830	2.468785	18.403505	-65.191637	-65.438498	-0.509109	0.802945	-36.196459	-53.627271	-14.058852	41.669317	-18.739291	-30.243462	6.021144	50.028769	9.688354	31.801836	100.423502	8.591529	12.003142	-0.119137	64.518721	-0.141011	-9.036009	-3.800163	7.001141	-0.764782	-5.568895	-3.849153	-1.394214	0.607821
96.349422	307.906475	30.270279	3.809553	46.095784	211.742870	9.034199	20.218425	81.280987	61.039819	-38.584469	59.597247	-44.348718	-28.536426	-35.163416	25.915396	-51.152986	-2.934269	-1.257982	-6.729522	-46.413886	6.253655	3.072392	3.412546	-46.823230	-2.198705	-3.673886	7.487538	-23.421857	-76.253720	-18.891503	-12.053638	27.225701	-88.993744	-24.627829	-2.210446	106.824983	-39.361146	-6.263757	-0.752690	6.841092	-4.455173	-9.475644	0.181978	15.849769	1.760862	-3.416780	2.164494	-7.494729	7.535046	0.575599	12.252268	-41.225874	29.070520	-3.777197	29.716147	-47.262529	-152.782822	-29.860565	-8.591734	23.505575	-60.239933	-5.756832	-5.105233	32.786537	-10.954556	2.372279	-4.203209	-10.759410	-0.649531	-5.380620	-0.318290	18.612716	-3.832577	-3.733161	-0.053899	25.954176	-6.964981	-9.133650	1.048009	-26.917300	5.741841	-5.504784	13.733857	-22.888309	-25.688864	-1.484067	-0.663017	22.831253	0.802230	11.391010	-0.147897	-2.349819	1.650971	0.088231	0.271755	-15.527947	-1.932346	-2.422427	0.016873	15.806526	-4.834442	-3.475211	-0.364159	24.359066	-9.041580	-7.940019	-2.971890	-16.525045	-27.539340	-7.071833	-13.476984	-4.995546	1.409457	9.438431	-1.020208	21.414083	4.166130	0.263785	0.096725	-3.957899	0.195967	-5.647817	0.092601	-16.527932	0.006504	-0.187918	-0.048015	5.356236	0.353294	7.689477	0.114062	10.404884	-1.586192	1.000845	-0.626919	-3.837262	-18.412407	-3.686549	-4.253054	7.872405	10.562952	5.433883	-0.035663	4.299407	5.370754	-5.945399	0.619910	-6.067764	3.235594	-8.027064	0.174364	-9.975250	4.810513	-0.542931	-0.203538	1.625910	4.414837	3.469192	-0.000404	2.519489	-0.070585	2.440041	-0.428705	-1.225194	-2.018953	-1.468385	4.791428	2.504856	5.067670	0.533539	8.939501	-11.727523	25.629172	-4.070567	-7.440760	-18.680632	30.173297	-16.337172	-3.738765	4.292083	16.602053	-13.536045	1.049197	8.454125	4.062575	2.909655	-0.014591	1.518036	-1.245571	1.849126	-0.118374	-2.441381	-0.974559	-0.712623	0.021336
-472.602459	-800.091791	-35.019417	-62.464149	-335.620483	-137.466195	64.001188	-104.655669	156.926080	692.361600	351.562660	-44.348718	1507.474305	521.965184	395.502087	57.519001	-517.124608	-83.923813	-7.748179	-71.327572	-1154.255342	-241.877559	-58.098412	-195.051592	-191.549488	-176.617229	-4.121273	-102.437776	-51.563049	445.549497	75.972899	-13.653221	-572.812920	189.579602	119.042438	-63.324119	45.875218	151.784269	360.878117	-9.984957	585.478789	14.261796	329.073854	7.669836	-467.888066	-35.707190	-57.753585	-43.146422	-353.174064	-2.987656	-40.315926	-124.005719	10.119127	-171.308877	21.668848	-118.466495	-274.833799	348.585208	-2.074073	-2.294862	-620.009357	74.005250	49.248290	-8.510163	270.289257	51.042992	370.735395	-4.400273	223.438319	-2.505460	131.993558	-1.012246	-480.449342	-38.304606	-123.912481	-27.010949	-37.990052	12.469531	31.515484	-86.470685	193.822312	-67.160327	55.902983	-153.989842	-477.854531	24.808552	-42.111970	4.960493	-357.499130	40.515486	161.634083	-0.744139	321.516716	35.926525	248.244480	1.428579	-75.790737	-13.899126	-59.849840	0.366941	-415.516357	-21.629262	-22.866010	-2.711334	235.745582	67.609956	240.331742	-15.169606	350.036943	21.314970	62.142944	156.046441	-478.523136	-85.549144	-17.009221	-13.220067	-2.934287	-11.352918	163.538082	-20.185206	177.425794	19.712834	83.531877	-4.060143	-238.092863	7.404847	-149.840477	0.770378	-131.185930	16.465062	196.893406	1.766384	233.930698	30.083123	250.093346	14.492460	392.770962	119.536158	14.534339	175.470032	-292.389144	-78.938870	-2.291378	-33.651807	228.036253	-50.061630	23.231162	-64.235098	126.511836	-8.146780	-118.225105	-30.843638	-117.953769	49.957853	-54.193146	0.500978	64.107905	30.195610	247.619671	-0.091404	79.301263	13.740988	93.335586	9.648042	176.490438	102.174901	-4.800412	37.860653	-211.336591	-269.556790	-8.526418	-54.434154	240.901573	-96.629890	-89.391939	25.084610	-18.349031	304.838278	-138.501687	-23.733675	55.864582	262.087627	95.235076	3.847674	108.477691	46.555107	141.624615	0.140304	2.281699	-1.821087	14.905561	-0.459729	9.521602	18.774372	-3.402405	4.602851
-172.881667	-322.543327	-14.081337	-30.883181	-128.557138	-20.946637	13.730908	-40.015326	-178.948016	454.672012	124.987794	-28.536426	521.965184	430.713307	174.096225	22.534522	-155.739694	-24.164655	10.396807	-35.988642	-366.823190	-87.096461	-3.358369	-90.624061	20.509714	-41.786218	3.134798	-30.686085	-12.798293	217.049893	46.612490	-10.742703	-251.712111	125.922901	43.054539	-26.379308	-73.465104	111.499371	134.982158	-2.694948	264.078410	19.031469	166.027418	5.057725	-209.392996	-14.526981	-10.275306	-28.191551	-167.333311	-17.203003	-7.122723	-87.824585	56.103760	-78.093344	6.317355	-76.511168	-89.728111	175.173668	-7.628258	6.195157	-281.286892	40.430553	-8.060296	-2.804465	52.422670	32.872448	150.487511	-2.248120	136.015498	1.813605	78.115368	-0.953424	-250.415241	-13.019590	-36.057642	-13.915019	-80.743925	-10.631045	6.062446	-60.835728	94.226218	-61.319647	26.253115	-116.712398	-186.789902	-32.062381	-16.742055	-0.696278	-182.281433	9.335739	50.204779	-1.605137	120.710862	18.134754	101.066889	-0.921267	13.304233	0.220154	-4.790305	0.040637	-239.028815	-9.027043	-2.349768	-3.706405	-17.755272	53.478111	106.092450	-19.335022	141.872754	100.200536	44.490156	24.538061	-167.262998	-37.889060	2.131510	-7.106757	-42.109957	-11.382070	62.051281	-13.822490	91.828399	11.494261	40.171887	-6.361802	-63.403467	1.961668	-38.900299	-0.300786	-98.387617	-1.210487	64.813230	-1.029272	66.623461	14.144405	111.879758	1.723399	104.870520	72.365278	25.855064	53.165769	-78.934047	-36.429912	3.547116	-15.084222	57.786109	-21.097380	14.832734	-37.202978	72.767645	8.288173	-27.701392	-24.901864	-43.399611	18.778732	-26.770572	-3.142257	5.857777	4.889261	70.992788	-0.994386	46.973610	1.420358	53.232361	0.399852	14.491414	7.079979	0.774522	9.446183	-46.524989	-77.701281	-1.270703	-6.201883	53.105091	-24.260450	-22.396351	-10.536391	24.209765	76.361923	-51.643797	-47.112384	2.447247	71.030592	5.199101	-0.903851	52.295094	33.786376	60.231793	-0.320107	10.888928	-2.498181	15.833984	-1.159124	-11.295523	-8.498906	-1.935896	-1.007840
-258.243127	-525.480685	-49.855326	-17.449223	-184.963026	-310.971064	-6.281884	-30.354881	-172.814825	5.428632	244.837105	-35.163416	395.502087	174.096225	305.229221	0.977444	-153.019869	-34.496068	23.131621	-33.041842	-414.450880	-103.898246	-18.015577	-88.956175	-31.526969	-36.562955	3.780558	-49.703528	-88.957646	177.230281	23.161244	6.534691	-212.132332	168.552439	101.525747	-20.301311	-99.481524	105.632116	180.939700	-0.729541	124.592420	11.585335	141.219428	2.286884	-216.360772	-6.844856	-10.861798	-22.963860	-152.957061	6.352740	-13.002546	-62.793889	2.234241	-114.898254	10.270039	-95.979690	-56.330371	308.220261	29.766646	2.083427	-201.270377	107.796720	47.874113	1.096475	29.495870	33.967976	130.069375	1.285721	61.411992	-1.967939	49.547230	-0.177423	-208.357983	-2.047717	-25.624330	-9.065402	-59.585829	19.735821	34.285475	-18.606409	61.669190	-73.075847	21.007558	-87.409603	-128.578399	56.352449	-5.273047	2.918030	-115.001976	26.219947	68.223080	1.506376	81.078217	10.994904	77.909412	1.762577	-11.363032	-2.970715	-13.521406	-0.012912	-163.305317	5.135685	21.996787	-2.837281	51.432362	52.847597	82.025263	14.524437	133.752220	100.258582	31.104935	78.715578	-126.744220	-15.949824	4.391091	-3.684435	-28.930003	-0.790358	57.866587	-7.419808	39.677073	0.741922	24.030393	-0.387184	-49.427865	-0.022277	-29.220685	0.270672	-75.822422	7.455976	61.083262	-1.412713	68.379957	15.857609	73.308837	8.726029	140.274332	115.458358	14.641480	78.916200	-47.373303	-30.501733	2.802611	-11.836999	27.617588	-25.871381	8.613130	-25.114108	29.039602	-16.344217	-25.128428	-8.844317	-13.984342	-0.264158	3.872376	1.186352	-12.024993	9.678567	84.156004	-0.574736	31.147557	1.720092	40.226065	-0.211419	57.315409	30.990497	1.309992	19.220264	-41.977322	-75.058407	0.474780	1.553666	5.596056	-30.524303	-13.991085	30.308059	-33.935681	-5.565048	18.132387	6.016902	-2.816921	14.342872	92.861833	10.977719	-0.401144	13.150132	59.039165	-0.136172	3.239970	-2.224604	14.330289	-0.855427	4.403149	0.516465	-1.270036	1.743806
-34.792058	-21.250479	16.217374	-11.793214	-9.889782	32.396423	17.175202	-7.300386	3.366055	64.896837	1.695040	25.915396	57.519001	22.534522	0.977444	45.412268	-38.732699	-2.387656	-0.354795	-1.007075	-92.381155	-17.958995	-1.368432	-12.131308	-37.516283	-14.393380	-1.977631	-5.324655	-2.409435	5.104323	11.730769	-8.507886	-52.198929	-23.504093	-3.540896	-6.129929	-3.487335	2.335978	10.823690	-1.820537	69.537536	4.008200	25.733219	1.879182	-22.399934	-2.443567	-0.046043	0.134344	-53.174308	-5.494309	-3.084818	-6.706861	-27.633704	-30.297039	-4.296046	-9.559172	-13.887349	6.320084	-1.817869	1.130503	-56.386495	-4.660171	-8.631951	1.141149	16.103250	11.677207	23.274265	0.050620	37.638875	3.214858	15.973525	0.067593	-30.119379	-2.215598	-2.905705	0.095300	-20.292589	-3.442646	-0.032825	-1.727336	2.397377	-28.323360	-3.305017	-5.409732	-37.803735	9.616705	-4.085608	1.002104	-28.832079	11.975864	13.829552	-0.229511	19.809802	8.138103	22.093955	0.409912	9.893891	-0.396804	2.609596	0.110492	-20.784089	-3.738774	-1.002513	0.566798	7.125198	4.636641	14.125856	5.368709	32.392743	2.096918	0.502654	27.707785	-32.950174	-0.736069	2.511553	-1.265305	1.693125	6.566440	10.738920	-3.951057	13.497946	4.224681	6.492915	-2.058384	-8.404652	1.063016	0.381033	0.004849	-13.310414	1.379497	17.073623	0.700790	11.573220	3.497290	13.328480	5.277996	40.241134	8.324963	2.064275	24.226993	-7.486128	-4.163262	1.730767	-4.691121	17.191298	-0.808934	0.847837	-10.237046	3.885321	3.735878	2.383619	-8.357341	-7.941198	4.174983	8.908081	-0.485015	-7.532600	3.198520	8.609741	0.169355	2.211634	1.305663	2.925870	1.939617	12.525975	9.817419	2.466997	10.425361	11.802018	-7.573180	-0.039808	-2.067345	9.691680	13.464618	-0.947075	-8.881469	-18.810531	21.555065	-4.761575	-15.969123	-4.546390	-1.783220	-5.319411	-1.899682	-0.795353	-2.075449	-0.236418	0.075122	0.402947	0.095399	-0.043661	0.128274	-1.048405	3.374015	0.310605	0.777992
35.213977	-891.723334	-39.168106	-9.413494	26.079206	-671.586996	-148.760686	20.718003	-696.944858	-588.014291	-313.633893	-51.152986	-517.124608	-155.739694	-153.019869	-38.732699	1776.544162	248.490380	62.041867	237.031210	1030.411668	60.588571	-11.535546	333.095724	-212.568148	-118.897237	-23.261636	-18.987417	263.554136	21.988410	98.703903	35.125447	104.057877	153.518094	-75.567218	61.650395	-294.126270	44.233668	-237.810603	38.911233	-90.267474	14.929780	-90.585489	9.764186	800.441487	-14.320081	72.724888	123.019529	137.477280	-57.967166	-20.456154	317.749297	-227.899661	-100.447681	-36.376039	55.663704	286.208661	321.593811	107.905780	26.586901	63.376911	102.846563	-38.249763	24.068543	-116.324313	12.093530	-128.241064	17.706246	109.496426	17.455402	20.155265	2.170099	713.804674	41.618030	86.286393	53.235136	-134.893199	-7.054570	-144.551354	279.291680	-187.524534	19.438057	-65.165618	319.518176	125.706793	30.076278	21.248385	-0.734121	28.774221	-57.360154	-35.257811	3.119320	-11.647785	-6.534110	-30.925863	3.684571	242.036209	13.728615	103.483534	0.052183	501.925004	-10.244771	-15.196519	9.684100	-321.105874	-73.833011	-260.503398	43.164592	-100.859212	30.768638	-35.902479	177.584641	61.267365	9.449898	8.738559	3.271988	-25.565363	-24.263175	-1.031756	5.139914	87.410204	-5.470469	44.620505	5.209924	283.122625	4.136095	163.966925	0.223771	72.145530	-34.147952	-150.542012	3.046134	-231.811904	-37.347334	-206.827604	-3.737951	-144.617304	-113.906676	26.509630	-15.820401	30.530687	-3.588356	9.638254	8.536585	2.291958	-35.530245	46.599971	-22.203702	75.818940	-12.474025	168.799707	-21.607982	137.766433	-38.971672	93.303459	-0.207721	-153.725174	-32.163220	-198.029891	1.427938	-77.437473	-9.093481	-70.653858	2.053400	-104.029640	-63.525313	27.203693	-25.019144	85.871682	72.226470	11.255490	36.525091	71.184631	11.595891	98.640903	-31.899138	59.593231	-366.868210	257.512076	-57.407528	-102.410012	-501.939632	42.534770	21.399279	-223.278281	-83.803141	-135.596534	0.265050	-8.379461	8.219025	-14.623441	2.644862	1.404455	7.261727	7.897098	-0.533364
109.820630	-51.386070	-3.800134	11.852334	83.847086	-78.694381	-12.309036	17.618487	-83.970073	-104.672234	-62.442279	-2.934269	-83.923813	-24.164655	-34.496068	-2.387656	248.490380	147.923030	5.910588	36.670411	1.838391	71.727425	-17.395807	58.554601	-109.870293	-42.563928	-6.239852	-22.005403	83.594241	-99.058656	8.341903	-6.198234	68.949906	-53.057223	-19.351015	9.345013	-73.030707	-31.790900	-68.026459	-0.333119	10.993570	-3.151081	-23.266923	1.911683	185.718843	22.864531	19.340785	25.054146	-54.712432	33.319273	-14.843821	65.711794	-75.832603	-16.220301	-13.932859	-3.763360	157.186183	-2.052903	27.663573	-3.358383	0.374388	-20.572765	-15.955686	0.755347	-85.090270	-12.999356	-57.137439	-0.818958	58.328327	-1.215042	3.675718	0.600805	202.785439	8.438921	22.270292	12.166499	-66.153324	8.150634	-55.054224	53.584795	-40.667366	12.975062	-21.900542	71.118157	170.373913	29.340576	23.893435	0.211302	-54.884278	-13.844478	-25.565380	-0.526413	-52.832884	0.046652	-28.786107	-0.320628	100.980008	5.768204	36.028264	-0.132076	140.268550	-1.443447	-15.254913	5.042504	-85.071737	-14.874472	-88.117951	13.278525	-4.287768	38.561959	-10.281894	23.631295	152.267503	32.101700	8.499361	6.857417	-91.739830	-1.771204	-16.841042	-0.837023	-5.428769	-1.540049	11.119139	-1.290667	109.635298	4.289452	46.810163	-0.491181	8.704069	-4.232445	-73.076214	1.551742	-37.910791	-1.440283	-65.896374	1.448376	-35.378701	-2.438263	8.501607	-14.010302	118.565294	38.832373	3.535222	20.205903	-91.069835	7.366081	10.891358	-10.212944	2.511869	11.250309	56.737516	-13.706932	35.863178	1.800027	9.575070	-1.065461	-46.245772	-2.381953	-85.735165	-0.123277	7.436554	-0.005604	-13.332239	0.584451	-17.730986	-13.469254	9.030325	-5.858685	114.657013	78.651728	2.907215	36.601612	-28.614477	100.863239	32.612881	-36.683193	-16.493729	-92.236915	60.688278	-66.242654	-50.599111	-118.104042	-60.065035	7.893227	-59.139002	-8.072130	-34.341944	-0.095734	9.277408	1.979247	6.384331	0.405836	1.071951	3.578710	2.497372	-1.638215
-30.190463	-105.061849	-0.669978	-8.145597	-15.041571	-64.234616	-9.694235	-0.040112	-69.500925	-35.825324	-2.741067	-1.257982	-7.748179	10.396807	23.131621	-0.354795	62.041867	5.910588	33.830193	2.568759	13.861926	-2.649599	16.624693	10.093326	-5.211009	5.206105	-1.478327	1.497189	0.898333	2.953556	13.365554	-4.227299	-14.029869	20.568821	10.698994	-1.871667	-34.544791	18.430094	4.936348	1.683774	23.319097	5.972296	16.861192	1.244377	32.980808	-0.075695	21.096319	3.938092	-3.540745	-7.917094	4.052133	3.878333	-7.914645	-18.670047	-2.590997	-9.685738	26.946677	58.332017	11.534463	1.537108	-24.521177	15.084611	6.051810	-0.053804	-16.640834	5.466704	10.767464	0.308666	39.145354	4.271189	18.217301	-0.041614	27.003629	6.159955	9.830180	3.787981	-6.090910	-15.542262	-16.025829	10.727323	-2.987100	-44.795884	-3.468445	-20.935401	10.561833	5.187062	4.039980	0.343106	-22.928234	0.844045	13.385650	-0.215141	-8.505117	1.439185	13.186712	-0.152696	48.014863	6.518422	23.498159	-0.033865	-9.531074	3.725158	-1.725443	1.095486	-20.360105	-6.447092	-16.970718	9.913303	23.569141	12.535457	6.197588	7.022315	8.585611	6.886411	8.796326	-0.555190	-11.981538	1.242292	13.952349	-1.226200	-0.841358	-0.062851	19.358515	-1.217647	36.951125	1.663143	31.420556	-0.024434	-44.509083	-1.912288	-19.391455	0.052413	-11.233963	-1.296395	-7.668398	5.491912	20.990720	21.999062	15.973046	11.661521	28.879843	-0.316619	6.642656	-1.448499	-19.614580	0.380017	10.558307	-5.926893	-5.911167	2.138886	34.203232	-4.896961	8.623489	-3.823026	-1.424247	-0.427848	-40.661160	-3.061774	-27.446820	0.179266	2.090487	-0.541287	3.664758	2.851285	6.601012	7.874659	8.989213	3.206667	56.608634	19.275366	3.946248	8.366681	-26.780712	13.850975	24.346348	-6.349954	-23.991736	-56.839881	23.684507	-19.274681	-24.458112	-47.576987	-23.526243	1.294064	-28.988076	-1.977467	-9.162020	0.031961	4.286620	1.876079	4.207886	0.457380	1.666177	5.674824	1.789998	-0.123434
