789.133706	363.421604	61.633593	69.055737	-10.562297	-0.230726	-21.832766	0.466877	-208.884303	-145.515465	-164.932036	-33.964276	26.810568	-242.317055	-142.138757	-123.389761	237.834414	-46.457355	-13.984132	-103.992449	137.879332	47.309336	-4.541150	15.723907	90.501320	84.759770	4.492518	28.729932	1070.771565	-29.875059	55.271832	1.540999	-53.427731	22.354503	-1.692880	4.385485	-225.498300	3.134102	-64.097626	-1.376284	-60.966947	-67.215889	-76.063744	-2.096379	39.548196	-50.315132	-45.844547	-11.412153	12.323966	-145.285216	-24.850262	-45.104592	107.947218	-93.999705	-2.722090	-79.804887	626.614384	-193.436707	26.058592	-148.403966	-29.974781	38.023402	52.887986	-1.630822	3.453510	4.071867	-43.997403	32.789626	38.788014	-95.614032	-117.856676	9.844826	14.877292	-24.775757	-24.805748	-11.073881	-136.042166	3.834529	-23.109176	-17.183352	-141.981369	6.722106	-10.487604	-73.787060	269.497476	-63.896780	-5.998857	-116.605269	18.190155	-75.106233	-78.159096	-40.449448	-27.947024	-92.221748	-82.345045	20.144651	141.775295	-29.751225	-20.779909	43.198419	102.714448	26.767668	16.865971	-20.572879	-178.937666	-8.748336	-15.029522	-18.882517	-109.748912	69.337909	31.163085	16.464574	149.537226	31.922016	-23.730246	-26.388012	-79.447011	-45.849198	-77.498032	-53.549383	-88.306727	-99.317145	-37.692791	-86.501328	160.263330	-72.789204	-5.427624	-48.949419	48.813360	58.067438	-10.532988	5.761974	-116.865311	56.464878	-23.498983	-13.775060	-22.763371	28.601568	43.356291	-1.049898	22.490034	4.048190	-6.543577	28.488120	-68.996907	-22.859035	-11.455087	-6.809926	-21.486819	-44.028379	-6.504846	-43.791403	158.535388	-111.900637	19.293877	-56.999803	17.746286	69.535495	-38.602861	-5.107045	-75.188416	106.784652	-32.354469	3.621327	1.390187	-14.983824	-8.486507	-0.673934	34.469122	26.920291	6.132881	30.342305	13.410678	-16.239427	-10.010621	12.796217	48.274801	-9.988812	53.497535	-4.913332	155.374185	-70.950039	61.136005	-8.623986	-67.869215	-71.369760	-119.269813	-1.439152	-74.645671	-16.873462	-35.110310	0.729102	-4.657809	-4.193228	-1.111448	0.098558
363.421604	236.327898	25.666728	31.774414	-8.460147	12.674024	-17.286694	1.389105	-106.795290	-66.902031	-109.882605	-17.307755	19.762648	-124.663657	-81.476883	-73.257496	117.074747	-15.794467	-8.380678	-58.661844	84.505990	13.434091	-4.652106	9.717539	31.315108	22.566073	0.464523	5.515320	653.603317	94.887198	20.329289	21.111526	-21.214136	11.302906	-5.728588	3.505076	-147.364908	-9.649611	-43.034756	-3.431745	-27.778038	-30.469840	-44.314047	-2.780324	1.960161	-22.137526	-31.222200	-7.305901	2.997354	-97.800642	-19.367389	-14.795678	22.862696	-71.177767	-6.083924	-61.830108	416.704300	-133.491250	5.178320	-85.144704	12.948415	33.134450	20.984301	2.414336	-30.943625	5.897985	-10.575491	7.756672	14.432790	-46.270329	-52.830870	4.122255	-12.285488	4.591474	-16.247224	-8.594816	-75.577968	24.722497	-10.812718	-0.191627	-121.543013	15.385516	-12.287371	-38.921601	134.055970	-44.593458	-8.958730	-87.397811	22.884460	-23.982026	-39.604643	-20.575578	-24.229050	-42.488393	-36.914969	-5.182018	71.934589	-21.168867	-9.957272	11.451957	30.058161	11.483579	17.541324	-9.417230	-118.686984	-6.573099	-3.519764	-7.066834	-42.096144	20.926616	-23.506893	24.228715	41.292070	51.656482	-14.875220	-32.902303	-39.042746	-19.577425	-47.302981	-31.884375	-42.809047	-60.010571	-27.369514	-41.384840	84.761422	-58.230718	-6.102284	-48.374520	32.388010	3.432287	-0.288092	-10.787742	-77.785830	-15.231532	-17.742561	-13.429714	53.975372	-12.552346	-3.148433	-0.895859	-27.726785	8.110942	-5.923974	-8.924092	-35.616166	-16.948178	-9.357358	-6.858801	13.820690	-20.236476	6.794374	-15.138405	73.935470	-53.855921	16.809797	-26.013100	-14.680216	64.889651	-31.291936	-5.154057	-41.156238	78.735359	-0.434623	-0.187102	21.424631	9.418516	31.156365	-0.321646	15.232973	40.189079	8.579558	8.533649	18.727859	44.925193	23.312428	5.327717	40.863228	36.699825	78.667607	-3.970113	26.821755	-39.946302	9.280818	-6.099242	-60.261890	-5.933936	-89.434036	2.941409	-30.545620	26.617280	-10.795874	3.693471	-0.666264	10.031550	5.568878	0.308918
61.633593	25.666728	9.109159	3.210776	7.573916	5.222808	2.351341	0.340157	-13.015720	0.957164	-12.209165	-0.688038	7.072495	-13.694139	-12.941592	-4.028375	5.429625	-5.721079	-2.045262	-7.993067	3.398517	4.725687	-0.188476	-0.015341	6.607236	7.499364	0.297060	1.771776	69.688246	-2.544942	8.285762	-3.448532	3.900536	1.864306	1.073935	0.672686	-19.954795	4.485800	-6.557638	-0.224834	-7.031809	-3.145733	-5.893843	2.293982	-3.517345	-0.742618	-5.049484	0.923774	-3.253421	-3.798817	-2.027388	-3.237126	8.583324	-3.219981	-0.143074	-2.009148	39.788416	-11.890347	0.511831	-13.071040	-0.200394	2.743567	1.977130	0.963725	-3.121051	6.642070	-1.508055	1.277106	2.330112	-0.723945	-7.356439	1.255186	-1.580775	2.614894	-1.147049	0.073786	-10.427250	5.584620	-1.874550	0.207303	-9.995365	1.877616	-0.690360	-1.253739	27.161389	-5.370580	-2.894626	-12.076669	-2.304292	-5.563837	-9.676849	-2.310004	-5.996348	-6.315906	-6.439602	0.204030	15.728820	-2.109387	-1.378946	2.188253	10.432244	1.361405	1.030568	-1.668811	-14.596879	-3.397897	-1.808831	-1.473905	-2.013671	-0.226645	-0.383308	0.683305	22.365952	2.623474	-2.116531	-1.013070	-9.875267	-2.957665	-4.668605	-3.347679	-10.118234	-5.810785	-2.507998	-4.822133	11.810780	-4.778051	-0.160426	-5.466748	0.494352	4.977026	0.262125	1.299341	-11.897128	0.296588	-0.820702	-0.323010	5.801919	-5.130030	7.578939	-0.281648	12.637984	1.206398	-0.418432	8.423684	-5.104219	-0.846783	-0.136475	1.019209	-2.383064	-2.831541	-0.019834	-2.910658	15.804411	-9.776623	1.375118	-5.977872	-3.063961	13.285426	-4.504688	0.473317	-8.482871	17.691688	-0.343146	2.042604	4.078314	-0.912172	4.537720	0.033728	5.245680	4.054701	0.678036	5.904648	3.684536	1.295300	-0.158607	2.385920	8.383412	3.273321	5.243958	-0.877799	20.751578	-4.296034	3.012294	-2.198927	-10.015127	-3.588850	-12.650442	-0.361495	-9.465554	2.800910	-2.788732	1.026660	-0.196075	1.195260	1.397790	0.102170
69.055737	31.774414	3.210776	13.517895	-7.653326	-3.207386	-4.685896	0.379279	-16.599089	-23.745939	-18.809885	-3.822123	17.780709	-37.809686	-18.274680	-13.134921	31.173530	-17.856812	-3.682442	-9.789848	9.643439	-9.495456	-1.401909	-2.694732	2.368192	-1.979878	0.028825	-2.859624	113.113913	-1.809893	3.254240	6.928640	-13.470488	3.822599	-0.665907	0.798334	-23.135239	3.294691	-4.036606	0.736900	2.869180	1.416152	-7.157752	0.614605	5.169345	4.140199	-3.778810	0.322731	-1.438074	-7.786603	-3.073491	-3.079399	-6.183110	-12.792297	-1.026680	-14.275015	71.405356	-22.365723	2.937237	-14.416598	-7.398924	6.856692	9.886531	-0.641794	-4.924256	7.684321	-2.856138	4.062158	5.477332	-1.725105	-9.506155	2.733206	-8.767560	7.187434	-2.149692	0.092296	-18.041434	14.667087	-2.756145	0.767947	-28.102733	3.618475	-2.529958	5.100836	20.925588	-7.049856	-0.936597	-8.884198	-2.804586	-7.747425	-5.926730	-4.650533	-4.579633	-8.689158	-5.252791	2.142510	15.043017	-3.612211	-1.436706	4.059897	0.479394	2.602442	1.057335	-1.543073	-22.178380	1.877692	-0.752989	-2.027128	-12.356051	4.954848	-0.142217	12.192135	-2.153007	-0.370562	-4.996672	0.065471	-11.299608	-6.033632	-10.991613	-5.782555	-8.966059	-12.275340	-2.689035	-14.882793	19.467947	-13.569067	-0.519904	-6.840024	6.660202	6.365645	-1.562992	2.930997	-10.240633	9.498220	-1.822896	-1.149795	4.301129	7.046149	3.899357	1.057265	-10.532371	-5.060821	-2.466063	2.817897	-8.558720	-1.301459	-0.610920	0.645639	-2.169373	-5.906432	1.195180	-7.529908	12.956366	-14.400599	2.661889	-5.897854	2.919479	5.620186	-0.475752	1.365987	-7.126812	17.496766	-5.226436	0.597005	1.077833	8.328288	0.649278	-0.111404	-1.300450	-1.224192	-0.807240	1.355762	-0.526088	-1.139735	1.178417	1.274802	0.705087	1.474521	12.153895	-1.061123	4.356211	-4.278168	13.047146	-1.559183	-10.757797	-10.767900	-9.238118	-0.604188	-8.852618	-4.502760	-4.466931	-0.291732	-0.455288	-1.084809	-0.844539	-0.050252
-10.562297	-8.460147	7.573916	-7.653326	636.867356	184.606841	185.306972	12.193045	383.878307	745.672634	196.970288	124.106783	-407.608839	336.621935	-168.278206	290.422768	-249.772443	-121.825322	-44.275477	70.716166	-135.251717	-13.552974	-1.769959	-45.134465	-27.039980	18.167338	8.446012	-27.371638	-48.619059	20.845250	-1.956120	-42.056365	670.166505	56.379963	69.864517	25.110105	294.319508	108.753667	-18.185656	54.581698	-193.206737	3.704006	-68.086488	55.391163	-22.869521	-41.569602	12.926013	74.179380	-107.718400	0.485047	28.465707	39.665292	-34.110966	13.231263	13.531771	28.851324	28.323603	27.025294	11.070688	-119.595196	427.521691	56.034848	-79.423133	37.186193	137.488680	92.527368	-149.933496	43.053715	-142.505271	75.533986	39.674741	-11.102270	-15.667967	30.235921	33.717714	45.923889	-31.485807	31.092111	25.386193	26.042278	-61.486483	47.460107	27.384774	27.248559	85.220253	86.933333	11.247809	-67.019112	28.993072	65.779489	-149.190011	44.823069	-44.254427	116.710163	-81.856102	110.078344	-196.041832	91.364148	30.152890	52.018613	70.934986	23.722423	2.354945	17.460083	72.705528	-17.082899	-23.116244	5.571947	46.377890	11.372588	-44.579185	-3.029469	48.990937	106.846524	-3.020408	-1.388601	-118.904176	122.149234	-15.748467	43.241715	-71.983985	164.656519	-4.314583	173.800051	-156.742107	147.687117	-4.095388	101.151095	25.243534	42.917435	-1.479108	28.032360	38.703746	-35.993806	-33.487610	13.462054	49.720722	58.735221	17.264299	1.787237	-52.796866	122.427518	-6.817447	-6.758787	-80.900618	32.531976	-18.513699	-0.352069	-11.045428	55.137709	-6.881759	45.419179	-92.832053	93.567013	3.480681	8.582884	-40.076267	18.340387	-4.752937	31.061595	44.313211	24.067412	14.118033	13.857567	3.724725	30.256323	23.914784	1.900217	-78.406131	5.728634	-4.575526	-17.399768	-43.313909	32.098402	-11.224340	-3.860183	12.802380	122.607213	14.735795	-4.104951	-121.699001	39.376638	26.166438	-12.781124	-21.989166	6.748436	2.403035	-3.290900	40.176179	36.905893	8.011492	7.845218	-2.648405	-0.613545	11.755038	0.785881
-0.230726	12.674024	5.222808	-3.207386	184.606841	133.402112	74.526313	10.594752	29.921292	315.132545	-12.307534	63.200121	-118.336725	75.761448	-77.909401	42.822661	-91.659511	12.506471	-0.740262	-36.797750	-25.552450	10.927025	-1.647302	-3.009515	-3.365811	-12.837354	2.395872	-7.012195	41.832008	40.270367	5.853361	-26.140143	155.371093	30.919024	29.858491	7.781768	-67.027429	33.074333	-14.114490	9.761213	-32.637495	-10.902278	-36.760995	19.726875	12.502383	14.491922	-3.687618	17.646669	-33.610970	-3.633102	-1.354321	14.204840	-17.536671	-15.750576	4.578199	5.142739	66.413613	-16.746164	17.487476	-63.177566	85.158556	35.668766	0.903274	15.156245	-53.361099	32.365197	-24.626528	2.098301	-7.656266	4.429576	-5.888568	5.840933	4.857409	25.212635	13.839649	16.124263	-64.285800	29.882160	7.306243	6.191620	-62.750441	29.999919	19.502617	16.858946	42.203838	32.935372	15.640870	-34.177799	-3.666493	24.509668	-39.940795	12.685642	-65.415218	26.523855	-18.636106	-3.243923	-25.237543	17.415081	11.809943	-12.783022	42.790935	10.133476	11.008530	4.246611	-56.790871	1.149000	1.780229	-2.352089	-15.595235	11.940600	3.015953	-3.885403	14.560893	73.466784	0.287281	2.898463	-51.671952	44.499931	-16.397584	14.956389	-26.868551	60.673152	-1.752646	28.594388	-9.381017	41.999296	3.665608	-18.658036	23.052654	6.709691	10.334925	-6.676104	-50.895358	-3.744423	-5.172056	-3.921939	22.605299	2.436209	-14.556730	-1.205931	-31.595866	49.376275	-4.584740	-3.731603	-41.867756	9.417764	-9.967587	4.770327	31.340798	41.222488	1.870634	17.144171	8.952277	37.405349	10.574402	-12.809248	-37.951390	33.833598	-3.682144	6.130238	-23.042491	11.171284	1.818509	6.355510	27.841698	5.412281	6.882044	0.870172	-23.538127	-5.414542	-1.038699	-5.456753	-3.567692	1.442495	-4.012489	-4.615087	58.550773	75.111314	44.384172	-2.170070	2.915540	34.989076	33.599060	-9.159896	-87.848925	10.543038	-37.084180	1.358586	-22.588374	33.674224	-0.078842	10.477868	0.444305	8.896089	15.362396	0.947251
-21.832766	-17.286694	2.351341	-4.685896	185.306972	74.526313	133.408629	-0.206361	30.640733	303.214793	165.261546	20.323160	-157.119545	153.455553	-42.301087	112.207053	-71.376887	-56.778678	-8.780702	47.410265	-53.582051	-11.647339	2.126599	-14.543231	-14.721952	7.627029	1.454748	-7.370911	-61.540731	-27.289858	-0.207068	-23.706435	308.611067	21.073876	63.287360	10.912258	33.004951	28.471774	27.413458	0.735694	-83.664122	-4.921353	-5.640784	8.095839	22.772309	-32.063672	9.953979	40.832310	-31.640636	-6.682700	10.673014	15.258306	-31.572876	-10.259717	6.216815	15.917717	-38.942803	1.028146	-0.923625	-48.740643	219.498672	16.995751	-30.737340	28.099533	-2.565985	54.529667	-17.379601	15.485972	-84.816381	30.684923	41.499065	-11.880343	15.108469	6.107470	19.936782	21.917038	10.421093	19.437562	9.892330	14.510983	-48.884967	17.136968	14.600561	30.797037	20.066702	54.374974	9.754883	-11.286935	9.495753	38.456554	-62.514000	41.238077	-58.054179	50.947602	-26.030294	47.023214	-113.211885	32.910202	18.852617	-0.420348	35.987140	7.696547	10.276007	-1.274472	58.606027	-4.900628	2.372917	1.715503	-3.987275	-5.189593	7.359218	-1.922680	23.674773	57.459333	3.288513	11.794686	-66.957615	62.806217	-2.003273	30.961842	-43.130321	96.340729	8.458689	95.360225	-87.220704	71.387124	3.674427	41.431260	5.408512	13.282517	18.440711	2.999168	30.618963	-13.557723	5.653389	1.485561	0.882447	-9.634470	20.088641	2.557217	-32.572700	54.643757	-7.408489	2.660672	-51.218375	21.085320	-6.137699	-2.684911	-11.228983	27.658038	7.108426	23.416883	-38.448892	36.391855	28.250941	16.660301	-42.835338	1.089955	30.440718	7.346373	-7.943910	12.543743	8.840967	5.885062	1.518693	-5.414189	12.583706	0.503607	-38.429303	-17.978899	-5.141390	-8.597332	-22.174011	31.279539	8.065563	-1.912585	6.353363	102.007986	73.094499	-1.342939	-64.957147	38.248635	102.895706	-7.763807	-125.260978	-11.231262	15.633851	-1.673708	-26.732381	8.775157	-2.215642	3.377262	-1.305707	1.456556	4.970793	0.388417
0.466877	1.389105	0.340157	0.379279	12.193045	10.594752	-0.206361	7.713703	1.181745	19.541201	-12.854424	23.269061	-18.181416	-6.681462	-11.930735	-1.987571	-18.263877	5.432755	0.483556	-12.924410	-2.120074	4.691247	-1.004773	0.662045	11.377037	-2.750070	3.485459	-0.429331	11.952331	5.761709	1.530749	-2.528032	-7.136557	1.037416	0.796759	0.990052	-11.407002	1.153022	-1.905362	5.813104	5.058577	-6.086626	-5.786084	5.423589	-6.110903	2.236734	-0.490832	-4.445986	-2.435584	-5.642709	-2.178990	2.735841	7.721094	-8.748625	3.519022	1.730005	24.362150	-5.370168	1.530852	-6.287689	-7.359928	-2.554419	4.707945	-1.584490	-7.019294	-2.880632	0.847188	-0.548996	12.583404	-9.308909	-6.040870	5.077106	-4.123616	-1.792665	-2.734860	1.691090	-15.641244	0.152104	-0.109035	-1.663260	-9.635932	-4.948030	4.800569	3.469827	1.082569	-2.756442	1.668684	-0.066464	-9.276936	0.503535	4.003146	-2.246784	-15.783048	0.473865	2.501660	-7.106949	11.075299	1.436819	-0.807977	-0.014085	-1.493199	4.721429	-0.608446	1.403499	-22.127220	4.802088	-1.454033	-0.453418	-7.692189	-5.468524	-3.583286	0.621887	-2.640885	0.736913	2.268492	-1.472194	-10.014768	0.340245	-0.164087	-1.226205	-7.803900	-2.165641	0.147509	-10.623099	16.057345	-9.868556	-0.030058	-11.182700	9.518365	-8.063835	-4.005474	-2.297317	-14.051802	-9.611681	-2.803669	-0.880772	-0.559403	-10.454893	0.458786	-0.387408	9.590230	1.793862	1.533373	1.826039	-2.012439	-1.464447	-0.858994	1.124492	5.732291	7.446954	0.351498	0.818200	8.117379	0.461023	0.405502	-4.739370	-1.595876	0.915095	-3.883342	-1.364571	-4.172991	0.956539	3.600419	-0.472291	1.172244	-4.015655	4.854263	-0.081057	1.861698	0.563435	0.719370	4.220665	-0.149959	-1.933508	-0.311756	0.268991	6.248749	5.421511	-2.604096	1.387618	10.736110	10.745695	0.336177	1.213602	-8.117503	3.074734	-1.836936	-0.925031	-5.244087	5.407563	0.790710	-0.278095	-0.319844	-0.109763	1.359833	-0.092550
-208.884303	-106.795290	-13.015720	-16.599089	383.878307	29.921292	30.640733	1.181745	1322.814221	565.830870	231.702991	121.488355	170.835686	508.521067	-108.904847	375.319951	-595.843122	-159.338201	-111.281753	140.106872	-338.961627	23.334835	-12.944714	-63.674662	-201.503522	18.524948	-8.773968	-57.828872	-394.980427	-4.225781	-32.548717	-6.933690	355.984063	8.255817	-1.054590	-2.108850	837.437656	73.271313	-33.237090	85.542401	98.701526	112.002663	-59.875543	92.148467	-186.624272	106.139377	-3.623350	76.964437	-137.958524	174.191907	20.539379	104.133571	-86.463776	58.653686	-44.278539	89.324708	-271.862308	199.312295	-0.063472	69.386027	161.614981	40.456659	-50.534895	-4.210207	285.660642	13.189186	-225.780946	34.302687	-48.324316	96.264944	-36.069464	21.919033	-86.435002	29.382702	-14.331777	64.589648	104.979749	13.263576	-26.976474	65.658997	153.860813	-63.763705	-78.937371	106.839301	-73.198798	84.933813	1.362617	9.793741	8.706124	16.773229	-67.673956	31.067041	125.111586	62.232463	-69.277771	121.804479	-95.949986	49.101335	-35.247810	95.013047	-55.707625	-34.840074	-52.339819	47.387245	201.627183	-57.203372	-59.303211	22.244669	308.181771	-59.653418	-152.861546	70.410432	-16.074665	-47.311096	-49.943716	-5.994107	-39.785176	16.867818	7.271558	45.485991	-68.212278	50.956753	-11.714410	126.075892	-121.500277	104.099427	-36.808776	132.640728	32.244911	38.124468	-39.732638	50.052973	104.972141	-76.476400	-58.353639	20.494762	244.776591	97.061180	3.938228	12.501416	5.724538	-1.792590	-25.156683	-11.715459	-24.034657	1.539012	-18.654336	2.639652	-45.763884	22.378963	-45.380628	25.002251	-149.463716	74.097436	-73.662614	22.186975	96.208212	-45.130762	-18.499294	50.257517	118.123709	23.184554	47.402519	7.616991	41.456277	117.299134	84.963179	0.775374	37.590426	2.877352	-4.043373	-1.745252	30.638212	-32.535930	-55.976181	6.919306	-54.933183	-18.938612	-192.474667	15.351551	-111.871348	26.438178	-133.874895	29.564787	218.704462	84.923266	140.972812	9.400751	110.052702	62.585718	75.831711	3.003949	4.154889	31.028051	17.736556	0.380726
-145.515465	-66.902031	0.957164	-23.745939	745.672634	315.132545	303.214793	19.541201	565.830870	1418.015895	315.962149	153.514421	-538.357395	814.416897	-272.231935	410.117545	-450.106782	-55.093667	-65.139226	91.013891	-254.154747	47.905431	-8.282730	-45.997279	-101.977958	-4.309511	-0.979802	-32.720305	-287.902553	-7.104538	-16.091915	-79.041983	808.389047	81.944878	123.798704	28.065532	274.934061	176.076251	15.343930	52.514963	-233.479117	60.501647	-81.680036	53.526321	19.043100	-28.237096	-2.966296	126.861728	-151.513297	40.353104	-0.653697	87.614389	-114.564801	18.964657	-6.043934	80.200387	-158.455288	124.795103	15.925790	-113.577538	516.125822	91.505942	-63.525994	48.239485	70.876525	144.657030	-144.510130	35.754366	-169.276546	99.529818	39.547680	-21.992467	61.323936	14.009591	29.429277	77.100639	-11.479720	48.465301	8.757356	53.783921	-76.665340	75.405316	16.234604	73.965747	12.807710	156.515233	26.871022	-33.752945	18.388695	127.447026	-166.991507	85.054367	-123.415704	170.730089	-115.544016	127.712541	-238.540061	131.355127	26.343633	32.204080	114.531200	23.094960	7.509877	17.057832	126.053216	-16.301258	-7.497298	19.227679	12.379162	48.440769	6.331672	-13.970374	-62.023905	157.574568	-19.728910	6.183839	-180.538380	181.141735	-44.668775	94.658860	-133.925335	304.185435	-7.409036	240.480939	-243.801315	348.474801	0.315592	142.007644	-13.233835	92.064306	21.125165	21.038381	33.665653	11.823660	2.836647	6.732814	-44.701766	104.544015	-5.302028	3.828634	-178.629724	104.033669	-35.142663	-24.889570	-170.143154	42.637851	-43.632144	9.190020	-18.446689	94.361168	-2.874809	40.548719	-155.544487	114.224937	41.082868	-20.164801	-72.654266	-0.241122	46.159228	26.631300	46.137515	-25.238574	-1.225907	8.813035	-26.014229	-7.113336	-24.813336	2.004954	-136.595858	14.711261	2.033373	-37.819704	-106.152595	72.852849	-8.498216	-11.113185	37.180595	285.041579	131.151561	-11.206642	-218.532191	149.678072	208.916532	-44.082641	-245.183785	-19.669898	54.983876	-12.165577	-5.784944	19.376042	-2.086013	13.064724	-12.274485	-7.313318	12.169959	1.827572
-164.932036	-109.882605	-12.209165	-18.809885	196.970288	-12.307534	165.261546	-12.854424	231.702991	315.962149	876.114665	-120.960238	-385.142209	654.662504	432.884152	265.916443	30.543493	-71.437221	-42.127091	485.824721	-79.317421	-175.773630	-12.628513	11.031782	-136.522113	-108.712808	-10.162809	-49.596341	-411.741809	-136.987538	-35.936395	-33.725900	596.727762	-13.013706	129.435709	5.530140	684.670445	14.685730	264.116701	-6.530004	-252.128620	152.607570	180.014169	-52.393511	160.657174	-150.715114	53.946046	133.722753	104.957464	-63.582814	-4.715895	125.838808	-271.890699	-90.590833	-18.384264	28.965835	-247.539384	32.945913	-20.364551	60.925170	527.960431	-19.796554	-45.109073	23.875323	364.184252	93.893913	-0.496016	57.424114	-423.497056	246.266255	225.879470	-79.534530	101.925727	44.032283	36.463201	54.218324	399.904343	24.268302	3.767994	89.930749	-191.203445	63.584838	-60.623198	274.836868	-108.168899	88.980420	57.444979	154.444059	132.123920	88.817210	-22.583471	112.575026	209.763479	75.772072	-85.533688	234.264359	-554.236050	8.583838	-5.570991	20.764791	59.731753	-50.967816	-6.343305	-24.593668	615.358863	-95.257114	-33.449167	26.383245	244.681884	-131.199300	-94.388590	95.207777	-41.092247	-40.657530	21.481856	51.994033	45.018277	60.309981	21.488875	122.322186	47.681479	145.724707	-12.989956	441.869914	-435.011281	203.577768	-15.243944	309.372861	28.593099	7.310401	47.228146	26.776746	427.721509	-136.945097	-9.775454	20.985219	202.183397	-36.802999	208.671126	11.846585	-68.555149	-4.127000	-31.272201	-17.195710	-26.388739	13.160334	-30.400737	-6.014218	-100.611266	55.862728	-29.403898	133.012814	-326.810318	254.655987	-13.191032	222.342643	-45.205073	-9.056984	114.802802	77.813635	124.052935	63.513577	115.207709	25.847856	-5.592905	118.588380	167.495356	0.884458	-145.616614	-108.553038	-19.765592	-35.687624	-108.021121	-41.399221	-30.567203	-8.510381	-166.066268	79.714632	-94.574054	12.089890	-304.034104	122.696345	203.216308	29.152199	-90.924051	-21.960188	380.600260	14.840641	9.640114	-12.868461	54.749826	-2.215074	-12.988395	7.424642	1.108028	-0.192868
-33.964276	-17.307755	-0.688038	-3.822123	124.106783	63.200121	20.323160	23.269061	121.488355	153.514421	-120.960238	259.625965	-89.069098	-193.373954	-182.934167	155.542634	-303.528908	-103.655989	-21.960824	-195.310254	-114.643824	16.744192	-5.346493	-41.445103	9.748188	-11.199750	12.889307	-20.106199	-14.788843	9.128144	1.006911	-34.537680	1.498437	11.595998	-3.195326	1.601929	-94.615674	12.099271	-57.664809	42.855232	100.861336	-91.245594	-85.304716	93.745381	-126.131965	126.701477	-14.118883	-16.529094	-123.556466	98.372396	2.979997	10.792437	0.425367	-34.890993	11.557791	42.336291	99.221473	-16.341168	2.749005	-85.899689	-46.106240	-0.259687	1.530957	-9.203075	-107.367696	9.193342	-6.457762	-10.312365	141.766695	-71.745316	-52.174432	51.779557	-46.525336	21.816148	-17.837227	29.976071	-214.831453	44.668642	-3.495364	13.283173	-39.556227	-33.452696	7.353247	45.235747	132.268632	24.777342	9.962297	-39.665535	-81.420962	-22.666073	-4.860254	-29.500509	-181.701976	6.305311	9.720668	-60.523157	128.609223	12.451156	2.372817	-2.078603	21.443809	4.544368	-23.280503	24.319699	-240.977008	10.830955	-19.284606	-2.126127	-10.316696	-10.228015	-41.183418	6.303176	73.852119	36.518520	18.466391	18.433293	-102.631094	15.398786	2.859557	-12.970469	-103.027565	28.544102	2.992217	-88.482827	120.364327	-46.185828	12.093933	-99.868250	67.113785	-35.113949	-19.713855	-0.188994	-143.886249	-20.307795	-15.196548	0.093919	14.879130	-8.551495	-19.746870	-1.200908	88.383552	29.905198	6.018199	21.716564	-23.764431	5.646122	0.143452	11.531168	45.613862	62.438715	1.177552	-4.635578	93.621055	-10.095659	15.402658	-53.992142	-15.737651	18.646972	-20.614311	-8.525691	-31.572818	5.861156	21.858260	-2.116300	20.409604	-13.870601	15.351151	1.020402	83.046384	64.040300	8.625818	23.150877	27.692792	18.522547	-2.294779	0.039475	65.149779	31.493596	24.558271	4.224577	107.355479	-0.924846	-58.887773	3.303621	-37.317586	42.478389	-97.263653	-3.425074	-14.310510	51.293738	12.903872	0.076015	7.779023	5.535959	10.069941	0.250465
26.810568	19.762648	7.072495	17.780709	-407.608839	-118.336725	-157.119545	-18.181416	170.835686	-538.357395	-385.142209	-89.069098	1609.430508	-527.017101	-176.533653	-90.846774	24.386165	-232.218195	-90.021313	-273.796526	-296.262222	13.882872	-7.964061	-106.232964	-307.800565	24.163861	-19.697409	-99.669249	316.239276	58.842580	27.476942	56.203810	-578.695761	-47.869261	-122.112434	-22.742639	-369.600343	-62.095927	-142.708940	-36.364903	579.361221	-74.279476	-35.838535	31.922414	-114.356870	310.134737	-29.724690	-34.479415	-226.757459	447.119638	43.249404	-56.467547	-80.822319	214.648996	-47.506732	89.506860	299.395506	10.753173	3.658116	59.892799	-468.620798	16.110787	80.623571	-15.285625	-342.805315	-11.341135	124.680675	-82.123676	326.508845	-126.264311	-138.761580	40.354557	43.102262	-38.836030	-46.232482	-10.646474	-277.529949	62.094000	-63.582605	13.979219	171.239577	-95.685855	-44.960417	55.361447	180.531065	-113.775121	-6.918744	-34.906766	30.208343	-70.456251	92.096400	-39.504705	-7.430461	-116.937222	138.490885	-194.407154	408.689265	-122.044741	-65.442219	-71.200399	88.972825	-51.451767	-80.521033	62.625541	-360.295159	5.646453	-64.715912	5.276925	68.123527	0.327175	52.894476	44.145991	160.184607	-55.480892	-9.450522	25.266692	132.102369	-143.642712	0.502983	-53.798351	-0.085677	-200.515556	-0.421353	-271.299876	258.401595	-247.764559	-39.599962	-265.369597	179.378469	34.381556	-66.700049	22.625922	-215.514041	161.091632	24.795769	0.436435	40.689578	4.231526	34.285288	0.206041	189.686052	-71.628395	0.226248	83.514752	138.121353	-27.442620	31.848702	13.528255	5.645908	-81.003240	-14.078372	-98.522915	256.438754	-151.734960	-97.546848	-117.110210	271.731572	16.328041	-105.147169	-24.171894	-78.894963	77.505929	-12.291789	-0.849805	12.653544	-11.598809	24.903804	-1.532006	149.829163	13.634493	-2.508350	54.695644	139.820809	-34.535656	-7.761355	23.752400	-48.621675	-240.503183	-152.874647	-9.242466	333.881735	-209.831212	-396.167364	-0.494820	536.838085	8.870150	-195.976730	18.914306	9.644623	-2.359006	-1.429933	8.687309	8.692141	29.937416	25.046790	-0.543142
-242.317055	-124.663657	-13.694139	-37.809686	336.621935	75.761448	153.455553	-6.681462	508.521067	814.416897	654.662504	-193.373954	-527.017101	1610.691235	346.818887	68.282520	165.840415	548.858613	3.250299	604.545218	106.658229	-4.124200	-7.802306	140.037754	-152.059694	-52.719307	-15.533140	6.708095	-563.910784	-27.337155	-38.640066	-13.351447	582.799760	21.764201	109.999250	16.864179	797.562706	108.116844	208.753999	9.963638	-350.583730	331.972343	149.351549	-136.132435	283.401031	-260.127609	42.096870	109.638898	294.782403	-277.908050	-39.182440	172.392891	-164.434974	29.889144	-41.534871	-12.138915	-470.378487	219.719760	2.363832	140.561486	489.657658	19.346964	-42.175672	41.861731	469.065980	25.566013	-148.436660	62.357234	-412.716453	282.121980	150.780732	-119.397205	113.501293	23.785481	47.871101	-19.361226	698.054409	-60.904001	9.009561	37.182346	53.512708	207.119299	-75.252007	80.204941	-342.630695	123.920307	-0.018322	142.205461	136.255245	115.127572	-65.190923	108.588145	339.747808	161.150986	-167.131888	272.873098	-488.529516	97.798266	-14.060742	84.948827	-10.490100	-7.577627	40.479017	-70.147914	820.168472	-74.439594	-4.298977	15.401561	299.577485	-0.569688	-67.147678	-3.927012	-229.178207	-58.957421	-69.021064	-21.931652	37.429105	137.522872	-15.131526	75.554943	105.031535	240.005185	-24.300138	414.095567	-459.449586	433.913063	-17.866425	446.516728	-198.167542	64.281531	71.688071	20.801626	402.250167	-58.254725	10.681630	18.295390	42.318083	127.511452	91.890687	7.473562	-189.810016	-24.584763	-38.996038	-72.286506	-88.882795	47.573177	-42.047620	-40.887629	-72.895329	15.321932	-27.144110	62.003900	-371.659110	186.847776	23.625632	145.431624	-123.488550	-53.198696	148.630766	51.491670	89.218162	-23.885253	42.786902	6.526047	-64.770166	72.957232	35.633688	-0.008731	-177.247008	-99.002834	-8.584830	-61.708736	-147.410460	5.054589	-19.500124	-9.713374	-72.371228	236.323864	14.963835	3.539725	-398.964299	199.134849	403.181253	-8.202357	-279.603302	-76.802376	361.174132	-5.230963	-26.695491	-37.230278	-3.680619	1.619541	-28.381903	-5.924078	-5.578273	0.727863
-142.138757	-81.476883	-12.941592	-18.274680	-168.278206	-77.909401	-42.301087	-11.930735	-108.904847	-272.231935	432.884152	-182.934167	-176.533653	346.818887	744.389091	-170.339861	335.293137	341.075535	115.506172	348.943368	270.124553	-126.086084	-15.231074	139.101925	-130.092744	-152.205947	-13.570054	-59.186310	-309.470634	-52.137423	-19.997197	8.518123	-23.589031	-42.514736	24.167851	-9.062601	451.317596	-73.312267	256.663098	-29.006356	-66.928326	162.764918	263.314221	-106.428784	185.459547	-104.364434	83.423234	6.770401	333.212845	-163.812483	-14.367048	97.532551	-242.754323	-71.956177	-30.065485	-27.409163	-214.875540	18.989216	13.415716	139.631671	88.991217	-40.711844	21.097961	-10.453610	325.513925	-58.829002	74.036652	19.764302	-282.872712	203.436806	196.158181	-75.874536	64.242213	107.395816	46.935594	-19.679029	457.036368	-6.603395	24.991244	46.026990	-142.406020	101.199077	-77.406999	201.685689	-179.364034	-0.163004	51.451997	143.316795	112.916795	31.413235	92.658182	49.495706	370.472942	-5.244498	-19.690039	142.579607	-361.453148	-50.985126	-5.221335	-15.071091	4.497155	-50.678204	24.920141	-51.711631	560.634478	-95.404804	-4.624929	6.326701	276.421943	-130.330756	-97.426701	93.099580	-17.389068	-128.585082	19.928756	11.546998	178.796376	-24.334752	49.068739	49.456521	291.280004	8.976624	-22.873366	305.470784	-245.072106	76.374769	-9.702332	208.812671	10.667944	-24.436492	56.186532	-20.850584	363.511252	-106.559648	-1.203605	6.132575	246.775339	-41.272259	195.001819	1.746059	58.136702	-70.326951	6.622209	-19.722845	73.087230	-9.996549	-3.363692	-12.515563	-4.558075	32.305378	-24.049036	132.733397	-223.821427	265.170370	-19.907635	220.519209	-103.337777	79.302897	91.813355	42.512042	58.156443	122.288185	105.718459	17.189411	20.960692	155.379426	159.616271	0.415122	-75.912022	-89.229871	-4.162063	-22.280488	-47.619332	-68.203131	-16.725016	-7.940974	-105.735520	-39.215919	-84.407642	11.939568	-197.084841	43.589044	133.693959	41.982086	-82.447823	-25.251239	283.189599	19.306492	-19.503537	-12.481836	37.297113	-1.471188	-10.900296	12.084711	-0.142148	-0.123499
-123.389761	-73.257496	-4.028375	-13.134921	290.422768	42.822661	112.207053	-1.987571	375.319951	410.117545	265.916443	155.542634	-90.846774	68.282520	-170.339861	636.178624	-393.080126	-485.749574	-132.583689	156.862752	-384.458398	-164.997973	-31.725521	-155.407174	-220.295393	-116.361949	-10.918108	-128.536720	-254.635025	-68.346040	-13.622744	-40.428208	366.256308	-0.547813	24.227678	7.705794	252.819169	29.737046	-30.204431	20.886841	-50.141136	-29.239849	-22.557927	96.482995	-73.679582	88.038369	1.223782	154.629440	-247.835400	303.634156	4.173702	64.838721	-314.344226	33.964876	-21.264190	87.671873	-149.387349	58.174646	-17.784377	-8.781453	213.571766	14.753053	-55.998178	20.180959	39.710747	116.217969	-14.194057	13.632052	-83.257458	80.764419	101.510543	6.280723	52.704367	27.887437	7.925973	91.584772	-42.759570	110.731441	-20.229919	106.476534	-126.361107	8.854823	-76.664405	231.550603	90.107103	37.131038	14.503151	27.788290	16.653290	18.091341	-34.722502	39.539960	-59.419115	64.939138	-17.162669	75.636969	-134.434041	31.177123	-1.539973	34.213049	103.679877	-44.367127	-50.403200	39.408734	63.733917	-39.038191	-63.615020	37.498647	99.291675	-23.851149	-41.828895	59.745570	61.998930	9.724722	11.306764	34.123395	-13.747928	38.954983	12.310133	44.344227	-126.245682	72.339997	-4.046415	89.455995	-172.404534	93.085812	-0.735908	97.461332	17.549902	46.606907	-13.331163	71.455933	57.610288	-6.704210	-12.968017	34.232016	25.832274	83.654224	101.119160	8.454963	35.168430	15.227695	-15.779375	10.802132	15.600080	20.685978	-17.120147	8.315242	-47.297385	34.734588	-15.172848	13.331968	-141.761843	44.582923	-8.188011	4.244116	28.414125	-20.015241	18.821294	44.813198	94.073073	-29.547359	49.979210	15.358399	-31.002187	9.853236	22.487517	3.544563	-24.528726	35.402634	-3.487530	-1.461686	-33.580908	47.579327	-11.829837	2.236360	-60.110493	51.096976	-29.890448	-1.257715	-120.755477	6.466745	-43.787899	-9.404227	54.247603	9.302204	110.322644	3.480006	60.501035	-10.997254	38.465366	0.156900	-8.279600	-13.102696	-3.011182	0.593672
237.834414	117.074747	5.429625	31.173530	-249.772443	-91.659511	-71.376887	-18.263877	-595.843122	-450.106782	30.543493	-303.528908	24.386165	165.840415	335.293137	-393.080126	1243.079508	206.033787	90.304807	258.542639	457.546807	-315.419327	-23.150408	48.885403	-206.644651	-180.596966	-12.183544	-133.616479	290.592035	21.095352	9.586515	40.917636	-155.184347	-9.081558	8.709668	4.046843	-105.762404	-19.289515	64.057683	-49.852056	-144.901097	237.492639	140.704651	-198.982391	480.928810	-193.689839	63.991476	-24.099881	275.437173	-133.365995	-12.674791	-19.458072	-388.110254	108.653559	-29.639460	-194.696564	16.348013	-23.836184	13.149333	81.680200	-18.808787	19.973074	88.864807	29.028419	93.196833	32.021325	131.678855	17.654933	-226.239778	223.532647	98.890123	-106.485445	138.165670	47.895772	66.872896	-82.148419	267.597668	104.659915	22.320462	-2.406391	-278.530593	288.793283	-77.623038	55.143596	-268.781902	-71.908026	18.911568	28.231126	94.473886	11.298919	82.775417	29.755152	287.836594	4.343927	13.242009	78.828192	-144.587542	-6.327530	11.664144	-9.964095	135.784785	-4.620612	49.692259	-92.303338	286.175350	-77.387105	-27.602378	-13.467820	81.028682	-4.392489	-17.089744	30.198785	-173.242705	-108.394608	24.541579	-91.728174	143.757359	-47.496482	-42.945247	-18.931754	288.270827	-38.246225	-23.461920	69.444895	-35.337950	32.306996	3.932778	117.107229	-12.396486	-7.370987	30.288229	-22.946288	189.086325	14.665632	-9.072955	-7.821973	46.997568	76.971311	121.312494	-1.111883	-52.269094	-65.544892	13.241498	-59.887472	56.546037	-15.253822	0.335017	-25.868722	25.062987	-56.068459	-0.497485	29.630940	-41.381934	57.736626	-6.956117	103.677905	-61.490218	39.361221	21.357706	12.342160	-18.036933	83.021324	21.015210	1.660275	-19.195496	73.303624	49.568965	-1.446348	-51.954876	-58.858678	-6.795789	-17.823168	-21.183828	-44.542705	13.306688	-0.564547	-45.691179	-15.838744	22.824625	-4.441867	-77.230699	69.397817	180.601364	-10.437421	-82.316524	-74.694593	102.859447	-0.379949	-49.121545	-66.258383	-21.628054	0.308943	-2.871554	-12.942240	-3.333621	-0.685004
-46.457355	-15.794467	-5.721079	-17.856812	-121.825322	12.506471	-56.778678	5.432755	-159.338201	-55.093667	-71.437221	-103.655989	-232.218195	548.858613	341.075535	-485.749574	206.033787	1261.419581	216.629488	-22.097518	512.850359	710.646857	55.485978	360.862481	90.918707	212.893032	-9.130649	263.573324	-101.674024	91.797036	5.244342	19.436152	-170.805469	11.220322	25.140445	4.116106	86.141214	-14.304956	196.982178	-20.997940	-29.529318	68.248687	142.246088	-104.840661	197.366806	-121.967456	21.229965	-120.478482	497.898058	-444.611488	-42.165196	79.438931	486.452140	-79.142333	-25.980988	127.873060	-37.952546	61.088079	72.214031	63.108577	-8.639813	-15.271432	83.322250	6.335186	271.326205	-227.255546	-45.112986	5.525231	111.556743	-149.788942	-67.926978	-31.809463	172.112004	-136.490139	-44.988064	-68.441118	400.331072	-399.971927	-18.667468	-122.345483	499.581783	-113.448136	-3.174921	-292.901446	-139.745622	-57.288077	7.132728	17.152002	165.298312	-62.655247	14.963596	-22.514409	300.768745	-72.478280	-135.088440	40.978255	67.141525	-24.999246	-46.636856	8.753830	-42.148392	12.435391	53.161606	-51.177997	263.503534	-25.877130	63.470206	-23.504558	99.904092	34.440708	53.535888	-123.847923	-4.181433	-87.731404	-29.241646	-26.588680	142.059116	-23.660811	0.220630	-53.104687	234.044453	21.728563	-34.114246	49.629763	-14.148018	146.540286	2.544213	104.072202	-181.342976	37.814495	76.112744	-47.423877	56.685394	45.452660	73.942471	-9.813214	-99.551659	10.738721	-48.963522	-8.144882	-38.885651	-3.473740	17.188656	-6.605078	-23.657203	17.483260	9.465995	-34.108639	77.314250	30.584429	7.321301	13.149571	-32.380222	99.572697	68.602745	48.271687	-212.401163	47.097629	92.196532	-45.373972	-78.602033	-27.781289	-18.758595	-17.858918	-23.386499	-42.741206	-59.609051	-3.002804	-48.516402	-16.283171	20.157753	-15.491849	-39.380718	-28.014562	32.077505	-9.924986	74.178818	22.515574	131.256529	-1.154296	-43.968898	1.925790	252.478708	-2.540558	-348.297549	-57.487325	-16.269720	-14.080106	-74.268280	14.932337	-46.183911	-2.198156	-4.588826	6.262122	-1.937164	-0.118574
-13.984132	-8.380678	-2.045262	-3.682442	-44.275477	-0.740262	-8.780702	0.483556	-111.281753	-65.139226	-42.127091	-21.960824	-90.021313	3.250299	115.506172	-132.583689	90.304807	216.629488	119.403638	-27.955766	179.395550	116.566595	27.424995	74.234920	36.345613	45.350634	-0.208018	59.871926	-41.620405	-14.733994	5.094324	-9.065975	-41.661444	1.780440	12.596414	-0.768225	-31.139196	-16.190924	36.156631	-7.733850	3.529780	4.195608	47.573072	-28.147917	68.383974	-27.711885	30.233480	-38.501642	134.557846	-130.496295	4.555727	-8.574992	97.806343	-51.153558	0.385504	-31.717954	-32.494223	-7.154839	24.114442	-9.654695	-12.768850	-10.462440	16.188851	-5.339610	30.339735	-37.593174	18.176346	-5.814755	28.036239	-3.783908	-0.207608	-11.397788	25.477723	1.858639	4.831598	-20.804402	60.692415	-49.295952	10.648156	-20.887142	37.507539	-3.657069	16.464015	-70.091539	-10.519454	-7.897732	18.172313	-7.862308	9.252008	3.244430	21.947607	-4.142881	53.050194	-6.068237	-7.251497	0.640615	31.741778	4.735837	6.502797	-14.322895	-10.076778	9.205511	30.598969	-18.602339	22.929760	-3.210714	29.321248	-8.424052	-25.658495	6.548598	29.687218	-8.066057	28.279788	1.750404	20.162481	-15.159201	16.299715	-4.980393	12.497168	-12.865577	87.942560	3.687253	-4.694556	2.592813	39.499674	0.558813	14.161658	-14.559313	-13.998371	-2.620028	35.602777	-21.778569	-5.372394	-3.944824	26.230035	-8.375417	-8.387927	-29.054275	-4.683810	-1.301846	24.965263	12.661994	13.140103	0.286099	9.628137	-5.121503	4.950030	-10.527948	39.318705	12.326152	9.771788	13.388970	33.545992	18.657913	30.857981	0.312490	-62.251873	29.202847	23.457265	-17.451100	-38.092246	12.093587	-1.616545	-3.573793	7.712008	-13.976863	-1.968337	-0.356616	0.088253	-5.146867	5.149300	-0.419140	1.360287	-0.329815	14.994514	-2.092479	44.262718	5.864182	61.041192	1.746965	19.789623	-22.376477	58.958098	2.250681	-131.137977	-29.304481	-35.545944	-1.080566	-39.068166	12.833698	-14.060273	1.779971	1.821351	5.910820	4.119345	0.137392
