64.318568	51.155392	2.901079	2.739938	126.592319	116.310382	5.669562	31.990091	-37.324671	33.253614	-0.772470	26.761240	-124.414658	-24.636560	0.059102	-22.486127	-33.929546	26.146173	9.374036	-13.066853	14.405950	52.704460	3.091218	-1.276678	0.197084	1.459570	-5.411878	-3.459031	16.310974	15.559069	-2.090736	1.854772	34.412939	9.590677	0.186677	15.365208	10.357800	-5.954949	-9.435953	29.219707	-38.621304	16.488764	-2.629238	2.272264	-4.356738	10.245806	11.874932	-8.224255	9.081728	-7.860894	-3.567037	-0.635564	-20.985982	-66.220105	-9.487453	-2.860641	-10.803764	-21.055382	1.151950	0.667038	4.670135	-18.054058	4.118591	0.552573	6.988796	-40.278698	-6.333789	10.881646	-4.483810	-21.902213	-9.162514	10.271212	5.466579	3.283105	2.820691	8.334561	-19.147900	-23.936613	-6.010964	0.262053	-17.433708	-61.289715	-6.615381	-5.165868	-3.578976	-1.186974	2.922135	-0.934342	-1.742196	-2.489849	1.303414	-0.216418	-1.266200	-7.906534	-3.194361	4.002143	4.474969	1.124019	-2.234465	13.021657	-4.537939	16.091188	0.239449	10.149310	-11.744809	14.670029	2.181625	-0.587363	-1.403976	-35.010773	0.364758	-14.827412	-6.856612	-14.715901	-1.734355	-6.040956	-3.425426	-8.045502	-1.120373	-4.761730	-0.606479	-1.228771	-0.366135	-1.367080	2.303114	2.061254	-0.444356	1.124117	9.714056	12.433181	1.275014	4.902055	-1.573088	12.535556	2.645137	-3.272092	-11.882822	-13.091992	0.803002	-2.934762	10.591562	53.751379	0.037244	-1.128128	-11.527072	6.207478	-1.575782	-19.463828	-4.211298	1.993996	-0.432454	-17.285902	2.167050	9.091409	0.388936	-4.562481	8.725349	19.216258	2.619302	-1.604836	2.152555	9.084792	2.086176	-0.773414	2.157765	13.992432	5.678125	-0.784586	17.494742	62.673612	3.027833	7.960020	3.833359	69.607891	0.374806	-7.576125	-7.304091	49.528531	-0.643915	-25.864213	-0.619820	16.381767	1.291891	-23.345818	5.432066	-4.430776	8.937362	-14.546736	7.483842	11.548603	5.634073	-2.741980	15.679945	28.905176	3.011520	4.962196
51.155392	247.121179	14.971971	2.220631	52.372188	216.092853	19.554677	12.899612	-25.017537	122.454514	10.783909	12.088391	-109.769392	76.010424	3.543766	-11.684190	-40.819448	194.163701	6.179959	-15.921074	8.600512	193.442507	-4.744362	-0.737931	9.955792	48.717678	-5.445787	-0.140403	40.753323	194.927294	7.462627	5.396917	9.225255	74.244130	7.456887	9.224642	-49.403223	29.195034	-16.393444	21.110346	-45.955255	11.150655	-5.940384	30.613559	17.742169	12.743929	-4.890851	13.979434	-6.741884	-39.566815	-23.843357	2.072908	-45.339883	-123.800575	-22.719909	-5.238287	-25.472899	-160.635763	-15.562704	-1.232991	-7.319876	-148.128770	-24.834679	-1.985861	-10.517735	-147.443537	-30.729434	6.604195	-10.479009	-69.554207	-16.950770	17.189316	6.167209	18.705755	-11.285611	35.625963	-0.460221	-6.628758	-17.780534	22.221772	-4.475363	-86.196279	-14.166627	-3.207435	-15.207303	-122.679840	-9.845153	-2.981927	-1.687488	-77.858038	-11.917504	-0.249861	-1.389358	-58.751367	-9.978921	-0.723264	-12.516359	-39.095066	-4.218723	-13.014245	-30.089511	16.751922	7.452275	-24.561043	25.500122	65.148975	16.232965	-13.286732	32.540317	-49.743035	-1.368419	-27.031806	9.716013	53.480097	-2.820167	7.810064	-2.325618	30.820577	-1.451510	13.043102	-0.067448	16.577277	-0.427876	4.201561	-2.236888	3.883421	-0.940653	-1.853249	-10.950151	17.022797	8.991316	-12.530051	-9.698356	19.113298	14.322826	-21.817300	-16.109485	-48.725787	-1.136590	-17.926278	6.699301	46.424880	-0.461159	-5.885976	-5.997753	77.263724	-1.035598	-0.002608	6.404026	79.266949	-0.391503	5.744417	2.760701	63.234283	-0.089749	14.610586	5.076569	52.815036	-0.284578	4.695938	4.846960	16.955040	-1.324994	1.681573	-2.074862	-7.518130	-0.276818	-1.984500	-11.139716	-21.736916	0.306818	-21.617782	-5.905576	-37.221097	-0.404315	-46.279188	7.848134	-55.902977	-0.695649	-53.678620	23.052084	-55.394985	-0.136215	-23.849028	25.043962	-24.092202	0.994682	2.356345	19.153296	48.919781	-3.730222	13.146179	39.846342	129.708289	-11.304472	32.046961
2.901079	14.971971	1.682135	-0.031886	5.547261	16.250555	1.952426	1.280906	-2.667272	9.312274	0.874434	1.628659	-10.665405	5.517439	0.310271	-0.888031	-2.921437	13.757070	1.173170	-1.140025	2.779699	13.393007	0.742292	0.221150	0.755857	-1.329841	-0.386416	0.476592	2.371712	13.231507	1.760787	0.191346	0.441468	3.436823	1.337902	0.746616	-3.682165	1.424681	-0.811530	2.229575	-3.648489	0.041874	-0.107256	2.295515	-0.156322	0.622299	0.357339	0.749033	-0.351731	-3.665837	-1.521137	0.208091	-3.814428	-11.183419	-1.667993	-0.436667	-1.633865	-11.080188	-0.286665	-0.073467	-0.592050	-9.853675	-0.850531	-0.178389	-0.659679	-9.778802	-1.822362	0.617499	-0.222265	-5.096464	-1.232266	1.831439	-0.432495	1.827625	-0.507339	2.341452	-0.620557	-1.326156	-1.257898	0.860662	-0.544814	-7.318330	-1.175964	-0.438084	-1.060079	-7.374386	-0.578297	-0.185779	-0.173101	-5.191568	-0.667476	0.051619	-0.112459	-4.080548	-0.645452	-0.002570	-0.939567	-2.304923	-0.279467	-0.771177	-2.403712	2.065194	0.890253	-2.046856	0.551844	2.996315	1.495157	-2.133261	1.531168	-5.572947	0.087504	-2.328052	0.871122	5.038352	-0.166253	1.889165	-0.256525	3.130418	-0.111602	2.162894	-0.089010	1.614625	-0.036881	0.637482	-0.234632	0.331332	-0.081460	-0.157384	-0.900300	1.381231	0.746172	-1.019675	-1.159335	1.059110	1.294878	-1.704980	-1.592109	-4.182952	0.132890	-1.211012	-0.255577	2.598873	-0.055917	-0.718896	-0.809322	6.251975	-0.188537	0.841668	0.247166	6.807169	-0.047150	2.001197	0.102495	5.899589	-0.026041	1.757018	0.221167	5.101577	-0.034354	0.477385	0.444975	2.359441	0.075634	0.174897	0.402628	1.980213	0.731469	-0.100218	-1.088525	-0.875208	-0.026193	-1.733620	-1.333374	-4.235870	-0.096831	-4.047433	-0.089329	-7.142073	-0.071984	-3.209692	1.402156	-7.377631	-0.185589	-0.724885	0.961669	-4.879235	-0.271180	0.181925	1.347434	1.083532	0.622724	1.039147	4.130119	10.741812	0.276373	2.550536
2.739938	2.220631	-0.031886	0.725313	3.653796	3.386150	0.245077	2.103498	-2.669513	-0.716908	-0.013813	0.873770	-3.289754	-2.112862	0.234764	-1.346566	-0.425183	0.677632	0.682554	-0.589458	1.180501	1.148940	0.572912	-0.144813	0.256577	-1.682320	-0.164576	-0.160231	0.898076	-0.462880	-0.149175	0.480161	0.913305	2.685679	0.246976	1.177976	0.100048	2.868271	-0.103430	1.888347	-1.362989	2.178446	0.495473	0.067435	-0.284008	0.797323	0.672037	-0.226746	-0.002034	-0.574878	-0.240240	-0.031132	-1.373883	-4.309054	-0.480307	-0.121532	-0.598995	-3.325705	-0.131532	-0.010313	-0.018896	-1.084769	0.465178	0.046744	-0.038660	-1.434954	-0.365705	0.379757	0.351702	-0.705176	-0.368661	1.197140	0.614163	-0.848455	0.167808	0.840433	-0.937903	-2.051766	-0.308795	-0.295154	-0.936542	-3.135399	-0.378096	-0.354408	-0.256487	-1.987574	-0.021465	-0.059921	-0.084840	-1.322142	-0.138460	-0.021423	-0.069047	-1.164626	-0.251649	0.026621	0.436686	-0.511818	-0.080363	0.348019	0.742063	0.046836	0.514477	1.375611	-0.109340	-0.819055	0.411284	-0.214356	-0.965654	-2.151947	-0.075601	-1.107681	-0.624701	0.648548	0.164844	0.439982	-0.278549	-0.243728	-0.012287	-0.076712	-0.029468	0.028823	-0.013772	-0.103353	0.164162	0.032949	-0.006459	0.014622	0.789739	0.630902	0.473942	0.263429	0.130541	-0.256823	0.391664	0.000013	-0.811124	-0.384466	-0.053882	-0.284039	-0.479475	1.612914	0.618907	0.630867	-0.754977	0.448220	-0.033366	-0.297069	-0.282925	0.318536	-0.011626	-0.516159	0.144167	0.582672	0.071283	-0.089433	0.571109	1.135434	0.248351	-0.012046	0.200468	0.690625	0.127274	-0.047242	0.040237	0.575076	0.191615	-0.001077	0.480311	1.229534	0.250416	0.055823	-0.470738	1.607906	0.042492	0.072019	-0.674437	2.080945	-0.021493	-1.539778	0.167631	1.546800	0.305918	-1.661401	0.695537	-0.052009	0.988934	-0.414647	0.376230	-0.257580	0.213250	-0.002578	0.899196	2.660292	0.010441	0.397996
126.592319	52.372188	5.547261	3.653796	1261.037194	565.832724	26.559176	226.830183	476.606057	486.072062	-3.156273	376.719148	-1314.464264	-256.140978	1.393342	-145.515209	-503.686453	14.295494	115.662321	-144.584051	87.364226	193.504438	44.219903	-5.679582	-116.444349	-226.797225	-43.244137	8.393668	68.708951	206.259943	5.797138	3.680753	273.598470	128.095174	29.622734	78.582186	357.161147	-95.533837	-43.791005	227.895877	-365.483936	110.280072	-35.743821	39.209022	-206.888041	176.261476	134.747573	-101.838997	-17.448626	-100.469145	7.048645	-20.899957	-126.522416	-536.739527	-77.334003	-25.699298	45.804650	98.818925	18.076371	-2.277109	40.641523	-0.063224	42.439499	14.776674	75.039764	-258.247924	-52.075525	76.065542	-5.845061	-189.071782	-88.117381	191.336658	-124.974749	55.422462	24.805263	98.897836	-200.696250	-216.862035	-21.443380	-47.667617	-162.238107	-433.014743	-55.726922	-56.905870	6.235607	-4.925384	-15.447611	-14.607915	-7.671051	-36.840370	-10.173250	7.275237	-1.445051	-49.596124	-38.639171	28.713135	5.667198	56.327691	-26.270582	154.461187	-121.498664	191.370752	-17.950806	231.765029	-170.929121	114.888599	-12.055413	69.054831	-89.752534	-109.530190	-9.344434	-63.849495	-7.863785	109.640019	-6.074767	13.413820	2.659497	-6.928353	-7.830170	11.981208	-5.225435	9.076612	-2.293859	-1.719049	-0.808896	23.035124	-5.269235	10.931165	12.399461	54.522445	-16.492318	46.891979	-49.241505	102.132212	-6.464934	44.243452	-66.284278	157.637789	-0.137146	23.837538	20.117478	361.881024	3.361780	53.893499	-67.649820	96.458349	-1.853245	23.875970	-46.137357	100.537930	-2.757607	-8.040595	2.493130	110.288309	0.825908	20.186113	24.349089	88.243434	6.958492	12.782037	-10.620102	20.435411	7.202274	1.381211	-7.923965	88.370096	31.074766	7.478715	-13.740732	169.662148	12.642821	22.829475	-72.775073	199.544183	4.834256	-37.007973	-46.624072	99.528974	-5.248246	-118.445061	-9.570161	75.637212	-13.322584	-67.108266	-86.527039	306.689570	1.655322	-6.275812	-1.620106	555.395830	55.178476	35.063737	259.335189	652.592086	117.203543	33.899718
116.310382	216.092853	16.250555	3.386150	565.832724	572.267285	36.282485	118.123143	103.032971	426.830116	13.647947	174.126162	-652.947655	11.266318	8.776892	-83.362706	-227.396138	268.576858	67.908007	-78.550567	94.460874	364.621318	40.751957	-1.728176	35.342919	65.169079	-12.909168	3.232546	77.289749	279.984859	14.475789	8.987205	129.631785	187.347656	28.741270	39.165685	86.397942	44.023121	-28.732284	106.307611	-220.297139	62.222966	-20.995779	42.534181	-45.481883	69.620506	53.325149	-27.233614	9.700261	-131.319293	-25.139933	-7.364573	-129.486500	-437.364929	-68.974477	-18.118639	-26.126887	-147.241764	-10.664081	-3.841412	16.575464	-147.694753	-8.148824	0.900289	17.399684	-271.882394	-61.163068	27.633451	-18.543340	-169.712214	-61.693588	90.794490	-16.220917	2.142483	-11.539304	100.424944	-76.013328	-143.142091	-38.798950	16.897041	-100.147498	-320.211662	-46.965914	-28.421615	-27.796754	-247.523842	-23.902898	-10.989451	-6.514776	-147.848387	-25.899735	3.423162	-4.499305	-118.089878	-32.408884	5.147075	-29.023521	-38.178651	-16.305709	19.873748	-88.746422	95.475762	2.274137	38.669277	-48.510193	132.824377	11.535412	20.921874	-13.346842	-26.011707	-5.097402	-30.907513	26.489046	182.768126	-1.706242	38.875364	7.819724	27.646723	-5.451837	23.737680	-2.650564	19.305048	-1.889801	4.988107	-9.334343	7.442024	-3.424120	-3.164772	-30.426363	12.649313	0.226276	-21.768734	-43.994531	17.080978	8.162701	-23.503596	-44.040582	28.835335	-0.664285	6.883480	48.846556	300.612091	4.609063	43.747408	-12.345535	136.292503	-1.789749	18.308494	-13.809063	112.599577	-1.302808	7.948732	1.498607	101.284979	-0.047257	24.109033	4.444830	78.777190	0.352285	8.814462	-4.518238	28.389584	0.428767	-1.039777	-0.138580	32.901630	14.397593	-3.138745	-15.861162	49.126406	3.398872	-21.011718	-9.247645	28.850535	1.701858	-68.977133	10.658604	-23.945267	-2.867218	-92.068329	20.963474	-42.590123	-4.278797	-51.153733	-9.298370	67.653199	3.119420	-13.702125	26.553183	270.941284	23.008316	9.478770	164.746700	426.728306	30.831839	33.973486
5.669562	19.554677	1.952426	0.245077	26.559176	36.282485	7.135712	8.295765	0.585248	25.343171	5.513160	11.487036	-42.510028	4.320028	1.131140	-5.401813	-16.709963	25.258178	4.660884	-4.940128	4.120902	30.139628	3.265312	0.280158	1.207454	7.063984	-1.072040	1.092434	5.698471	30.187183	3.677491	1.158657	5.335628	21.491492	5.467052	2.951105	1.174082	8.925385	0.068429	8.524047	-14.523061	4.677289	-0.245091	6.059868	-5.689656	3.225833	3.838723	0.204283	-3.529436	-8.589303	-2.700117	0.781998	-13.950601	-32.934861	-7.084110	-1.003408	-3.284641	-21.843914	-1.163848	-0.052044	-0.055111	-21.481001	-1.285849	-0.645157	-0.413241	-29.404668	-6.147506	4.828653	-0.553406	-16.197306	-4.382740	9.975302	-2.175629	5.826273	1.069359	7.195727	-6.574534	-7.794347	-1.836458	0.578223	-6.380993	-23.934533	-3.856131	-2.385580	-3.161779	-32.435236	-3.162077	-1.031640	-0.513138	-18.164927	-3.497571	-0.153145	-0.390388	-13.640550	-3.114766	1.667132	-2.615917	-5.233265	-1.368456	5.242998	-6.168935	5.717242	2.541282	3.597911	-2.833062	0.353006	3.699438	-4.262594	-3.699879	-14.889798	0.037850	-6.710363	0.368457	18.291418	-0.497977	7.444585	-1.204739	6.547283	-0.425615	5.818336	-0.417421	2.508039	-0.179501	1.529336	-0.970601	0.183336	-0.400353	0.520168	-2.920834	3.838253	1.264674	0.433116	-2.689059	-2.562700	2.096937	-2.817186	-5.567663	-7.456032	-0.270918	-2.369347	-2.337481	21.330497	0.368808	4.276034	-3.805043	17.175469	-0.125453	6.565460	-1.092011	13.882096	-0.135569	6.921488	-0.199019	13.644877	-0.107263	4.647265	-0.421805	11.297286	0.302603	1.229750	0.011467	7.194357	1.419839	0.051979	2.306971	10.670714	4.315334	-0.175699	-3.905861	0.727950	0.146705	-5.097308	-2.678934	-11.757139	0.072131	-9.888780	2.787324	-17.642508	-0.188718	-6.412047	2.226867	-18.244216	-0.382589	-0.793084	-0.823029	-11.576634	1.315130	2.080180	0.547580	10.938587	4.537541	2.143764	11.046813	24.338481	3.999044	3.342332
31.990091	12.899612	1.280906	2.103498	226.830183	118.123143	8.295765	77.850753	17.802255	52.074440	0.863139	96.474625	-252.576062	-67.147818	7.313606	-33.824854	-72.463985	11.945064	42.209643	-25.710525	37.310520	54.148270	24.961670	-1.216948	-23.941023	-76.873382	-9.983036	2.042697	4.832000	11.807012	0.950790	0.844865	44.445575	10.972368	9.992373	25.383310	55.866675	-14.959409	-3.381556	63.504838	-63.389760	31.663748	9.530381	8.793788	-30.948649	18.608756	47.235881	-20.443998	-0.017347	-40.741750	6.491093	-4.301480	-40.635508	-145.549865	-20.258645	-4.944293	1.471951	25.064326	4.941626	-1.547133	3.204486	-0.042437	21.093423	0.174656	11.960672	-53.378743	2.266751	14.488232	0.693712	-40.298923	-12.384675	50.982758	-16.166205	-3.107504	10.787976	33.906828	-47.636841	-64.923146	-5.506767	-10.897740	-39.110940	-116.772333	-13.290285	-13.334379	-3.387171	15.289994	-2.174674	-3.699633	-2.408229	0.962725	1.125712	0.413486	-1.449568	-17.700208	-3.989887	5.066786	0.331144	-3.192172	-3.642149	33.686613	-23.299005	33.841193	4.330891	62.989936	-36.290260	17.731109	6.055902	21.487174	-28.498509	-18.457318	0.969738	-7.213585	-7.774888	9.056375	0.424024	4.553395	-1.334186	-1.814270	-1.534901	3.831823	-0.504543	1.723568	-0.226891	-0.149002	-0.518783	12.620708	0.417732	1.129899	0.233238	19.433599	3.302501	9.570691	-11.913166	12.456549	4.256523	10.609628	-18.157036	43.683180	1.517695	9.618188	-3.616679	76.576069	3.027172	18.737003	-14.738673	12.879645	-1.223776	9.987434	-9.339302	14.922078	-0.245171	-1.299040	0.682978	25.100751	0.549741	1.893380	4.670951	25.078247	1.521361	0.390137	-0.921205	11.402405	1.704775	-0.896774	0.636422	19.949026	6.651397	0.597204	-3.337536	38.058014	2.301360	9.514284	-20.836474	35.184802	0.695323	1.849655	-17.863007	19.872943	-0.766115	-10.774306	-2.638384	9.407499	-1.266218	-14.674061	-14.004542	7.817903	2.568957	-1.499488	-11.872329	71.514413	10.442693	7.323156	44.510036	145.807547	19.711252	13.976317
-37.324671	-25.017537	-2.667272	-2.669513	476.606057	103.032971	0.585248	17.802255	2009.710234	560.960657	12.689596	357.363260	-381.248919	-172.760217	-29.011895	72.069529	-1090.477418	-341.475686	-14.778348	-209.638973	-184.800473	-167.952668	-51.671172	-17.972332	-233.993892	-306.846537	-65.889541	-6.249270	34.449578	324.926116	22.614523	-0.071479	55.952585	212.762846	24.053458	-3.929403	687.510251	-118.299224	21.371985	129.735174	28.682150	-48.898950	-112.092297	167.326348	-446.743704	409.251607	39.685091	-100.464136	-127.230725	215.389428	45.156549	-60.549149	-38.606501	-92.339035	-78.263207	-18.878899	122.704481	555.509610	55.915626	22.371104	-5.638790	270.381255	23.253025	5.116639	126.644617	-151.394489	-47.407945	45.679270	191.171453	-296.750996	-124.894750	214.232769	-22.843925	163.913821	26.485792	67.348438	-248.030339	-35.367976	14.291001	-123.622680	-210.307767	-249.028837	-69.295100	-108.275151	17.516927	96.345155	-0.206476	3.961676	-4.492096	-17.538048	-42.476231	0.786401	21.007792	-66.700119	-78.689956	18.468508	123.253510	53.643811	-37.847809	191.900937	83.688783	238.894756	-8.127404	336.024819	-165.232256	17.601635	-24.628554	48.777431	-297.444267	-484.674675	-55.922825	-161.102187	-5.572370	7.119614	-16.567799	-25.398992	9.964836	-27.340045	-8.667683	-24.470701	2.331261	6.188169	-0.680312	-9.319528	23.081395	54.089001	11.974720	21.951270	88.850134	120.451744	5.841719	93.137702	7.693102	93.079701	-5.877896	82.282267	-124.236548	-274.957475	-36.064783	-30.936960	41.916160	48.529070	-18.745374	57.425424	-26.468533	60.523314	2.573773	6.740451	6.310257	90.430669	2.270431	-12.408870	10.525811	51.577434	-0.457244	2.629188	10.152641	3.513765	10.151951	-0.050916	1.209108	-11.101451	16.185034	-4.392439	5.486744	48.293450	33.783512	3.527546	-9.647100	58.399213	-6.331556	36.204282	-29.988430	160.629631	-4.062029	-20.479981	67.714049	158.214008	-9.984493	-149.627104	15.621186	187.422538	-16.454559	-35.537462	-86.031362	312.738134	17.170173	15.418821	11.698992	490.332438	87.216524	5.901260	193.406168	712.637004	131.407865	7.666678
33.253614	122.454514	9.312274	-0.716908	486.072062	426.830116	25.343171	52.074440	560.960657	773.349844	16.971623	186.557037	-694.107496	245.295732	-3.584888	-16.411654	-441.343594	282.673431	57.304585	-103.529106	94.098467	456.539850	53.465156	-7.989745	210.391152	450.945581	38.615163	14.586755	72.442912	335.829476	26.792824	6.421367	99.588951	259.550897	56.193167	7.513671	187.116471	88.103967	16.421924	63.530930	-250.347632	-2.965135	-54.788754	64.105477	-122.758624	41.344207	20.380392	-18.858257	1.754326	-162.310473	-20.659017	-20.278336	-111.549230	-409.646132	-66.939632	-33.127199	31.482483	34.104299	0.469015	-6.080701	19.682449	-66.141725	6.987617	-7.094352	21.404768	-302.198109	-59.676358	9.327535	-13.208705	-250.206398	-90.548859	80.004680	-13.886879	-34.842670	-39.506347	114.183410	-24.261333	-173.757574	-45.256223	30.198863	-116.285147	-321.832800	-66.015677	-29.416145	-12.446821	-274.184907	-30.231056	-14.512278	0.052236	-173.141113	-40.185407	0.956033	-1.265096	-140.358093	-48.095721	-1.129128	-48.898585	-46.929079	-23.967308	-3.740687	-110.092139	107.977657	-0.710573	-4.046484	-59.325853	183.965937	5.505408	14.204590	-2.163012	60.923422	-17.257397	-22.367932	36.728437	185.509235	-2.990861	34.788927	12.135614	44.683648	-6.337164	26.616579	-2.674211	27.078198	-2.650263	5.727231	-13.480233	10.211248	-1.611498	-6.004613	-49.189355	-18.688917	-5.432502	-53.696004	-58.381750	-38.206620	-9.365619	-59.980834	-24.208165	-85.657034	-17.925963	-25.124983	70.603756	351.478383	-2.096101	48.109780	-19.287805	203.221479	-9.111954	47.862410	-10.528214	169.660989	-3.328024	34.973785	1.284770	134.872072	-1.043035	41.312682	-4.779149	65.537901	-1.920276	16.588854	-8.826683	7.360958	-0.246286	-3.090086	5.355249	30.454627	11.354414	1.772916	-26.274357	29.403905	-1.900233	-36.816511	-4.808281	-4.273878	-1.496531	-107.472615	47.313631	-53.343036	-7.749692	-141.785586	21.181750	-55.744615	-10.037600	-24.011732	-51.369721	178.431129	-4.700088	43.581591	11.087951	481.682502	44.092966	16.122375	220.473707	553.509916	69.127319	34.786149
-0.772470	10.783909	0.874434	-0.013813	-3.156273	13.647947	5.513160	0.863139	12.689596	16.971623	14.252180	4.358706	-9.924258	12.798517	5.324842	-4.045697	-10.976939	24.074133	2.723330	-4.013945	-0.751674	33.277054	4.385425	-0.185975	14.897909	37.258451	0.760063	0.794173	6.383568	27.660632	4.278590	0.761429	-0.266641	35.737514	7.167588	0.016179	2.527627	19.841994	5.999939	0.713914	-10.016935	-2.167770	-1.489481	4.307787	-3.095309	-0.829544	0.829401	-0.223966	-4.617278	-1.545537	0.132210	-0.107029	-11.008764	-16.324659	-4.402560	-1.789634	-0.610365	-9.393606	1.306477	0.127439	-0.365632	-18.360688	-1.101757	-1.196208	-2.588427	-34.152977	-5.750992	3.995053	1.388018	-26.886029	-5.949294	7.690559	10.066160	-2.515652	2.075233	5.811303	-1.473782	-6.319444	-0.081034	0.353754	-10.564768	-25.345317	-3.665134	-3.475930	-5.168044	-36.800586	-2.249947	-0.887948	-0.598022	-25.259752	-4.771103	-0.463623	-0.499084	-18.175931	-3.962898	1.681894	-0.499812	-7.786820	-1.739711	5.103471	-0.883933	2.866040	1.843963	2.832153	-3.084716	-0.509108	1.165888	-2.284327	-6.114999	-11.441318	-0.932861	-5.718678	-0.280915	13.722154	-1.355243	6.095729	-1.564459	8.482446	-0.264405	6.685450	-0.578549	2.505687	-0.109567	3.348844	-0.859887	0.169593	-0.573402	1.338657	-3.112591	2.332560	0.151328	2.134230	-1.081387	-4.833258	-0.855702	-0.737498	-4.086862	-2.749842	-0.672147	-0.885786	-1.464154	10.058538	-0.721329	2.202956	-3.884412	16.427810	1.282839	9.968784	-1.190756	12.912222	0.302107	11.905567	-0.329691	14.024447	0.041169	6.817704	-0.035059	9.569012	0.275714	3.706964	1.162099	6.978403	1.078831	1.025435	4.024854	9.341027	2.994114	-0.018408	-5.614109	-13.983217	0.181873	-8.330848	-2.406064	-21.286519	0.322664	-10.553923	6.900022	-24.808190	-0.019341	-5.155674	4.318189	-22.153702	-0.189206	3.392696	3.165092	-15.770159	0.839727	4.254649	-2.934033	11.429617	3.325748	0.136256	12.599538	17.222649	6.488154	0.928332
26.761240	12.088391	1.628659	0.873770	376.719148	174.126162	11.487036	96.474625	357.363260	186.557037	4.358706	294.076052	-489.514235	-172.631220	6.838401	51.142194	-325.744118	-94.634164	60.405910	-75.260346	4.009155	-1.814882	21.222746	-4.417653	-153.071847	-252.052936	-41.912041	-0.038330	2.474079	29.971726	2.888871	2.578382	53.589120	-8.479401	12.524030	25.123695	162.323397	-84.907334	-7.662351	117.220356	-64.005988	-20.686871	-7.244940	96.260736	-134.618552	75.101183	75.572054	-26.410143	-50.516126	-9.431857	21.285712	-16.095706	-72.506966	-217.897265	-49.031773	-9.075936	6.417383	66.914123	14.940015	5.933260	2.416820	14.373457	36.879182	3.310938	34.715368	-87.658344	11.552078	19.906426	9.263875	-98.402813	-30.246626	109.340179	-51.899872	16.234767	19.897653	102.933155	-101.334006	-54.205013	0.229320	-8.835524	-82.654970	-178.200864	-33.093749	-29.407655	-2.745722	79.985429	6.877897	-2.656124	-2.797898	41.124129	5.456869	1.980292	1.157958	-3.643553	-5.468415	7.959327	-15.998997	5.912227	-8.239522	70.947149	-61.389334	43.778832	-4.685402	169.251678	-74.063015	22.577630	-2.051228	96.536887	-83.828089	-41.171798	-0.090842	-5.192088	-10.996083	41.098106	-1.760539	22.633779	-5.022110	1.128831	-3.010259	15.868103	-1.751422	3.203568	0.167052	0.962347	-7.941462	23.955946	1.456642	2.853674	-14.626627	17.487365	1.676234	24.101102	-18.868087	16.160478	7.831846	45.726337	-34.944639	43.958930	5.585188	23.782144	-28.391381	67.830365	-3.058648	60.254544	-35.141135	42.164954	-5.124414	71.055405	-17.170807	50.144887	-0.640589	26.431781	-0.138455	50.811089	0.524448	8.581309	-0.844029	29.485536	5.951622	0.206059	-3.134898	28.268195	11.763809	1.228489	8.467310	68.869866	26.716817	2.910366	-41.668230	-15.089133	-0.076503	11.056658	-63.619082	-5.177115	-0.791795	19.382209	-28.018709	-34.410436	-3.004048	17.974968	-12.761959	10.227442	-7.513616	15.743328	-37.121703	113.256546	4.522138	11.780136	-4.112659	248.215243	39.947439	5.949211	102.339866	378.837163	75.722271	19.126608
-124.414658	-109.769392	-10.665405	-3.289754	-1314.464264	-652.947655	-42.510028	-252.576062	-381.248919	-694.107496	-9.924258	-489.514235	2607.692175	130.367592	-37.507935	191.172789	782.228479	-479.446177	-265.216981	181.405584	-461.853898	-866.162012	-252.941041	-1.408284	-491.156525	-582.924453	-145.772888	-18.483694	-58.145914	-304.811214	-43.527398	-5.115996	-293.750784	-226.682781	-106.207325	-92.065819	-404.928497	8.695619	-33.260435	-286.767433	798.828225	-214.505327	-18.081778	-76.448233	319.374960	-68.500693	-239.651746	109.376505	-107.179071	490.073727	-11.865579	-9.740093	327.495113	1325.084283	185.765736	44.970492	29.591996	239.567945	-25.746864	-1.343142	-15.524258	280.778952	-89.803147	-9.060415	-62.753691	595.714859	40.214815	-85.444192	120.051617	446.887495	110.671479	-248.849093	219.591994	126.642335	20.515636	-201.155025	170.797889	575.475023	108.652508	-51.124674	111.882811	836.036277	125.783671	-7.415815	27.747229	339.896833	36.263457	23.205931	14.294492	248.050113	3.541413	-5.598796	4.859690	242.152153	23.968917	-27.577968	93.155161	66.630723	25.336392	-139.766951	386.763703	-124.227331	-2.128422	-194.702393	272.496766	-127.161155	-32.186439	-30.969457	-47.374114	-23.396521	-35.743902	79.294385	-10.431032	-344.437583	-14.447547	-78.087262	-5.348437	-92.484142	-3.752797	-44.005495	7.242943	-46.920135	-3.392764	-2.493339	20.850412	-33.687328	3.515045	-5.974379	90.877341	-35.138736	2.771496	7.916742	165.172708	46.118894	-13.522586	52.684310	112.913811	165.372836	-20.429703	112.665095	-58.696673	-522.080591	-16.469174	-118.181485	88.853097	-238.660490	9.587723	-69.636955	66.610620	-240.734323	6.001227	-12.465889	-1.320117	-250.106293	0.047136	-46.710292	-6.876802	-201.562747	-7.655827	-20.063446	31.081160	-115.340768	-27.175157	7.207458	-18.585897	-225.763616	-71.545867	-0.246073	-23.478756	-152.575422	-6.049398	0.545476	42.946817	-182.977085	1.799419	67.712532	91.428407	-64.054851	6.358749	197.014865	42.369823	20.599469	27.075585	127.192636	145.269989	-306.104270	2.313665	-12.337594	41.215580	-811.801499	-119.396548	-47.941217	-489.159691	-1087.431810	-232.263442	-51.064112
-24.636560	76.010424	5.517439	-2.112862	-256.140978	11.266318	4.320028	-67.147818	-172.760217	245.295732	12.798517	-172.631220	130.367592	642.340120	8.628393	0.740099	208.132329	556.687551	22.419559	51.784221	101.371255	533.236563	57.593790	3.000587	418.668778	834.402860	95.177415	9.460835	53.992961	234.522105	36.180411	6.359379	-33.314311	271.223890	58.833796	-22.873748	-215.227043	226.440521	56.657494	-103.402128	-133.985805	-20.629417	-5.752636	-63.680498	107.953924	-205.448742	-77.727801	55.815458	52.517593	-232.382937	-47.015904	9.603219	-11.203687	-174.703195	2.310901	-20.041267	22.473658	-73.785471	-10.963975	-2.959548	-6.786263	-102.505329	-13.120655	-9.027645	-72.081866	-182.403645	-40.332835	-24.638738	-84.686459	-132.976761	-17.470702	-72.092035	50.703926	-176.169872	-73.860450	41.544694	156.029996	-163.929762	-55.695834	98.708052	34.880794	-163.866724	-24.927136	25.318378	-14.770314	-340.107323	-36.819316	-5.643238	4.493389	-227.300429	-39.796923	-0.102045	-7.487045	-165.692582	-27.526517	-13.540187	-62.344587	-121.374480	-5.077277	-125.090823	-83.881994	-39.829483	17.009646	-249.211121	76.411243	143.853285	25.514023	-74.590378	160.030054	215.063781	3.906529	44.355678	21.848203	94.576229	-2.840498	23.976026	0.552938	62.205422	-4.145243	35.334437	-0.766667	21.382204	-3.212734	14.117934	-8.306042	-8.729927	0.491493	-16.689818	-61.758354	-56.605368	4.575566	-105.237495	-29.531509	-103.401901	-2.708300	-134.297826	63.557975	-114.539500	-9.329163	-54.364369	43.083021	112.401083	-8.570522	-37.429519	7.746979	115.829592	-12.940657	-2.519476	4.631894	98.439218	-3.286291	44.968833	-3.867838	105.952275	-0.624860	37.472182	-8.916535	75.279167	-7.056733	15.656297	4.584261	50.320154	-3.457837	-1.781278	25.632356	32.076460	-2.282738	0.075030	33.099458	41.253299	-7.239800	-36.929006	47.302848	-62.090881	-7.660994	-113.079505	30.852657	-48.223754	-5.704489	-125.905609	22.563223	-129.296700	1.688783	-14.428103	0.250456	-136.612533	-10.180138	50.450349	-16.619277	20.615550	-5.445918	18.905260	67.792096	-33.529166	-24.688495	25.744891
0.059102	3.543766	0.310271	0.234764	1.393342	8.776892	1.131140	7.313606	-29.011895	-3.584888	5.324842	6.838401	-37.507935	8.628393	21.466297	-9.923903	24.010984	58.043874	35.149304	-5.334291	42.259658	67.571061	20.597509	1.454245	12.245636	-2.918748	-0.814844	0.827562	4.273422	24.909085	4.581648	1.428051	5.605224	32.655879	12.351126	2.894703	-13.033762	21.433956	9.386056	4.210845	-17.174968	1.632743	13.830934	-0.896038	6.229954	-14.051540	15.879383	2.518549	-3.921562	-39.642355	-3.774517	0.982866	-30.400644	-72.366122	-11.114018	-2.529540	-5.819350	-5.114038	4.711547	1.347582	-3.665709	-22.996743	10.141339	-1.146231	-8.353667	-38.092745	-0.244604	3.778459	-2.475101	-40.874525	-4.925359	23.884168	2.181285	-29.643862	-2.692124	28.607899	-10.032797	-38.107204	-7.271432	4.452400	-14.361481	-56.093264	-6.664528	-1.995800	-6.356792	-17.444787	1.432436	-0.609655	-0.968424	-33.014745	-1.190327	-0.652997	-0.430324	-33.489901	-3.397348	0.671677	-3.929677	-19.343650	-2.611226	4.531082	-6.817685	-2.211731	1.325506	12.620319	-7.557430	0.644391	0.518005	-1.690887	-4.841393	-16.272309	1.350938	-10.423138	3.333596	14.259212	0.471513	11.972101	0.641121	8.383910	0.488251	10.713808	0.414977	2.242852	0.146672	2.993322	-1.504690	1.687991	-0.285493	-0.159404	-5.880176	1.686346	0.558736	-1.484892	-7.612335	-3.546423	-1.206890	-2.757396	-4.852825	0.301947	0.148628	-6.736211	-2.326303	-23.355316	1.429911	7.853495	7.311095	4.809599	2.550520	16.371737	1.137356	11.724220	0.516218	12.020442	-0.736954	15.838271	0.131537	5.608646	-0.802759	13.303329	-0.668874	2.692304	-0.879788	10.700228	0.789651	0.168390	8.069660	18.172594	2.677388	-0.240812	-3.784213	-30.630706	-0.055472	-8.097742	5.293725	-31.682936	-0.397461	-0.771887	0.167481	-19.665525	-0.290417	-3.408581	2.305213	-11.563748	-0.415338	-1.994415	1.807621	-13.713681	-0.409492	0.887441	-14.434070	9.440093	6.452648	0.511754	25.185485	51.265082	17.718598	4.661896
-22.486127	-11.684190	-0.888031	-1.346566	-145.515209	-83.362706	-5.401813	-33.824854	72.069529	-16.411654	-4.045697	51.142194	191.172789	0.740099	-9.923903	178.509853	-49.929230	-115.522929	-30.228715	39.434537	-90.409498	-128.339947	-36.748579	-1.906686	-108.894366	-124.049250	-30.456336	-6.338843	-21.312732	-74.701871	-5.299921	-0.898266	-47.134768	-77.715114	-12.037641	-14.847960	-65.945068	-35.148773	-1.741110	-15.352836	79.508913	-88.059858	-11.416676	54.996911	-3.572010	-39.970785	-33.967764	46.725744	-38.060765	50.996104	0.902615	-0.873472	39.554746	110.440268	-1.553115	12.168561	-9.331894	-16.111014	-0.375952	3.932708	-1.272563	-0.036745	-0.091255	2.504958	-11.272661	62.172856	22.955324	-18.332774	-29.499748	64.702257	16.506740	-35.349950	-21.464661	-19.087039	-2.812737	35.304853	50.831247	65.972556	12.739571	44.258226	20.772646	104.730264	4.825047	13.056609	2.188684	94.774808	15.340953	7.857104	2.093040	73.554901	8.599422	0.652751	-0.939224	52.725069	13.545688	-7.528561	-29.195743	2.953615	5.288064	-34.081022	-7.878616	-62.720577	2.962189	-15.671474	53.711299	-30.300794	8.822009	59.241920	13.965607	32.992175	2.178742	56.888473	0.221466	17.686658	1.478682	10.781930	1.457614	14.256485	-1.636142	10.878401	0.231805	-0.314425	-0.767831	4.294889	-3.827722	-8.718588	-0.138911	-3.025945	-12.985184	-39.183486	9.479387	-10.560767	16.424811	-34.513472	12.184089	5.801566	33.617116	-3.851227	-0.659623	23.994843	-27.381818	-112.766287	-6.642072	11.110239	5.876061	-2.548589	-6.959164	54.361388	9.510017	18.930502	-0.801126	38.282113	1.264869	3.438414	0.178872	9.833409	-5.504908	-10.994905	1.929547	4.141503	-0.257816	4.095689	3.176155	4.076283	2.787108	-5.068714	0.438294	0.400915	-35.001430	-106.848050	-4.435098	-6.755822	-33.940893	-111.130987	-3.083210	18.949824	4.286068	-112.261288	-0.277999	51.970010	9.382224	-98.586472	-0.571810	62.485559	13.215184	-90.398482	-3.587091	30.372872	24.379031	-105.517021	-5.402095	0.512319	-57.761087	-164.521687	-15.698519	-5.155469
-33.929546	-40.819448	-2.921437	-0.425183	-503.686453	-227.396138	-16.709963	-72.463985	-1090.477418	-441.343594	-10.976939	-325.744118	782.228479	208.132329	24.010984	-49.929230	1176.637049	183.121395	-13.663423	186.941214	70.922371	-113.907295	-50.231208	23.358648	-127.851688	-115.022112	-56.169932	-7.334934	-35.835506	-168.448491	-10.138749	0.377090	-97.559645	-98.890353	-28.869803	-23.895143	-492.526728	63.766031	-23.065576	-148.410194	98.562603	-43.569338	53.911212	-150.308132	432.435012	-297.860086	-91.208020	85.256612	93.993519	-42.987757	-80.355306	44.349759	117.089681	381.295772	60.737847	20.740293	-49.372364	-100.761406	-37.949923	-2.407475	-0.514169	-12.056625	-50.739052	-3.511070	-101.087502	276.348024	1.339330	-43.080883	-110.595166	321.916703	88.312927	-173.796774	20.787109	-50.201926	-25.577558	-84.537606	183.822012	129.732583	-1.823603	59.527923	185.643171	361.905137	74.888943	53.172765	-4.426302	17.484503	-10.033670	6.189795	7.708249	24.502727	-2.624667	-2.020432	-9.178050	64.886634	20.565585	-17.372268	-45.502854	-26.647356	17.240534	-144.896480	13.311491	-171.463148	0.600350	-278.061678	139.881488	-38.528351	-7.817053	-79.679260	174.039849	262.179290	11.315688	92.487227	-12.525982	-57.085029	0.446903	21.560603	-3.254230	-0.077618	-5.532090	29.726497	1.399881	-11.079994	-3.968280	9.116219	-0.894864	-39.627730	-6.036882	-14.914266	-28.442089	-97.220056	-10.526290	-70.391171	1.944153	-76.293565	-16.027247	-75.970341	97.073431	189.874247	14.298106	16.109527	-75.248912	-166.750725	-4.660140	-74.742401	47.704553	-63.643485	-4.423345	-1.399600	15.964873	-87.672220	-2.730486	32.008025	-5.813689	-71.546105	-0.298635	4.370115	-7.145508	-46.122868	-9.364422	1.140104	-0.385847	-2.549836	-9.454662	1.313794	4.972938	-45.857357	-17.975822	-7.665267	-18.296270	-69.312221	0.265713	-60.651974	43.054357	-153.447642	0.698545	-37.444091	8.364801	-133.376638	3.312182	98.349602	6.759267	-85.763227	5.710091	64.780968	33.213706	-110.450517	-21.705020	5.919707	-32.675984	-245.456538	-61.360739	1.398880	-135.473894	-395.156956	-99.114405	-2.787933
26.146173	194.163701	13.757070	0.677632	14.295494	268.576858	25.258178	11.945064	-341.475686	282.673431	24.074133	-94.634164	-479.446177	556.687551	58.043874	-115.522929	183.121395	1112.078224	179.391454	9.496791	382.616969	1280.663984	202.215335	14.078417	723.611176	1246.725220	160.823141	16.668664	128.891194	487.552094	68.805825	16.323599	61.789352	569.052514	133.110872	13.081885	-247.796175	438.510120	102.276393	-40.799393	-463.153628	155.830945	61.513609	-86.790272	109.567493	-203.454718	35.933258	25.890247	133.461555	-511.831942	-77.710526	38.962886	-230.139568	-934.060217	-104.402541	-35.131095	-19.364829	-352.935883	1.166768	0.516558	-12.616665	-383.959058	22.796660	-5.978742	-107.043412	-525.302719	-80.079555	3.499089	-129.783411	-383.819728	-60.487371	31.881508	35.943004	-304.673222	-99.232095	188.512372	68.885255	-506.352211	-147.422615	188.699563	-32.248433	-684.736353	-94.733629	61.529004	-75.178854	-735.131637	-61.226051	-6.487067	-8.887814	-589.224586	-67.039575	0.891102	-10.639000	-495.449779	-70.265751	-6.571684	-93.903372	-325.179252	-33.911790	-97.773440	-200.470992	-116.471693	19.592864	-217.506529	-14.083230	75.043847	46.983642	-113.891935	194.455485	79.211603	28.406109	-8.218989	73.592327	334.215512	2.560384	116.650252	5.992672	104.460271	-4.820799	87.688743	-1.026419	45.246102	-3.837033	22.533140	-15.816555	-1.689840	-7.381140	-13.280335	-70.374749	-48.981369	12.192884	-115.851067	-85.966396	-190.947498	13.877789	-191.069296	-19.048637	-344.633926	-0.851750	-143.167033	40.442694	79.126931	4.789896	26.404334	23.669281	143.730726	-9.630145	75.529690	-1.854949	160.799372	-2.364249	96.738169	-3.913333	167.259473	0.261599	69.473415	-3.843730	138.573546	-8.394396	28.513493	-1.503187	79.392598	0.193691	-4.408739	31.834608	56.517456	11.192967	-8.422388	18.172273	-96.716066	-4.404999	-74.385131	76.678060	-193.114557	-8.166588	-156.561342	43.060984	-160.353302	-4.408017	-162.980514	35.292370	-215.850389	-0.644848	-40.412369	1.208085	-161.115010	-10.002666	25.218309	-19.358082	93.691640	26.770882	16.040305	164.227073	243.509662	51.504939	51.254840
9.374036	6.179959	1.173170	0.682554	115.662321	67.908007	4.660884	42.209643	-14.778348	57.304585	2.723330	60.405910	-265.216981	22.419559	35.149304	-30.228715	-13.663423	179.391454	127.710441	-25.430775	164.098951	272.021328	97.422632	2.628291	120.116941	107.932605	26.250312	6.947731	11.128949	42.961116	14.774553	1.828465	36.197684	65.472796	38.676055	16.540689	7.983385	43.626299	24.052552	37.401407	-94.744150	31.685455	29.004174	5.975829	10.560005	-57.836079	67.464042	-0.918946	1.521922	-193.783690	-3.106385	1.114676	-115.647208	-328.498939	-44.477462	-11.594167	-17.530689	-54.962785	10.538686	-1.267019	-5.322053	-83.258798	37.082214	-2.152750	-9.008965	-134.016411	10.512761	9.278124	-12.696378	-107.793596	-19.979837	68.557959	-2.268327	-83.619413	-17.685582	104.489743	-35.160727	-159.666746	-34.235200	31.356737	-55.466936	-217.784064	-32.406077	-1.484466	-13.087816	-45.327142	-0.030637	-4.098907	-1.698297	-81.777626	1.983772	-0.450026	-1.836193	-97.304649	-7.039773	0.196300	-20.914106	-67.049792	-7.978297	6.430095	-43.384564	-9.134575	3.480506	27.566777	-30.162928	-6.169434	5.472344	1.313226	-12.370763	-47.437261	6.028318	-11.271956	16.402150	71.490457	2.334177	39.723315	1.957257	19.547193	0.335914	31.567276	-0.766316	5.457155	-0.332878	6.051838	-4.120462	1.318226	-0.887089	-3.119339	-15.806577	-10.542561	1.752930	-16.099984	-26.233430	-47.254210	-1.020431	-24.809340	-22.876159	-76.183081	2.844569	-24.329928	16.870648	-43.927389	3.727321	20.552879	9.358868	6.827972	0.165934	38.625147	-4.735811	26.153860	-0.199129	29.274111	-1.095667	36.719198	0.107017	13.137961	-3.050844	32.728491	-0.341246	3.166178	-4.357369	27.482323	7.578777	-2.862736	24.294092	70.428240	19.974369	-2.172008	7.562213	-39.569668	-0.723318	-5.895174	12.872943	-45.710383	-1.808120	-6.795213	-1.011846	-40.389573	-0.996914	-16.152186	1.737765	-55.520483	-1.320829	-10.433027	-10.015418	-77.115375	1.676384	-4.101044	-17.630603	-15.224463	32.685102	-6.606755	62.644144	72.856421	61.186493	1.285122
-13.066853	-15.921074	-1.140025	-0.589458	-144.584051	-78.550567	-4.940128	-25.710525	-209.638973	-103.529106	-4.013945	-75.260346	181.405584	51.784221	-5.334291	39.434537	186.941214	9.496791	-25.430775	76.173263	-25.452295	-45.865923	-23.060531	7.004509	-16.207418	10.431348	-6.780811	-2.214772	-15.415003	-69.237796	-4.937787	-0.667133	-28.777006	-36.784656	-9.202149	-7.894550	-114.920705	19.894768	1.990645	-38.299479	11.462728	-7.019219	6.750774	-25.134508	66.819909	-75.420969	-34.791581	30.671561	13.765749	1.642067	-16.271373	13.599635	60.922123	114.108387	16.769006	11.587764	-17.055660	-78.024945	-13.625397	0.067439	4.068412	-16.665896	-17.047971	3.356111	-25.279903	63.694111	6.566635	-13.991490	-37.978015	88.739070	24.409026	-60.176014	-18.567621	-13.244195	-6.875668	-27.869411	64.128796	20.771740	0.972508	28.638029	64.907127	101.614500	20.744016	22.425269	-3.990802	-23.552910	-3.654554	4.344284	2.291079	7.288729	-1.986483	0.804349	-2.864402	22.878679	9.041292	-5.355830	-15.978761	-5.511910	6.318567	-43.286662	-8.419255	-62.425236	4.317555	-86.232038	44.732530	-34.519890	7.459914	-20.345844	59.777517	49.048812	5.373192	35.182196	1.296599	28.548154	1.407818	5.220449	1.344131	14.426012	-1.108275	7.020831	0.299383	0.174259	-0.583791	3.357540	0.738495	-9.058097	-0.777846	-2.332139	-7.007584	-27.682998	2.345777	-15.629065	2.865505	-38.532196	1.968053	-21.664490	38.222874	-2.340488	0.043861	2.913610	-10.150948	-8.661495	-2.908587	-3.062427	8.106047	-6.578563	-3.393616	16.865044	5.441532	-14.152061	-0.853509	12.879878	-0.726662	-13.281019	0.032161	3.966387	-2.260292	-6.946682	-1.308907	3.893684	-0.793377	3.985918	-0.944193	1.709795	0.928650	-12.023358	-4.910054	-1.109271	-4.404713	-29.068325	-1.949043	-4.151011	1.804457	-54.639712	-1.663574	11.251763	2.323461	-48.295108	0.624159	26.938728	7.588462	-70.326534	2.791876	21.193191	13.819013	-122.147874	-4.518324	10.113963	-8.317482	-145.458234	-13.774545	1.119054	-52.047768	-208.293828	-31.900876	-6.761628
