416.432194	185.340402	122.234964	4.382729	260.986485	537.300669	51.022020	37.373998	-175.455327	186.182690	-137.159366	90.419091	-250.124482	-173.185347	-30.994195	-55.772200	-110.037538	-33.445013	-1.107855	-38.300928	-3.329561	-0.685813	0.004992	-0.838702	0.029731	0.007370	0.001010	0.010143	457.494822	166.133119	152.840254	7.382108	-34.133642	128.168008	-80.469793	18.290423	-81.861178	42.879384	-173.211710	119.152615	-13.698837	-17.667854	-20.956496	-0.249083	-155.012870	-6.870714	-3.345180	-87.974329	-24.462922	-2.315055	-0.047494	-11.840000	0.025968	0.017215	0.001496	0.014818	447.601975	141.689310	33.874592	-3.149066	-181.093992	-44.797497	-226.787168	1.629625	-103.625792	6.956562	-117.849521	59.781498	74.615116	51.500523	-6.640663	87.462118	-115.704072	12.186102	-1.315173	-89.134416	-71.972800	-2.036595	-0.105150	-53.939614	-1.883042	-0.696609	0.003317	-1.937214	115.742913	-21.042865	-157.055740	-3.985819	-182.314590	-40.248855	-178.698160	0.004802	-53.097290	3.092183	-35.528535	11.709692	101.785268	41.231212	0.723931	90.431732	-8.527811	47.430109	-0.686470	13.638523	-102.209754	13.779893	-1.133965	-103.561016	-20.542527	-3.654523	-0.209498	-21.930842	-161.823446	-200.468089	-138.891346	1.441716	-111.460455	-24.827784	-71.570049	0.013290	-16.721663	-0.574322	-5.783231	0.150410	41.906192	14.719320	0.181790	26.486759	82.709114	56.507385	0.831299	70.071167	-41.184754	59.935167	0.545027	-62.036531	-66.202168	0.038635	-0.490984	-61.019405	-230.972620	-130.034362	-56.691422	-4.857399	-54.428627	-9.881713	-19.671527	0.016509	-1.952721	0.018039	-0.682947	0.043739	2.852353	-0.003780	-0.021334	0.543299	62.194618	29.261155	0.548298	31.627100	27.725819	55.122659	0.035114	10.692664	-98.896610	56.934747	-1.022886	-63.370644	-153.876341	-134.759185	-14.553385	-3.655717	-25.587994	-6.777588	-5.846841	0.021159	-0.011472	-0.092491	0.009625	-0.003679	-0.047421	-0.076612	-0.028496	0.013988	22.643048	3.595986	-0.022009	8.346967	73.418703	76.195013	-0.215408	32.154552	-78.667725	204.816718	-4.715488	-66.700297
185.340402	180.581935	63.910491	6.396233	41.729888	276.297537	12.219035	11.432667	-79.079965	77.993551	-55.821149	42.552939	-86.714074	-79.988110	-11.373994	-13.059794	-44.222673	-15.020574	-0.503398	-15.160984	-1.387411	-0.279205	0.012175	-0.335712	0.050847	0.023427	0.002080	0.023250	158.976786	183.351279	74.747665	11.874657	-91.401224	95.283149	-50.090091	7.124261	-37.377512	1.908186	-72.037418	65.981273	-2.362774	-30.750902	-10.288354	8.952571	-67.558888	-8.428083	-1.395942	-37.859229	-10.690313	-0.987490	-0.009786	-5.100970	0.039275	0.041746	0.003557	0.032445	89.144259	79.486817	-18.293903	1.098306	-149.454965	-10.096278	-117.811497	0.535087	-44.600205	-0.440899	-50.407820	32.405434	35.062809	1.370371	-3.938558	56.686920	-61.001315	-7.939734	-1.685080	-39.257968	-31.564189	-3.823139	-0.015743	-25.811468	-0.886012	-0.290494	0.006709	-0.791911	-89.696561	-56.499525	-110.223712	-0.786684	-120.461156	-19.045571	-86.406678	0.006940	-22.476469	-0.176829	-15.128380	7.666545	56.275457	10.117207	-0.443378	57.604235	0.360970	5.828393	-1.575660	5.490468	-58.770110	0.047858	-0.545314	-52.868537	-11.925619	-1.176922	-0.087706	-10.439367	-180.631176	-125.495397	-78.046816	-1.535556	-67.718956	-11.937620	-35.021425	0.030911	-7.104943	-0.229422	-2.432168	0.489304	23.701446	4.387627	-0.013090	21.795270	49.137991	12.367279	-0.172644	48.214899	-31.433963	21.068694	-0.753131	-38.923728	-36.965918	-3.898625	-0.229079	-32.098303	-156.678178	-83.045307	-30.411119	-2.535304	-30.457999	-4.979170	-9.441464	0.031088	-0.795648	0.048257	-0.285834	0.094101	1.748605	0.008835	-0.017162	0.658620	51.998838	7.944018	0.110991	34.813578	5.416105	21.168367	-0.110856	-3.933702	-65.152284	23.789937	-0.451397	-43.551631	-98.350980	-72.333301	-8.420006	-1.439284	-13.467194	-3.353451	-2.533720	0.042176	-0.044543	-0.039782	0.033027	0.002892	-0.170267	-0.144386	-0.042812	0.005646	28.386904	1.584622	-0.067634	12.506652	63.532004	60.293034	-0.096582	33.708755	-86.343301	140.759529	1.542301	-49.104677
122.234964	63.910491	60.043830	1.104712	73.421632	188.748116	43.792492	12.713206	-56.657755	74.041716	-41.813740	44.920926	-76.126743	-68.652824	-10.630235	-6.162663	-42.631038	-13.729638	-0.427352	-12.675290	-1.212324	-0.249458	-0.000101	-0.307312	-0.002089	0.000115	-0.000141	0.000137	160.609580	70.460487	85.743903	1.943038	-32.844189	30.341569	-9.439073	6.482426	-30.214380	-7.257940	-59.811367	52.634028	6.073167	-26.935785	-7.089957	14.237558	-58.306466	-9.333444	-1.249407	-29.827553	-10.079615	-1.039408	-0.019208	-4.670725	-0.001817	-0.000159	-0.000128	0.000084	129.628728	54.738990	31.786890	-0.704608	-97.172057	-25.035663	-80.225751	0.280863	-48.121845	-9.334963	-43.172498	23.075040	33.262076	1.172288	-2.349622	51.964309	-49.053642	-5.166487	-0.632226	-26.795711	-31.225397	-2.990579	-0.097124	-21.409861	-0.992606	-0.251270	-0.000325	-0.730908	-31.133097	-18.595381	-55.092511	0.635706	-89.688703	-16.989854	-66.970125	-0.000907	-23.285035	-1.373054	-13.024240	4.475788	31.596646	4.345492	0.312303	45.962412	-3.139170	3.878196	0.148291	25.723600	-49.610409	-6.869582	-0.408598	-36.612082	-11.351023	-3.952581	-0.075933	-8.671369	-143.564263	-91.108233	-57.757247	0.650682	-52.462640	-9.384614	-28.312684	-0.000989	-6.177826	-0.250314	-2.092378	-0.011471	11.874600	1.775658	0.123736	12.860377	30.631876	10.691580	0.836594	44.434050	-20.562890	7.375192	0.562735	-8.661233	-41.122446	-13.509817	-0.169634	-23.980872	-126.106399	-68.376618	-22.825585	-2.268742	-25.057409	-4.731389	-7.720151	-0.002185	-0.709905	-0.001840	-0.250071	0.000210	0.370630	-0.000298	0.001166	0.058560	26.343166	6.195824	0.401428	19.675549	5.507420	13.488306	0.264333	24.309351	-66.886906	5.696145	-0.363410	-14.064153	-68.137230	-57.243153	-6.250549	-1.447500	-11.452224	-3.045578	-2.286670	-0.006606	-0.006305	-0.006536	0.009625	-0.008434	-0.009479	-0.017565	0.006823	0.002142	11.239044	1.293928	-0.000176	5.323476	24.445978	20.659513	-0.077410	28.349600	-81.883148	69.475076	2.873552	11.414334
4.382729	6.396233	1.104712	0.392299	0.313508	5.979061	-0.241210	0.464968	-1.047675	0.384592	-1.077215	1.432311	-2.728312	-2.175245	-0.214567	-0.403869	-1.070576	-0.299097	-0.012204	-0.394553	-0.023090	-0.004432	-0.000270	-0.006015	-0.001669	-0.000009	-0.000022	-0.000610	0.559900	4.156861	-0.325525	0.688730	-2.019034	1.645612	-1.429423	0.248412	0.009936	-0.517542	-1.182873	2.169929	-0.783142	-1.003582	-0.169283	0.863218	-1.880187	-0.293153	-0.030626	-0.788709	-0.201188	-0.017694	-0.000478	-0.089499	-0.000613	0.000190	-0.000025	-0.000210	-1.484176	-1.313497	-1.696714	-0.029887	-2.193409	-0.530115	-2.321146	-0.000170	-0.906997	-0.334104	-0.841775	0.985096	0.057613	-0.339016	-0.073638	2.152457	-1.952013	-0.303197	-0.034866	-0.411761	-0.723058	-0.115941	-0.004985	-0.465031	-0.018206	-0.004336	-0.000258	-0.007764	-2.973325	-2.223065	-2.063555	-0.054194	-1.098728	-0.354588	-1.321136	-0.000085	-0.360197	-0.051665	-0.235616	0.174751	1.043342	0.092026	-0.014173	1.361254	-0.446280	-0.103038	-0.050260	0.782974	-1.603438	-0.301745	-0.024042	-0.757259	-0.297223	-0.098020	-0.002388	-0.203954	-3.015525	-2.212409	-1.131281	-0.055655	-0.318955	-0.127779	-0.454758	-0.001717	-0.101991	-0.006875	-0.037838	0.001776	0.343265	0.109892	-0.003939	0.517348	0.649220	0.074084	-0.024440	1.396883	-1.008770	0.126981	-0.032957	-0.062779	-1.232400	-0.265853	-0.006135	-0.342363	-1.386286	-1.056386	-0.250386	-0.069045	0.067056	-0.008631	-0.097730	-0.002580	-0.013354	0.001897	-0.000356	0.002239	-0.011142	-0.000746	-0.005128	0.001289	0.893527	0.066077	-0.006355	0.928905	-0.319137	0.032067	-0.007517	0.370928	-1.827641	0.557812	-0.004175	-0.193079	0.857723	-0.008227	0.019900	-0.033335	0.217372	-0.002681	-0.019799	0.001641	-0.003181	-0.001584	0.002047	0.016910	-0.010945	0.008940	-0.008479	0.006154	0.782507	0.006427	-0.007763	0.229170	2.038006	1.410927	-0.001761	0.496650	-1.582522	2.454473	-0.008127	-1.206465
260.986485	41.729888	73.421632	0.313508	907.293717	522.200638	183.462557	44.561152	68.107872	388.511042	-204.285932	214.601331	-623.409021	-363.765590	-114.417364	-67.538992	-366.642138	-99.797413	-3.236783	-119.740441	-13.337787	-2.994148	-0.011781	-2.987347	-0.109110	-0.013408	-0.004936	-0.025758	468.127585	63.000490	155.068951	-0.831236	342.399694	82.121404	17.191960	15.003678	-73.762890	92.956834	-314.748361	198.802197	-3.048181	-27.314240	-66.845013	126.076270	-393.089083	4.275239	-7.636136	-168.724377	-78.615040	-5.491863	-0.277519	-36.555485	-0.107084	-0.014512	-0.000895	-0.029440	688.126653	138.138435	122.652643	-6.890120	75.222998	-74.598419	-258.620116	1.194253	-172.113956	-23.465557	-267.186148	75.331978	115.852209	136.462561	-23.658754	198.292889	-219.285833	84.041232	-0.359388	-73.805696	-195.700070	-5.369622	0.337797	-103.705576	-4.674805	-3.204045	-0.014788	-6.549437	509.651699	81.530995	-90.943781	-13.127480	-102.259543	-55.984257	-282.416507	0.014045	-114.157327	-7.487637	-89.361855	7.211751	81.026692	54.103137	1.125836	108.524853	-11.718829	98.588953	7.527475	143.521756	-214.705178	1.014784	2.183020	-95.101155	-62.463144	-18.993187	-0.341128	-36.473509	151.382084	-141.043297	-162.630031	-1.670626	-83.127972	-22.665603	-134.571170	-0.023445	-34.124612	-2.076360	-17.058525	0.304171	21.640023	11.727326	0.257618	19.265012	49.624532	49.485408	4.538804	123.741678	-47.523401	57.865737	4.988908	66.023193	-173.812075	-48.084833	-0.819994	-63.387090	-128.201529	-94.001043	-86.506345	-3.305096	-52.812023	-0.397826	-37.869337	0.075477	-5.458300	0.051475	-2.131137	-0.077130	0.689733	-0.088533	-0.050845	0.299931	19.187196	13.432689	1.137299	21.218882	17.467274	51.837188	1.166334	92.020082	-152.812518	46.393995	-0.163905	1.837212	-119.956906	-161.791418	-29.874714	-7.219508	-46.041020	-9.970904	-14.250170	0.085468	-0.285151	-0.133679	-0.127223	0.078586	0.176585	0.008182	0.089834	0.083940	-2.160008	3.450502	0.123926	-2.137599	10.519783	18.812038	0.420705	12.858846	-62.879304	112.573368	1.432409	60.958623
537.300669	276.297537	188.748116	5.979061	522.200638	925.359896	127.589359	48.093801	-230.342568	470.288023	-236.268911	167.849731	-381.272684	-299.954849	-62.415331	-72.545323	-230.327518	-69.499020	-2.069239	-77.333985	-7.084347	-1.614600	0.019648	-1.870501	-0.125713	-0.007027	-0.005826	-0.025568	730.174187	360.499613	321.020424	10.124920	-37.084269	273.738113	-81.518381	22.053276	-203.056173	100.023628	-333.874293	197.656747	30.078929	-59.660513	-43.090814	42.072844	-289.244214	-15.982110	-5.256049	-156.102503	-51.162076	-3.643447	-0.114634	-25.622636	-0.122330	-0.009817	0.010771	-0.022772	759.468877	387.650756	122.901029	-0.837455	-346.632828	-35.674228	-412.508498	1.629149	-251.521792	-5.436335	-253.317488	90.373898	158.096671	62.806845	-16.130222	171.646598	-187.803595	18.825826	-2.377404	-144.248122	-143.977915	-6.553984	0.415285	-104.003149	-3.396752	-1.820576	0.008917	-4.648380	125.914714	1.673095	-285.613130	-1.270957	-379.982151	-67.066702	-367.957536	0.041667	-131.078376	-1.956814	-82.078904	17.416091	167.042681	49.670532	0.423290	157.053875	12.633119	62.999622	3.356461	58.414972	-203.092915	3.612839	1.655668	-176.513702	-49.483452	-9.367881	-0.245124	-41.850244	-390.683825	-388.335959	-294.192655	1.191679	-235.679256	-40.940235	-165.407403	0.071066	-38.633676	-1.236799	-14.295301	0.972187	61.188693	17.593667	0.396788	47.961372	145.038313	61.976892	5.229109	151.364972	-73.061689	89.617964	4.990122	-86.445870	-148.072483	-11.498615	-0.733601	-116.860664	-481.342756	-295.980292	-129.456301	-9.390256	-114.606112	-15.087986	-47.898330	0.151131	-4.667998	0.188284	-1.831595	0.230716	5.126045	-0.163572	-0.155767	1.383352	113.507649	32.539313	1.367191	67.988430	50.104326	94.716510	0.866729	33.032973	-203.597540	93.721828	-1.936921	-121.860058	-319.702493	-274.115013	-37.053205	-6.126358	-60.956453	-13.689515	-13.800325	0.207941	-0.202424	-0.691766	0.133206	-0.166140	0.031420	-1.022105	-0.283044	0.170591	40.648429	5.660730	-0.425132	18.010553	130.803314	126.602919	-0.461338	69.206303	-176.189751	386.812284	2.657936	-99.823658
51.022020	12.219035	43.792492	-0.241210	183.462557	127.589359	151.784953	6.485664	-3.701399	143.098105	0.817307	87.692146	-126.455550	-110.723114	-33.300700	24.214112	-111.018389	-37.093838	-1.202256	-31.454309	-3.958043	-0.992004	-0.001134	-0.782283	-0.011290	-0.001799	-0.000479	-0.002228	144.994960	35.838031	119.418034	-0.458978	68.928645	-0.824998	97.708829	2.035421	-59.289126	-32.151981	-77.453957	73.766014	45.810040	-69.657258	-21.981363	80.551699	-116.721491	-20.027836	-3.418268	-43.987088	-27.160930	-2.974428	-0.094156	-12.968247	-0.011373	-0.002904	-0.000275	-0.004030	178.181872	63.390066	147.142493	1.937191	-78.236018	-46.434442	-49.424150	-0.197373	-121.057567	-39.003099	-93.614246	19.238583	63.935140	-13.871531	-9.193905	105.324100	-72.753094	-14.493857	-1.408574	-4.249299	-78.876778	-12.832991	-0.209217	-39.743372	-3.057122	-1.064142	-0.001063	-2.321731	49.904096	39.948726	17.560935	8.049532	-139.326922	-32.037477	-106.850391	0.003232	-71.576113	-6.166974	-37.307249	0.915166	29.163902	-6.172106	0.348382	61.585890	1.378805	-12.165713	1.600462	108.239749	-112.102230	-34.038483	-0.278294	-29.700266	-32.371257	-11.999622	-0.227888	-15.773334	-165.119399	-72.399435	-80.947237	4.700650	-105.958757	-17.210809	-67.807892	-0.003516	-19.964290	-0.733070	-7.845330	-0.000675	7.083492	-2.144279	0.226106	13.408552	31.395973	-8.236874	2.369481	93.101760	-47.578468	-24.249054	1.774932	64.139755	-109.813224	-49.946945	-0.293206	-25.345975	-265.430056	-112.034370	-53.019696	-2.938073	-67.703865	-11.094175	-21.138058	-0.015082	-2.515807	0.004810	-0.910704	0.010699	0.499310	0.020981	0.019006	0.166134	17.532434	-3.535607	0.902068	31.823151	-16.686213	-14.903039	0.894430	101.779857	-155.437059	-32.909711	0.187988	34.866193	-178.060490	-158.028318	-17.487099	-4.421671	-38.069838	-9.731582	-7.825690	-0.040208	-0.042760	-0.196882	0.029197	-0.086312	-0.136896	-0.231910	-0.037440	0.027282	2.822476	0.812964	-0.011357	4.651966	1.823476	-8.779368	-0.067976	55.904699	-172.524411	22.532787	4.671013	117.169896
37.373998	11.432667	12.713206	0.464968	44.561152	48.093801	6.485664	10.531707	-12.979929	0.320435	-15.940222	17.089831	-50.290071	-31.224910	-3.411728	-13.039732	-17.692808	-4.710727	-0.257064	-6.211261	-0.414029	-0.104193	-0.008440	-0.098404	-0.059268	-0.007401	-0.002653	-0.014620	44.003761	12.923099	13.448231	0.573684	-0.129981	12.704158	-8.328102	4.042501	-0.607448	4.977034	-19.462905	22.528427	-10.013636	-4.452013	-1.820711	-0.295498	-28.112108	-2.269955	-0.454028	-14.800587	-3.311747	-0.298155	-0.005352	-1.426990	-0.052751	-0.009593	-0.000881	-0.018467	46.902942	10.391769	5.862428	-0.542071	-11.566640	-5.939246	-24.936390	0.230752	-9.636068	0.463578	-12.987090	11.964546	8.727338	9.655556	-0.090388	17.880801	-25.652821	1.926045	0.163648	-14.054389	-12.012827	-1.240592	-0.084762	-7.007805	-0.553538	-0.209801	-0.011457	-0.361145	12.017694	-2.947691	-15.044914	-0.976600	-11.914280	-4.539673	-18.533670	0.044941	-5.652562	0.493226	-3.838271	2.105122	12.493791	6.148485	0.447527	16.180513	-7.216799	5.593433	0.485594	9.603057	-20.619558	-1.065237	-0.191311	-11.555776	-4.433125	-0.901403	-0.043616	-2.606040	-20.106029	-23.436245	-15.071241	-0.684918	-3.855165	-2.165364	-6.990044	0.019946	-1.861956	0.005913	-0.642210	0.107112	4.148238	2.154408	0.062657	4.207046	6.760480	7.473115	0.507360	16.215904	-12.425320	3.779308	0.379136	2.167465	-14.075216	-2.673339	-0.138609	-4.818697	-9.922919	-12.705182	-3.605676	-0.669328	1.064541	-0.231005	-1.556923	0.031120	-0.334153	0.146366	-0.090813	-0.010339	-0.011008	0.057961	-0.059122	0.066511	4.598658	2.765802	0.206201	5.207174	-1.927797	4.844125	0.138567	11.404706	-19.995328	3.170180	-0.186810	1.403658	14.399098	-0.469539	0.286313	-0.235663	1.820165	-0.030933	-0.404828	0.048564	-0.114634	-0.175447	-0.136058	0.108288	0.044807	0.007716	-0.053973	0.094023	1.814594	0.462697	-0.036859	0.421151	2.544658	2.785864	-0.037014	5.409459	-16.868900	6.164949	0.873320	7.244758
-175.455327	-79.079965	-56.657755	-1.047675	68.107872	-230.342568	-3.701399	-12.979929	598.744888	-144.429704	27.966914	83.725398	-65.444003	-205.998106	-38.931716	22.411080	-249.784311	-67.058176	-0.822075	-77.642388	-11.184919	-2.009356	-0.035951	-2.622890	-0.325568	-0.038082	-0.014702	-0.078723	-207.002560	-98.630587	-100.589239	-2.061275	183.659546	-90.256807	35.286627	-7.030847	240.598554	-63.948271	16.861004	19.520383	114.914855	-3.445241	-16.103215	92.375799	-190.674466	1.293375	1.063548	-62.549262	-60.507741	-4.189632	-0.012016	-22.062692	-0.324807	-0.032746	-0.004537	-0.097592	-193.085626	-128.725934	-49.571970	-14.948997	227.441178	-23.884567	69.826518	-0.385031	132.939476	-25.009427	-7.140390	-1.582106	60.788486	32.857509	-2.705162	70.191218	-64.059339	55.185172	9.613690	31.187622	-126.921416	-4.895852	1.117547	-44.926437	-6.985746	-1.835620	-0.013558	-3.341264	-7.912735	-19.116437	70.922527	-21.147522	173.211247	6.741986	74.047016	-0.055563	46.519950	-0.869344	3.896167	-1.928227	-6.335553	15.639397	2.899893	2.765533	38.997396	51.744603	17.700476	73.676976	-91.464711	-7.318940	6.735618	-9.203978	-41.518297	-21.254187	0.023487	-15.043234	115.336893	130.189757	99.635533	-13.549793	83.516775	9.825388	45.643456	-0.210229	11.835048	-0.507838	2.160821	-0.071937	-13.123836	-2.190783	0.227075	-7.061505	-20.485014	12.147581	5.126269	25.708510	13.989135	14.884752	4.480127	99.184218	-95.693365	-52.049268	0.302210	-0.527932	182.545686	86.185710	37.502414	-0.423103	41.646647	7.200804	12.964750	-0.131012	-0.686714	0.117244	0.755195	-0.215922	-1.383528	-0.010702	0.245951	-0.314634	-48.591057	-3.593089	-0.081240	-13.102836	5.030667	26.021677	1.837515	50.422491	-41.140383	-17.816085	1.704302	58.817986	127.901746	117.975436	7.139606	0.785517	8.576478	2.852599	3.128603	-0.086265	0.126055	0.166383	-0.032692	-0.133384	0.319795	-0.037731	0.235953	-0.152845	-19.295315	0.196838	0.073293	-11.379202	-61.378759	-31.337842	1.442924	-39.761453	44.654883	-60.919786	-2.236288	104.752554
186.182690	77.993551	74.041716	0.384592	388.511042	470.288023	143.098105	0.320435	-144.429704	716.066872	-95.413416	30.216182	-18.436603	115.659698	-53.504294	26.785604	-82.079313	-35.976928	-0.513518	-17.548335	-5.893746	-1.907041	0.014529	-1.238561	-0.530180	-0.064188	-0.023815	-0.130932	375.718987	158.814808	200.991385	0.313588	152.454984	134.274393	70.101737	-0.531206	-189.268096	62.250175	-190.052240	8.301145	130.290704	-18.816272	-41.361225	57.059298	-6.984300	0.299620	-1.581839	-10.843162	-20.721948	-2.345426	-0.177228	-16.381349	-0.514070	-0.047819	0.007717	-0.130943	502.738616	271.394500	161.372014	1.469326	-139.136905	-18.780619	-192.044382	-0.051613	-281.633525	-65.161022	-202.463781	-18.638312	52.876695	-41.718668	-22.170335	-6.342690	85.671814	-3.594325	0.253208	-21.095970	-39.666451	0.936481	0.598224	-42.704389	-1.669817	-1.897086	-0.017984	-5.231962	248.372613	66.636509	-85.968029	3.737787	-257.291326	-42.062629	-252.224965	0.091308	-148.394080	-12.375355	-79.070559	-2.884322	20.659230	-11.541562	-0.642942	-6.135357	87.288833	-7.807983	3.918757	17.302698	-18.611464	-18.741208	3.723625	-45.582606	-27.887009	-4.726483	0.157086	-23.335532	-120.046067	-147.796598	-184.043549	7.153896	-195.019781	-24.554693	-145.388776	0.158032	-46.562774	-1.123295	-18.724047	-0.019157	4.765074	-2.658199	0.044009	2.687898	62.653395	-9.633443	4.900332	16.082900	56.056639	30.154165	7.205965	-43.533212	-60.236562	-8.255050	0.024676	-67.435035	-404.266567	-166.037425	-116.622530	-2.623420	-129.276230	-11.580067	-50.223941	0.278039	-6.801543	-0.004327	-2.846217	0.099122	1.950235	-0.579615	-0.131474	-0.386138	43.057516	5.974869	1.013495	3.738378	69.724660	30.866055	1.078933	-10.048249	-59.122624	73.691934	-0.050451	-102.131175	-380.739231	-307.909254	-46.736971	-4.470056	-87.273904	-16.806183	-19.798761	0.381832	-0.511020	0.204879	0.114087	-0.174981	0.660493	-1.134632	-0.154331	0.147454	16.155278	1.016020	-0.435602	5.129264	61.836234	48.126322	-0.538924	19.709653	-59.368746	242.816159	-10.092449	-74.969126
-137.159366	-55.821149	-41.813740	-1.077215	-204.285932	-236.268911	0.817307	-15.940222	27.966914	-95.413416	128.366409	-40.989971	175.820067	105.293044	30.249861	53.945640	83.199853	13.876133	1.126418	31.709896	1.056997	0.229469	-0.002041	0.722018	-0.044762	-0.006068	-0.001844	-0.012094	-186.658426	-59.797837	-47.579706	-1.780101	-17.042277	-62.692800	75.452755	-6.921515	42.091076	-77.007963	114.506589	-56.121769	42.566697	-27.004211	13.734978	6.412306	103.164034	-10.702919	2.295594	52.487443	11.811141	0.485487	0.037856	6.127335	-0.046514	-0.013049	-0.000466	-0.018847	-217.657526	-58.995279	22.169326	2.563140	18.921328	1.949295	132.665525	-0.562943	10.887565	-22.355010	55.317417	-31.029171	-25.800748	-61.826522	2.231568	-44.340090	73.755811	-33.008095	0.414725	41.132570	29.331067	-5.515701	-0.049568	23.778687	-0.572337	0.412148	0.002753	1.397059	-119.334992	17.374163	101.657292	5.126715	23.912820	9.888920	79.752423	-0.008074	4.239170	-0.764257	11.408705	-5.172829	-34.068539	-24.037799	-0.015289	-35.187401	11.398619	-43.435599	0.933014	5.263024	26.829299	-18.956051	0.139330	43.030135	4.708853	1.738508	0.087735	6.719526	-32.879219	72.708626	61.098292	-1.295059	3.455756	4.400577	20.000595	-0.024379	1.405136	0.028828	1.322376	-0.204234	-12.635217	-6.180219	0.141523	-8.850572	-23.464351	-30.288193	0.492807	-13.122404	5.586622	-43.473510	-0.702399	38.477786	12.278312	-10.402592	0.257595	19.132783	-12.482005	20.093527	14.748546	0.333853	-3.594369	-3.557867	4.047718	-0.068654	0.687999	0.094828	0.324374	0.001918	-0.825212	0.111113	0.056877	-0.174452	-17.979691	-11.418393	-0.105217	-3.174563	-17.018359	-37.602309	0.103850	24.472330	-3.937842	-50.407334	0.670301	38.069094	-7.459352	3.004777	4.587130	0.285253	3.057542	-0.506359	0.935884	-0.094438	0.016061	-0.092720	0.037639	-0.108008	-0.276528	-0.297830	-0.101870	0.004085	-6.573464	-1.298992	-0.070089	-0.741315	-25.066110	-33.588798	0.000735	12.351255	-42.925833	-82.963755	-1.011047	70.990089
90.419091	42.552939	44.920926	1.432311	214.601331	167.849731	87.692146	17.089831	83.725398	30.216182	-40.989971	141.417395	-217.213929	-236.714293	-33.908066	18.311933	-169.903144	-50.044261	-1.588520	-53.058923	-5.416042	-1.194395	-0.041661	-1.339502	-0.315629	-0.039341	-0.014140	-0.078315	133.079198	36.821011	82.606830	2.323930	63.473674	-1.197637	40.999050	6.961708	14.922846	-39.972490	-83.938266	114.442207	27.396147	-69.884228	-16.039236	104.933358	-193.904456	-22.709623	-2.138340	-71.005018	-38.747687	-3.964450	-0.071498	-16.306221	-0.315350	-0.046565	-0.003954	-0.102437	136.266761	26.417842	81.706082	-4.656437	-32.787566	-51.209660	-62.408131	0.236307	-63.473846	-35.863264	-82.721120	40.384964	59.092412	4.961426	-4.386588	145.730463	-139.623368	-2.482674	1.865649	5.152838	-110.434017	-13.394767	0.257276	-48.412615	-4.800748	-1.289566	-0.025897	-2.964540	0.778847	10.153848	0.581196	-5.398947	-80.175766	-26.968015	-82.275347	0.122338	-42.934641	-3.545899	-28.815539	5.792820	32.946577	10.396692	1.028787	82.388928	-24.939419	12.496316	4.310131	126.395372	-144.749750	-24.555489	0.997790	-34.239440	-39.529384	-15.913862	-0.238353	-18.123701	-132.734368	-70.057885	-44.733614	-2.295755	-67.480634	-11.104410	-42.709178	-0.001595	-12.374686	-0.618242	-5.063017	0.454427	9.834686	3.111684	0.080584	16.315527	19.082612	8.357080	1.593020	100.445190	-56.191890	-10.550320	0.900295	86.300874	-121.812560	-51.404996	-0.143409	-23.981827	-152.753431	-76.723002	-28.963687	-3.719755	-40.470336	-7.185207	-13.342379	-0.014912	-2.507903	0.411530	-0.528033	-0.087176	-0.394368	0.419651	0.040388	0.294526	12.733939	0.387291	0.457789	29.017171	-23.110740	1.731288	0.682918	95.729738	-150.523924	-22.879761	-0.219618	53.561685	-108.265920	-89.451762	-11.845596	-3.243198	-23.445712	-7.675677	-5.142890	0.039287	-0.659270	-0.656342	-0.311516	0.147748	-0.585245	0.122611	-0.238998	0.191912	4.544369	1.318980	0.151016	3.292479	-6.051408	-3.058877	0.104711	37.974817	-120.351102	14.670812	3.081548	112.388794
-250.124482	-86.714074	-76.126743	-2.728312	-623.409021	-381.272684	-126.455550	-50.290071	-65.444003	-18.436603	175.820067	-217.213929	788.921585	408.005498	98.793285	95.567179	297.993562	60.038909	3.226303	93.598077	2.115038	2.223190	-0.039018	0.341839	-0.346751	-0.048056	-0.015343	-0.088372	-349.789452	-28.483894	-89.516495	-3.990901	-180.375871	-47.447392	18.532565	-19.957122	43.911485	-89.826187	235.176053	-230.125813	127.077295	19.563735	53.133789	-88.492275	398.740489	10.908842	8.497595	173.353120	43.270523	3.539514	0.300624	21.154066	-0.105098	0.040420	-0.001736	-0.011406	-485.771048	12.868192	-57.756276	11.405099	-63.308148	75.383772	191.204899	-1.553421	70.453075	-8.262990	172.789415	-107.040605	-93.113533	-136.800336	14.919818	-237.090767	313.363767	-69.273185	4.374535	90.094628	149.451633	6.462413	0.270752	78.559543	3.640755	2.067632	0.027426	2.852012	-381.765046	-58.288372	67.458330	8.706810	36.646461	44.154361	180.376978	-0.126011	65.648434	4.937181	57.083894	-15.628606	-100.367997	-66.054489	-0.353495	-152.820815	76.940789	-99.294300	0.208955	-123.485539	220.005991	-5.159070	1.591493	100.204242	44.474955	11.946396	0.623336	21.522929	-92.428343	80.951124	108.014823	-6.108786	38.529123	14.100011	84.361019	-0.336055	22.322644	1.235977	10.120129	-0.701430	-35.709689	-16.433823	0.380852	-32.536855	-40.928089	-67.564701	1.367817	-142.785405	118.637967	-54.133171	2.282464	-61.704585	138.448822	37.998823	1.332956	36.937072	55.449933	79.920934	56.183130	-0.316804	18.273718	1.227242	23.894021	-0.445566	3.772171	-0.464199	0.559469	-0.258634	-0.948420	-0.387100	0.195917	-1.168999	-30.973298	-16.662190	-0.305727	-41.400455	35.490803	-32.439544	0.140210	-94.442216	156.325208	-14.109484	-0.211069	-43.832295	-20.744711	72.741433	14.933126	3.907870	9.804326	4.149600	7.953710	-0.276485	0.416971	0.215526	0.569164	-0.612103	0.747474	-1.014673	0.232754	-0.407912	-6.395673	-3.580468	-0.528703	-2.999855	-15.616785	-16.241115	-0.594647	-35.783393	133.688903	-21.808571	-18.054985	-72.226359
-173.185347	-79.988110	-68.652824	-2.175245	-363.765590	-299.954849	-110.723114	-31.224910	-205.998106	115.659698	105.293044	-236.714293	408.005498	649.402353	64.607219	4.423073	417.394788	146.921830	4.483336	132.935882	15.069512	3.266254	0.101927	4.435463	-0.487466	-0.062302	-0.021694	-0.122972	-239.559989	-106.008438	-132.960840	-3.352413	-61.714156	-57.855317	-22.984050	-13.117947	-21.444994	6.099830	172.133116	-224.095240	-34.739670	127.111447	35.070432	-173.149190	481.680088	54.621667	8.480545	193.332362	113.685154	11.212798	0.212143	43.636386	-0.437824	0.019065	0.009862	-0.073417	-257.189126	-103.749663	-123.123322	5.899076	77.633063	44.102353	131.158780	-0.805146	51.455588	5.346465	146.159844	-97.925191	-202.252993	-79.415944	4.671549	-318.331386	324.809514	-23.648755	-2.590035	29.868859	300.249887	30.082555	-0.253347	125.489615	10.129630	3.423018	0.009835	6.478526	-9.165989	-41.757429	37.854795	7.935938	150.587369	42.596765	154.070464	0.104580	51.404912	-0.927597	49.664846	-13.022630	-138.141266	-47.769951	-2.711345	-187.767072	39.210832	-70.007350	-9.669120	-245.117011	356.517416	29.591233	-1.417518	111.016980	90.507888	37.499260	0.869494	42.978228	271.906110	139.958000	104.370794	9.762136	116.589767	26.539908	70.562061	0.517567	13.163447	1.701284	5.878270	-0.557612	-39.193418	-12.614639	-0.344530	-39.413464	-84.831484	-52.412225	-3.605149	-222.283152	141.249255	-21.701016	-0.027481	-135.720446	279.205627	97.364668	0.908359	62.501252	229.410239	179.834421	46.446431	9.508991	62.614604	11.350098	17.932482	0.387457	2.122653	-0.404830	0.241037	0.571120	-1.670102	-0.483248	-0.211913	-0.904411	-44.407640	-10.311730	-1.088236	-70.163314	34.863679	-41.850877	-1.584725	-187.618991	327.777206	17.902375	1.132955	-91.122584	119.268409	113.027270	12.353780	7.641006	36.051665	13.218505	5.014174	0.345156	-0.142049	0.885456	0.084881	-0.089997	-0.179320	0.261421	-0.036722	0.036318	-9.069701	-2.492784	0.145032	-7.274488	0.814121	-27.042714	-0.432187	-68.008620	215.385521	-58.790127	-6.048347	-200.263129
-30.994195	-11.373994	-10.630235	-0.214567	-114.417364	-62.415331	-33.300700	-3.411728	-38.931716	-53.504294	30.249861	-33.908066	98.793285	64.607219	32.498671	1.068680	80.277463	22.856941	1.635741	23.758184	3.297118	1.033670	0.009959	0.688597	-0.087662	-0.011965	-0.003753	-0.023206	-57.080320	-9.013615	-19.609541	-0.274342	-52.093230	-4.123355	-5.927405	-1.494798	11.998878	-16.233425	51.962731	-30.738768	4.563555	5.435781	21.108731	-26.613904	71.907162	0.411045	2.854260	28.832708	17.066861	1.255054	0.085354	8.094230	-0.090020	-0.012562	-0.000288	-0.032341	-91.955190	-3.407768	-12.801926	1.175964	-20.609535	8.853339	37.049360	-0.108602	15.447318	-0.972004	43.606398	-12.123859	-22.381891	-22.452400	6.973882	-44.375721	44.576735	-12.736245	0.896848	5.210108	39.330944	0.981117	0.046681	20.105592	0.860887	0.841183	0.013387	1.457694	-81.413737	-5.866708	6.685527	2.111737	8.860603	7.515804	37.049476	-0.023556	15.970853	1.265350	15.244492	-1.420899	-14.264297	-8.062987	0.494907	-23.042072	1.326349	-17.966259	1.337677	-28.881614	39.711747	-0.629481	0.535856	16.969265	10.686283	4.620620	0.210386	6.017333	-28.612875	3.983768	19.272934	0.026550	13.702743	2.853906	20.302666	0.006127	6.199054	-0.043926	3.357532	-0.231430	-4.240999	-1.724969	0.170332	-4.316390	-11.043748	-10.575471	0.853298	-22.860249	13.256984	-9.265903	0.658667	-11.921484	32.767285	11.622477	0.341640	7.366956	40.468437	8.419662	15.681821	0.140980	12.543502	0.147737	6.467371	-0.006442	1.121416	-0.069263	0.348827	-0.084618	-0.318582	-0.104737	0.112378	-0.224597	-3.995384	-2.567608	-0.057306	-5.231436	-0.852358	-5.575580	-0.145057	-16.344778	32.298362	-5.907472	-0.079434	-4.172954	36.010993	36.647408	6.118284	1.372890	10.531401	2.480240	2.797647	-0.016995	-0.045298	0.599065	0.142061	-0.006609	-0.019031	0.073336	0.253051	-0.082511	-0.428127	-0.495212	0.042384	-0.074065	-2.879591	-5.341831	-0.082710	-3.616551	20.287158	-11.508672	-2.379895	-12.734187
-55.772200	-13.059794	-6.162663	-0.403869	-67.538992	-72.545323	24.214112	-13.039732	22.411080	26.785604	53.945640	18.311933	95.567179	4.423073	1.068680	104.287239	-2.931390	-20.309393	0.136694	16.305676	-3.469161	-0.474278	-0.044212	-0.723009	-0.375682	-0.047260	-0.016781	-0.093795	-74.225150	-39.187920	2.176699	-0.595477	11.351926	-73.298907	55.120940	-4.943344	24.864290	-81.198016	54.501088	-16.757244	46.831450	-58.128544	1.674892	74.920429	38.514393	-15.367769	1.725791	45.522097	-9.667077	-1.822798	0.005865	-2.660191	-0.378677	-0.032958	-0.002525	-0.115788	-113.635885	-57.982224	20.500162	0.147929	12.318627	-31.347887	79.636302	-0.609814	-17.370129	-43.051724	15.167197	-20.224711	-33.827119	-63.999591	-1.592313	6.699721	34.118447	-33.566181	1.137717	79.498804	-13.675297	-8.326224	0.364827	11.966876	-2.226928	-0.045438	-0.012177	-0.914025	-94.983606	-10.741511	81.192573	-0.718517	-10.247647	-4.215412	48.025552	0.037337	-10.842737	-4.823791	-0.661847	-3.407658	-44.557758	-22.649785	-1.194103	-16.900193	-10.118139	-39.011863	-3.299419	54.643011	-2.057820	-26.505415	0.291919	56.631343	-6.580031	-6.519810	0.105847	0.311437	-50.448559	46.786986	56.077830	-1.389564	-29.493044	-0.078902	8.719228	0.014866	-3.689807	-0.392999	-1.262925	0.130341	-13.659003	-5.590100	-0.399185	-6.339593	-40.005732	-29.378586	-2.648970	-0.523767	14.257464	-45.618693	-1.321280	72.051545	-17.463363	-29.110934	0.524873	15.209115	-84.369868	7.729977	7.817425	-0.269750	-33.760624	-5.970859	-1.140705	0.036257	-0.841080	0.002533	-0.246878	0.087036	-1.144623	-0.026555	-0.084836	-0.108575	-17.673888	-12.254423	-0.513560	-5.713557	-13.431246	-40.419973	-0.206131	28.551924	-22.726336	-34.859150	0.117185	52.349585	-117.030115	-61.229664	-7.015641	-0.897261	-20.839593	-6.910391	-3.119159	0.042870	-0.310720	-0.192684	-0.126514	0.393359	-0.780886	0.343379	-0.126862	0.163773	-0.669065	-1.427580	0.159888	-0.006643	-27.022994	-29.034903	-0.163365	7.689360	-23.889184	-60.157826	-1.952895	73.776850
-110.037538	-44.222673	-42.631038	-1.070576	-366.642138	-230.327518	-111.018389	-17.692808	-249.784311	-82.079313	83.199853	-169.903144	297.993562	417.394788	80.277463	-2.931390	428.977135	129.094686	3.262873	123.893380	19.293433	4.180080	0.038829	4.752036	-0.154895	-0.022212	-0.007340	-0.037670	-192.790937	-66.247763	-93.762875	-1.087332	-147.717958	-28.003113	-33.005571	-6.932742	-24.898033	-17.538657	164.497746	-143.897576	-50.328687	65.079880	52.474119	-150.664312	372.844785	22.359264	5.187798	137.547591	107.189825	8.720807	0.176203	42.075999	0.100936	0.092100	0.002817	0.086112	-263.301432	-77.099355	-77.006235	8.185617	-25.212529	35.582423	126.623687	-0.446359	38.127183	23.063814	157.840765	-58.158698	-139.482693	-59.051488	16.558533	-222.315646	211.625013	-43.719968	-2.736955	0.052691	246.513876	15.146034	-0.299181	96.338603	10.095476	3.868767	0.010663	6.045005	-134.640274	-10.298029	32.927852	9.746230	67.986387	30.755738	137.735523	-0.023944	49.992572	0.882070	52.757571	-7.049710	-81.310768	-35.662902	-2.082958	-113.161891	6.404588	-65.933904	-9.589165	-177.962240	243.380806	18.518534	-2.527133	71.673888	71.052541	31.086204	0.397503	33.277906	59.853583	94.812933	66.033734	5.348733	67.503258	18.948390	61.786933	0.090862	16.081748	0.840963	7.960721	-0.339361	-20.787568	-7.448475	-0.237136	-21.493663	-56.952482	-39.854241	-4.305472	-132.701380	63.105572	-25.614699	-3.047486	-96.793346	211.444599	73.949776	0.561719	43.077132	129.835488	83.721348	37.221390	2.635097	45.694005	4.377456	16.984769	-0.014343	2.482748	-0.285911	0.432277	0.063869	-1.104254	-0.299317	-0.170713	-0.504832	-15.632737	-9.624161	-0.898941	-35.928892	4.055122	-39.426841	-1.160988	-124.081584	219.177707	0.001084	0.696240	-56.646164	112.672292	104.625288	13.610572	6.666644	37.695983	10.552915	6.564882	-0.021600	-0.106455	0.324364	0.151435	-0.172666	0.104219	-0.183934	-0.138903	-0.043028	-0.747447	-2.470513	-0.170012	-0.984537	12.852155	-18.346143	-0.325345	-24.811222	119.270513	-52.626264	1.613703	-135.966807
-33.445013	-15.020574	-13.729638	-0.299097	-99.797413	-69.499020	-37.093838	-4.710727	-67.058176	-35.976928	13.876133	-50.044261	60.038909	146.921830	22.856941	-20.309393	129.094686	71.279157	1.671107	33.575520	9.780612	2.836974	0.080124	2.282066	-0.112626	-0.014968	-0.005069	-0.027988	-58.701677	-29.958739	-38.107036	-0.367067	-38.889740	-19.067888	-27.353323	-1.942842	-3.775860	-5.298940	39.213749	-41.028235	-48.517139	44.192147	18.453183	-63.139896	110.957747	24.388132	2.306549	42.042625	49.701316	4.982355	0.066842	20.259813	-0.088723	0.016209	0.005916	-0.004147	-82.572276	-46.262246	-45.716796	-0.113584	12.308195	7.299399	20.719417	-0.153181	33.861094	9.106343	56.149692	-15.997085	-59.883329	-4.730578	7.254707	-76.833438	44.592665	-3.296561	-1.622806	-10.878607	109.166391	11.787788	-0.255855	41.965244	5.774767	1.578531	0.009978	3.983535	-33.536374	-20.533618	-3.253349	1.295474	53.336653	11.406392	47.142651	0.049737	30.876986	0.236490	25.742418	-2.078336	-32.077778	-8.148590	-0.445907	-37.702502	-13.824038	-14.853750	-3.406760	-74.982671	98.186122	12.119338	-0.978459	20.959314	36.102397	14.326388	0.207597	16.907198	71.989612	21.889116	24.884878	3.231015	53.767579	9.299210	30.674283	0.325715	11.710480	0.979657	5.066335	-0.009076	-7.480185	-2.238163	-0.131875	-7.745606	-27.375188	-11.623459	-1.417113	-55.084603	24.218152	-3.424998	-0.489033	-49.454434	95.787288	32.238534	0.290378	20.827653	110.355517	51.854484	19.006686	1.076926	40.751220	5.088142	11.064797	0.266796	1.991106	-0.091517	0.594839	0.415892	-1.019721	-0.023833	-0.176112	0.079695	-9.396484	-1.860457	-0.317451	-15.766677	0.743452	-14.556315	-0.379857	-54.060973	100.398063	-5.558767	0.559335	-24.117131	99.392772	78.926818	11.201866	2.645772	30.060443	8.075016	5.437336	0.168028	-0.240410	0.355956	-0.021757	-0.065143	-0.663975	0.657126	-0.140156	0.125793	-1.840554	-0.238080	0.184107	-0.652794	9.935148	-5.530816	-0.068506	-14.788866	44.508891	-14.783905	3.414779	-68.463805
-1.107855	-0.503398	-0.427352	-0.012204	-3.236783	-2.069239	-1.202256	-0.257064	-0.822075	-0.513518	1.126418	-1.588520	3.226303	4.483336	1.635741	0.136694	3.262873	1.671107	0.904339	0.905194	0.232534	0.207663	0.032954	0.051379	-0.042218	-0.005097	-0.001923	-0.010468	-1.951045	-1.213584	-1.236676	-0.015455	-0.222619	-1.157672	-0.292841	-0.061563	0.767137	-1.488567	2.008841	-1.304182	0.707020	1.085691	2.154059	-2.319641	3.779772	0.752013	1.169172	0.660858	0.699342	0.124331	0.027249	0.361488	-0.034815	0.002523	0.000900	-0.001202	-2.303781	-1.466238	-1.486567	-0.064307	0.637857	-0.505170	1.479736	-0.009966	0.670056	-0.856240	1.867094	-0.518960	-2.236766	-1.210930	0.513312	-2.835850	2.804027	-0.198410	0.244231	-0.032751	2.398479	0.295813	0.011512	0.859192	0.034103	0.084541	0.002673	0.040128	-0.293949	1.632974	-0.163742	0.333765	1.249261	0.736367	1.798322	0.002159	0.271050	0.007477	0.473778	-0.138261	-1.461817	-0.351813	-0.004218	-1.227443	-0.413762	-0.687102	0.004813	-1.211279	3.197197	-0.188015	0.138378	0.986530	0.608211	0.214911	0.071410	0.011273	2.351108	2.065651	0.720560	0.531474	0.724212	0.516064	0.383978	0.112220	-0.053810	0.007236	0.003038	-0.058906	-0.392337	-0.108009	-0.016276	-0.307077	-1.388396	-0.651652	-0.010611	-1.649200	2.190805	-0.338788	0.277397	-0.303697	1.833733	0.123395	0.184261	-0.154685	4.329193	1.385635	0.114450	0.641653	0.653572	0.047776	-0.023499	0.135494	-0.041867	-0.047827	-0.001838	0.045258	-0.057437	-0.080406	0.049881	-0.035996	-0.734881	-0.197736	0.032875	-0.626861	0.159682	-0.052360	0.048637	-1.359771	2.129879	0.986627	0.131669	-0.384859	2.259362	1.644966	-0.126808	0.377583	0.375101	0.384306	0.002061	0.093940	-0.099753	0.369943	0.063313	0.105943	-0.103684	0.147521	0.171465	-0.014739	-0.066263	-0.031141	0.095242	-0.095043	-1.170124	-0.415955	-0.000966	-1.087773	2.288296	-0.367844	-0.327214	-1.036974
-38.300928	-15.160984	-12.675290	-0.394553	-119.740441	-77.333985	-31.454309	-6.211261	-77.642388	-17.548335	31.709896	-53.058923	93.598077	132.935882	23.758184	16.305676	123.893380	33.575520	0.905194	48.254804	5.023374	1.101592	0.010455	1.426342	-0.109884	-0.014307	-0.004910	-0.027452	-64.348002	-31.125536	-29.400579	-0.515103	-41.994692	-21.382377	-4.992938	-2.422417	-9.175324	-14.724685	56.126365	-46.783603	-23.611988	12.796723	15.170552	-34.045042	121.584548	3.569917	1.868207	57.110548	31.992609	2.459154	0.052729	13.587596	-0.096157	0.014151	0.002590	-0.011135	-88.712980	-36.153466	-24.466424	1.338093	-0.971443	2.505633	47.637615	-0.199185	9.220864	2.378418	50.019507	-19.681123	-57.566717	-25.565661	4.038524	-71.076134	69.907723	-18.125958	-1.042289	13.487094	78.436823	3.334788	-0.019632	36.264609	2.400577	1.292270	-0.002749	2.015705	-43.719033	-7.478291	19.178087	3.659608	25.098074	8.932937	50.828723	0.020861	13.558371	-0.171667	16.119740	-2.396928	-33.388220	-12.898312	-0.921277	-40.046116	-5.318740	-25.511968	-3.904290	-52.312689	79.466426	2.163140	-0.702258	35.158251	24.161071	9.476851	0.196978	11.933417	14.805958	35.994707	31.841798	2.773632	18.868880	6.852580	21.671001	0.159455	4.603987	0.302462	2.102395	-0.051550	-8.865528	-2.899032	-0.223199	-7.678857	-29.571435	-15.359755	-2.025079	-44.830217	24.276560	-14.393697	-1.150244	-22.524977	71.259814	21.944599	0.161040	16.584696	35.669485	25.516021	15.958481	1.221445	10.084996	1.098563	5.380482	0.172474	0.957644	-0.109545	0.115562	0.172903	-0.582768	-0.202175	-0.139282	-0.137952	-9.541764	-4.655062	-0.465209	-13.829536	0.657783	-17.321923	-0.642260	-38.519204	73.575375	-2.927005	0.127824	-11.793989	32.685497	26.145871	4.529724	1.769172	10.091248	1.566278	1.465573	0.073702	0.103994	0.172596	-0.027303	0.286213	-0.336222	0.302324	0.034635	0.049072	-0.592392	-0.819457	0.080043	-1.131968	-1.433929	-11.524973	-0.122316	-9.847816	41.698094	-25.578155	0.593219	-38.059116
