2659.463770	1040.004376	22.836313	336.980227	300.055208	213.541833	-51.352323	103.447843	-1171.258372	-303.441957	-109.884868	-101.893233	190.764698	-9.453963	-13.922257	-17.996375	-179.699646	168.555038	-78.480314	-20.884314	-467.321959	106.987295	-97.805996	-7.333102	-50.566462	19.159654	-7.664597	31.623008	1622.724693	233.818521	5.251246	279.703279	125.912518	238.557592	-49.588055	151.613729	-982.496854	171.100261	65.663919	-113.815144	-70.588395	-39.694511	98.637314	-9.879063	-159.528848	104.357278	-100.271203	-18.972243	-165.262718	120.015422	-90.961356	18.774201	16.406266	95.539924	8.674842	82.361323	878.914687	81.243423	-119.241708	106.135443	158.098946	116.915590	-214.728244	111.429638	-380.899211	349.091513	214.676253	-51.021021	59.772815	-91.508892	65.306812	-6.064086	-287.127810	-123.595714	-201.728086	-26.170812	-144.640566	-55.889127	-65.564736	-4.129675	200.826925	124.366317	11.584041	-108.791961	348.017133	201.252166	-421.021923	12.818273	182.530517	15.849029	-328.669210	51.333796	-180.454497	135.039510	81.981563	-49.928891	73.444042	-17.070537	-63.834379	-22.628291	-238.925496	-21.767313	-206.751466	0.447217	-20.532229	-3.230778	-30.316396	-9.831272	44.854083	86.806249	68.673542	-160.139707	6.253970	272.342968	-426.064089	14.715951	257.391969	358.564188	-146.724663	153.420460	-102.103383	287.077562	9.502288	31.398057	-28.257715	31.369489	-80.000696	-34.687829	-135.616890	11.994103	-116.281962	-5.836282	73.439220	18.963894	46.418845	-1.588665	-220.024034	173.936064	100.127093	-45.496618	-426.286449	178.516181	-145.985846	-114.136688	203.691976	349.840332	-162.556578	81.596644	-120.063734	233.663465	-134.114052	-9.703025	-144.511431	19.570903	-28.912098	-115.294289	-136.741211	-28.509885	26.952197	-41.093945	124.888876	36.164525	238.462098	-3.289266	-375.047646	140.723487	-46.761965	-3.231530	-416.509862	-239.853032	-60.833265	-322.990183	-62.239097	-316.055442	-262.286121	-10.996089	-120.489193	-125.530118	-165.344419	-57.075067	-231.377143	-182.765865	19.427000	-186.627212	31.954833	152.633434	378.424599	-82.019712	52.811463	60.192436	352.357611	-27.231366	-316.175731	-177.477724	-71.390724	-13.330575
1040.004376	1014.440981	17.366381	292.952481	-213.041768	116.075134	-30.964001	35.044171	-667.208823	-162.280107	-57.284945	-71.792392	105.947814	-5.600680	-3.112108	-3.212037	23.563509	67.543952	-19.979417	-7.804627	-41.487067	8.793066	-28.473643	-24.494215	-8.564230	-1.649021	-4.072336	-1.914036	724.455462	313.076772	14.248599	247.508806	-83.675252	225.381715	-15.600743	132.789224	-544.036103	105.051904	32.916791	-58.302653	-44.595865	-76.987168	21.460432	-7.702504	-57.633962	-12.856873	-69.276473	-4.574587	6.350790	15.023024	-37.408685	-19.148217	-44.508986	44.587215	-3.297776	-9.545834	367.070564	30.265707	-81.445549	74.448540	24.428927	108.543733	-132.378386	108.088925	-144.623162	205.699787	59.812332	2.875800	32.803414	-1.953460	4.852441	0.678545	-158.177231	-66.444707	-70.981063	1.955878	-15.119929	-0.374953	-15.280195	23.891350	-17.710121	121.141675	-4.525839	-71.751228	118.996583	12.597343	-281.586142	-1.504177	38.149094	-10.306492	-174.680753	10.060234	-158.724728	139.086797	20.305541	29.365620	-12.625037	74.608506	-47.540279	42.490331	-84.035849	31.921294	-64.349044	18.693125	52.395474	8.620196	-7.642053	15.564075	-0.067836	67.358546	-3.124017	-95.584188	-96.687231	37.498370	-278.203272	-0.683586	142.906361	187.179287	-38.158211	29.555250	-105.829923	154.992084	37.278260	1.999174	-82.001927	85.201306	-60.768805	50.579404	-44.803525	70.361664	-40.452298	41.622962	58.493550	15.506143	5.943812	11.413745	-73.035883	89.278017	-61.771476	-22.270314	-343.184757	88.161675	-67.388571	-71.179419	158.352234	199.611152	-38.090741	36.955717	-93.135867	103.227810	19.005851	-30.011064	-107.148336	21.593838	27.454641	-37.161707	-73.029752	42.409926	-3.098154	23.671704	22.178669	34.202689	51.882952	8.845978	-54.191161	107.421577	-138.643244	10.185499	-282.269550	-195.349136	-33.770369	-233.830122	-2.040912	-175.361090	-118.156782	-4.557779	-89.416350	-94.816406	-65.893739	-24.477348	-164.003981	-108.536045	25.671866	-89.150470	-59.443034	105.504008	149.030343	-31.074802	-113.739694	48.585639	120.225845	-13.427085	103.169887	-10.186293	-81.085324	12.935515
22.836313	17.366381	6.417182	1.091048	12.118787	12.799453	4.014303	2.488937	-17.920413	-4.849898	-2.412459	-1.710970	0.596324	2.017150	0.594157	-1.133156	12.432787	7.204987	2.222502	-0.366998	-12.314807	5.872162	-2.095504	-1.091049	-1.646455	4.498926	-0.211021	1.877881	26.490513	6.736168	4.286726	1.716873	8.079051	3.985890	1.582398	0.818548	-15.801866	3.704651	2.455398	-1.901065	2.257587	-2.653764	5.190162	-0.305049	2.373424	-2.419715	-3.335471	1.639578	-7.484964	3.754964	-1.627850	-0.572364	5.571829	3.270902	-0.338833	3.248515	22.631418	-0.848423	-4.147695	1.643086	5.622158	-0.514533	-2.217703	1.808156	-13.235473	9.383018	8.344063	-1.426244	6.186653	-2.241740	3.873162	0.231001	3.372557	-6.778192	-3.120434	0.461484	-1.982653	-6.966261	-1.224990	1.695438	7.403095	-6.993696	-0.109125	-3.002041	9.760416	-0.687867	-10.174126	0.408501	5.138228	-3.259369	-4.171746	1.439225	-15.163197	-1.433811	1.458826	-1.969084	7.715482	-1.309868	0.264308	-1.419655	1.484145	-1.264190	-4.886594	-0.152736	0.187677	-1.583020	-1.151583	0.509783	2.928269	-4.932294	1.850668	-3.903976	-1.460430	4.369735	-5.489454	0.153900	3.553558	4.701044	-3.943360	5.725011	-5.954226	3.349768	-2.015142	-0.169915	5.003853	-1.416345	0.180323	-3.143588	0.141902	-0.898661	-2.613744	-1.774319	1.650131	-0.054944	1.293450	-0.086737	-3.651305	-1.877374	3.598102	-0.911487	-5.376930	5.325440	-1.087022	1.576378	6.559118	5.547237	-5.233711	6.919964	-0.061235	1.269280	-4.390400	1.382510	5.929562	-6.795582	1.285085	-3.778544	-2.056526	-2.602922	-0.205103	-2.661405	3.075058	-0.034695	4.865641	0.022721	-8.597577	-1.840337	1.612730	-0.348576	-3.569805	-3.009760	-1.438719	-3.305836	3.013143	-0.186182	-5.643629	8.018029	-0.381511	4.415607	1.355661	0.572581	-0.634781	-2.752050	5.009750	-3.967508	3.265684	4.285086	5.000984	-1.314461	0.340286	3.424811	12.890542	-0.168530	-12.249323	-8.988171	3.895263	-0.762781
336.980227	292.952481	1.091048	127.605718	-92.483054	3.945661	-11.464330	24.976091	-228.409641	-55.348498	-18.812722	-22.277314	-14.726924	-10.312287	-0.194236	-1.863058	32.258505	12.241096	0.382944	-3.920221	-2.894313	-7.135172	-12.916982	-6.814356	-4.685715	-7.653040	-1.575559	-3.339952	198.349643	90.882255	-1.896489	105.333071	-35.721204	62.262039	-10.816896	63.901319	-181.918219	25.086173	6.876908	-13.787114	-18.541181	-18.550364	4.812502	-4.368330	-4.295330	-7.507568	-23.042565	-6.166632	-1.769681	-5.393939	-15.112038	-6.891740	-18.904628	0.021932	-1.487067	-13.467055	72.867589	1.084982	-24.027418	26.703190	12.925447	32.077327	-50.584873	49.157695	-50.366978	59.493163	15.253874	2.505260	11.273071	-6.735358	5.099085	2.278537	-49.432990	-9.607631	-21.607327	-1.893329	-6.555747	12.846189	-6.105656	12.137814	-25.736850	36.727535	-2.145922	-18.507142	4.131133	-4.267736	-68.313356	-2.975919	22.159838	9.613811	-40.697677	1.099406	-38.055941	48.647730	0.155364	20.386138	4.983051	15.636389	-16.303113	15.710489	-23.816790	4.804299	-24.005868	4.453726	19.045540	4.862875	-3.234296	6.827219	-13.304860	20.020796	-3.111825	-22.535483	-28.796454	5.418010	-64.451104	-7.863168	52.934401	45.638851	-8.007818	-5.429379	-30.170215	35.961897	8.068977	4.309353	-18.606120	19.364476	-26.607076	25.957947	-2.366466	15.832163	-15.717841	18.787055	26.307388	5.356514	2.683700	4.416597	-11.114461	17.058889	-25.859662	-8.114749	-100.032452	11.483646	-22.720391	-24.450291	30.839326	50.002293	-11.643725	0.956773	-37.900482	35.134253	13.093018	-12.973043	-31.057602	13.733626	3.333666	7.847191	-2.643106	16.406147	-2.590227	25.263607	15.549987	9.482066	14.128125	4.200363	-23.302422	27.224307	-33.607116	3.159813	-103.449565	-80.444896	-14.313169	-63.201652	-5.694729	-69.021223	-37.609236	-6.048320	-31.069396	-33.006717	-24.752660	-10.675797	-46.750283	-39.406457	-0.538472	-24.688363	-0.855398	11.684020	26.047762	-3.625676	-6.233007	10.519047	25.138499	-5.828471	18.535876	-0.586878	-12.131013	3.364787
300.055208	-213.041768	12.118787	-92.483054	3319.818047	507.535034	87.908439	337.486747	1430.214109	136.626561	-18.138294	200.309798	-969.902078	-71.498205	-121.997145	-67.248740	-786.119019	-86.200734	-22.671184	-126.071654	10.614521	23.096650	47.676606	-37.499597	24.444478	-15.919322	-6.735638	37.672143	-583.267685	-487.570442	-29.695946	-318.631137	1252.195874	-232.309139	-27.426722	-36.823267	720.628664	57.280223	-131.381407	124.607042	-348.077296	261.255220	-153.626516	-11.352080	110.242855	-98.852935	-2.556426	-10.072947	123.484766	-83.701150	39.132227	-73.669619	-9.157487	-147.235276	7.779173	-57.068767	-491.588519	-118.066024	114.067300	-250.402444	237.366169	-156.138051	43.828100	-118.931239	220.900864	-15.728676	-195.313273	72.050525	-192.274157	304.208098	-61.774536	8.619187	240.552297	94.017731	43.026198	30.017332	-10.365167	129.814120	36.525571	22.036626	-198.433255	-51.798333	21.274781	173.437510	-21.287748	135.872675	159.840814	-88.745046	-97.514407	-6.830631	13.254368	-112.183421	190.009820	-72.220942	-131.301356	-20.837526	99.006883	44.319535	-68.008606	20.132806	401.626711	-24.240511	81.971229	-17.120102	-43.852296	-39.835681	4.482035	4.918912	-73.109560	-77.516031	-44.050674	224.758777	214.297660	69.228326	-41.239059	-6.846124	-159.546732	-61.715676	13.271333	-93.863656	-68.280639	10.901703	-127.341685	24.414898	248.819288	49.864405	-28.562375	7.762729	324.841451	-35.086705	63.563352	-33.463515	-103.983198	-16.641022	-22.157600	-2.442008	190.644047	-85.221237	-110.817198	65.693318	175.805245	46.184875	-19.621837	83.076006	-197.669164	-55.850340	-164.126806	-13.037234	-50.605585	-60.032575	-105.801829	4.585814	310.626256	-37.727739	-2.153554	-2.756022	268.187558	-4.798976	43.158721	7.603775	-110.507991	-15.974550	-81.055582	-1.105808	333.075342	-93.788482	1.960546	-6.432079	306.378875	243.283663	-71.700997	79.629222	-97.498985	667.299424	-163.752260	57.185618	103.842983	543.414578	69.552388	-71.796256	290.403577	236.757120	123.584372	-31.622620	161.812102	32.858859	-30.161377	60.883465	41.671962	-4.637869	-158.554606	14.319828	466.064810	94.146654	285.574347	-6.766984
213.541833	116.075134	12.799453	3.945661	507.535034	330.519197	1.785001	83.939348	-15.219264	58.494317	-27.840798	27.521006	-199.583889	-4.207670	-17.044640	-14.147733	-56.115513	36.038344	17.311936	-16.244301	125.398410	33.150873	20.218910	6.979359	-0.986599	-1.329718	-1.683380	8.252903	-23.829675	-76.295780	-0.444553	-61.250736	291.727885	33.614631	-13.936587	37.024066	20.305305	34.172123	-31.697498	32.760921	-77.606686	-21.247918	-22.002744	-0.640993	5.604952	-74.724951	-3.148841	-8.910142	38.790762	-39.707844	6.801299	5.111986	9.306546	-5.316818	3.687736	8.894709	-35.850505	-53.238532	8.362140	-61.705753	106.724056	-67.381659	-60.872989	-15.374449	3.185259	-14.211866	-76.225519	24.325854	-49.192193	12.128790	-14.178982	1.900491	18.203286	-35.373928	-6.604610	1.788842	14.871138	-13.633415	4.714621	-1.758474	1.387593	-1.851121	2.324642	4.434787	32.544009	24.417859	-62.981974	-23.351335	17.937161	-43.817490	-78.127245	-23.526690	-18.812666	-27.715542	-30.954100	-29.613709	10.789932	21.176247	-15.632720	0.853846	46.866815	11.822591	3.658910	1.685235	8.148339	0.255205	-2.446556	4.319732	3.236599	-16.138261	-13.928152	-11.291898	4.974484	56.714636	-89.119954	-5.239177	14.180730	51.478902	3.313334	-16.050801	-34.348827	41.063462	-21.120518	-24.277802	44.760138	11.884155	-4.298340	-25.942464	30.872937	-13.545080	1.094446	-16.850927	1.247824	-2.263176	-0.019953	-2.369142	-18.848297	-8.097495	-5.667170	-2.471222	0.423228	48.238690	3.684703	-33.148925	39.830010	26.336111	-31.590389	-0.842291	-9.087818	-10.827057	-35.976478	-9.911363	68.512385	-47.513491	-4.210421	-45.397038	18.879138	-26.330364	6.764675	-30.436528	-3.833659	-9.520204	0.149303	-4.724821	32.036423	-3.189638	-30.970116	0.883578	120.818856	116.739013	1.024750	-27.106358	8.555758	92.718372	-16.167129	10.983979	15.254252	73.909211	4.975792	-12.929008	35.906488	7.816567	27.676978	-26.041487	12.094342	32.354138	25.346669	-0.473722	-7.134214	-14.202998	-16.412491	-3.290146	152.469065	-24.542333	10.353256	-0.271627
-51.352323	-30.964001	4.014303	-11.464330	87.908439	1.785001	36.400109	-2.388661	102.490107	15.190558	27.828492	1.949414	-48.571046	-1.903460	-1.820937	-4.549841	-38.301148	-6.374297	4.909668	-5.430033	-19.636058	-4.239102	-1.443576	-2.329069	-5.406521	-0.453761	-0.379616	-0.304806	-46.962578	-23.819230	1.431890	-18.124982	69.728144	-16.403289	8.260671	-13.075066	49.381268	-6.811983	0.737939	-3.503178	-20.407820	1.234799	5.018310	-2.707773	7.821911	-10.564099	3.364166	1.572096	2.443259	-2.664716	-0.742707	2.476622	-6.421478	-6.899369	-0.845346	3.277076	-30.189295	-20.128413	-2.093005	-11.561590	33.114633	-26.533846	-5.105688	-4.477294	17.961679	-0.703852	0.196237	-1.221013	-16.523794	13.071034	10.589743	-3.197541	24.736367	-0.107856	10.071060	3.624706	7.053770	3.291708	3.541312	4.757772	-14.906646	-16.930700	0.374830	17.834842	-24.064666	-15.870471	5.479558	-4.848145	7.534434	-13.368621	7.226065	-0.820310	5.037443	-14.506240	-0.874353	3.100222	-5.575948	-5.616861	6.038114	-2.749136	31.884686	-1.115294	7.795425	-0.794728	4.456292	-3.420369	0.074879	0.659822	-8.584030	-17.613270	3.107918	10.861853	-13.524810	-4.899892	20.164079	-5.440773	3.385679	-3.151815	10.416970	-1.627991	-0.410422	-6.481570	-4.359086	13.463067	-0.663682	10.584789	5.114040	4.591563	18.119425	1.282768	7.691308	0.720857	-1.515897	-0.773621	1.539893	0.388955	-1.673742	-12.217980	5.959315	5.099374	14.403578	9.799108	12.709307	6.089014	-5.315877	-14.425811	3.039474	-2.979393	-6.491634	-7.111179	1.460957	6.245012	0.681489	10.084625	4.761397	5.395915	10.153762	6.322381	2.089276	1.664356	-0.954392	1.775073	-3.350081	0.456820	11.599519	-17.223563	2.865767	-0.368650	7.182629	26.020674	-1.280046	16.789982	-4.750288	37.015103	1.324951	8.460786	-4.137992	23.122772	14.810241	1.882839	-5.121658	13.675460	13.237112	7.582856	11.323485	11.162152	-3.600301	10.471609	-13.091566	-4.848750	-12.702314	2.656009	-10.604047	-9.708678	-0.926791	-0.433472
103.447843	35.044171	2.488937	24.976091	337.486747	83.939348	-2.388661	131.181595	-52.388483	-38.879116	-26.376559	52.421417	-161.379685	-16.419239	-11.578156	-10.099995	22.710134	-5.137101	1.660327	-6.741850	35.988331	-10.000766	-3.230953	2.182912	-3.698979	-10.881278	-2.122061	1.993464	-66.100235	-49.640715	-7.308870	-23.234886	145.853670	-1.520923	-13.938381	62.939980	23.924894	11.122752	-23.351646	49.246998	-56.968750	-7.571892	-13.032268	-4.950918	23.216118	-39.552896	-8.581099	-3.393011	6.482223	-42.251146	-1.648512	-8.384584	-13.233434	-45.798613	0.897529	-26.765414	-88.406868	-15.890085	20.017345	-33.696916	10.296002	-12.790385	-11.277335	-1.632165	6.094263	-5.743939	-51.718868	23.711526	-39.736394	-6.170208	-7.980437	2.270085	-17.934953	5.280812	4.341424	1.906416	-5.018919	39.851811	4.609943	11.775654	-63.181624	2.070425	0.990612	17.039933	-18.530220	18.170958	24.397800	-14.955363	-30.545597	14.608406	-2.214899	-24.560907	-5.684024	3.354118	-16.909371	-3.992608	-14.431678	3.599978	-22.206595	6.562146	13.995369	-0.463551	-4.479125	-0.553773	-0.260509	1.922695	-3.494031	4.487468	-32.605876	-5.694898	-10.784028	36.846520	9.495106	17.312210	-13.590675	0.561077	-38.759152	5.396087	23.844113	-37.452763	-33.118372	3.705530	3.544818	-20.269073	26.881549	3.197175	-30.917791	18.703782	39.782800	-3.743636	-11.126882	4.262405	-0.653717	-0.892096	-1.778703	-1.029331	15.837985	-17.373422	-18.508576	3.298031	-22.933206	26.385066	-1.081950	-6.199776	-47.445753	-5.485395	-9.338396	-18.929109	-32.721893	-22.848523	-8.386765	-12.322947	39.527646	-18.266366	-7.467326	2.683226	43.902202	0.242568	-1.268685	8.308983	-1.763141	-2.631591	2.608957	-0.035026	17.883853	-11.158874	1.465747	-0.833058	49.904038	2.896155	-3.624539	-10.411758	-1.753035	5.739058	-12.099402	-5.963658	24.452065	15.994711	-4.112311	-13.470538	50.478436	3.737320	7.955635	-21.735884	45.629276	12.772146	10.797182	-3.248014	5.950542	7.191955	19.651776	-0.465375	20.814708	-8.317287	45.118653	-2.402118
-1171.258372	-667.208823	-17.920413	-228.409641	1430.214109	-15.219264	102.490107	-52.388483	3302.619116	621.828690	235.225024	188.659379	-188.541516	115.302662	-46.492336	0.679189	-1635.047458	-178.558794	-75.632382	-126.884615	267.002977	-55.865432	120.802152	-46.743191	143.544840	-9.411002	8.509979	2.386016	-1281.981996	-462.909064	-41.815596	-353.460543	92.696729	-427.499595	20.578981	-346.199461	1851.943106	-281.910919	-133.314626	39.131599	-10.839457	224.252174	-277.552928	8.019415	-194.486932	-28.091414	42.236615	-65.184180	354.999620	-133.514210	134.841769	-163.482333	1.045651	45.582398	-2.804459	-48.974552	-878.618782	-113.971725	86.830239	-200.294202	-377.819641	-102.981067	279.650823	-263.150064	605.111341	-375.988488	-264.957001	9.894391	-200.239189	292.793759	-160.479428	26.041172	77.416392	199.053974	153.711307	15.746022	180.793510	96.729122	126.714516	-36.571996	-97.273512	-33.922840	0.341011	127.885660	-319.720848	-28.599476	421.382117	-19.982959	-361.278488	14.774517	366.246378	-143.709371	322.767092	-161.530131	-74.701069	-43.388430	-104.980982	-7.262758	-36.588480	16.883241	310.878990	6.269382	289.719350	-15.787355	66.781791	-31.673091	75.229425	5.421892	33.065603	-122.246812	-58.801518	163.430910	85.894079	-178.111193	318.627478	-2.689103	-230.941815	-320.035089	118.950472	-187.827937	98.816958	-269.501295	-82.483097	-150.237075	20.006317	-5.056014	-5.680050	4.295159	260.664339	9.246135	206.671173	-0.236367	-94.763075	-16.019833	-27.922587	3.405930	213.316921	-138.729563	-102.215670	65.066772	220.090823	-130.167238	69.997549	216.668159	-211.467199	-248.727233	55.998161	-40.830812	13.612677	-151.499929	35.305990	-19.416086	116.627985	70.402564	11.732843	55.049237	246.678738	54.423982	64.024451	32.897187	-159.663297	-8.190340	-199.990910	8.030135	454.272449	-126.997858	-28.937000	-10.265452	130.863862	110.348088	-5.957687	249.582877	4.442167	415.530457	37.107688	65.082014	-12.395522	316.138649	75.579044	15.322478	311.748053	331.238311	27.179102	180.819465	163.549217	33.495263	-203.525772	117.752853	-101.260490	-42.228381	-402.757760	24.454150	629.260698	163.112728	134.638389	13.400061
-303.441957	-162.280107	-4.849898	-55.348498	136.626561	58.494317	15.190558	-38.879116	621.828690	308.549423	60.021012	22.776519	3.426665	105.628958	15.243603	1.842847	-261.665252	26.258224	6.135816	-9.465343	81.154579	37.473211	28.279534	21.008879	41.431560	4.020020	4.736315	7.374602	-309.142123	-106.856102	-0.708644	-87.579088	-28.038606	-73.016163	25.830785	-94.314361	372.472195	-26.743982	-13.476491	1.396768	40.852988	61.595694	-61.363043	10.839308	-19.167026	-44.231529	-3.081272	-18.415812	75.497904	-22.655505	23.875254	-30.383790	58.731621	49.629087	1.966539	17.783140	-180.935899	-31.979063	56.114160	-57.664584	-75.302737	-47.735758	48.412456	-75.821731	148.909534	-150.950077	-93.230644	-8.794930	-10.194236	4.565075	-59.164611	3.776307	41.104544	-1.282631	14.957500	-6.332508	50.334483	-21.300402	22.674605	-53.535899	91.317341	-14.340875	-0.562859	-14.613006	-3.672997	-8.402469	95.429576	-14.663316	-42.394301	-30.298530	42.138777	-30.743716	81.690595	-59.459042	-43.510167	-13.714462	0.457901	6.041664	-19.175086	3.142237	63.628366	4.956230	49.411867	-0.959129	22.242503	-8.705647	17.658995	-9.352684	69.348452	-44.034653	-16.449063	-42.323468	77.145162	-31.365721	41.995895	7.038224	-28.135264	-69.475798	9.361582	-35.476987	23.413431	-61.518545	-29.637120	-33.645738	-4.373646	-0.436639	-23.454654	-13.202952	65.267649	-4.932192	37.807508	-7.752284	1.690286	-4.755225	-2.887838	-1.805679	14.135723	-33.771160	-15.713181	-8.356726	69.959897	-45.117492	-16.684197	45.606888	-5.994401	-48.996155	-11.750199	0.924610	17.424100	-35.803323	-24.773643	-6.462650	16.419062	2.986333	-15.726968	-8.636585	69.586895	-2.177315	16.356162	-8.175340	-26.097086	-11.193853	-45.365368	-2.739274	54.529441	-29.136875	-21.046116	0.657599	42.073105	-12.717611	-3.247182	72.518610	28.222578	81.986987	8.066636	33.259132	-0.166484	95.811809	8.487058	7.272693	52.165428	87.352265	9.736314	53.065950	31.634469	13.672302	-36.765898	46.572642	-30.632111	-47.164091	-86.671831	-0.991434	130.712272	-0.572451	2.096578	-1.391263
-109.884868	-57.284945	-2.412459	-18.812722	-18.138294	-27.840798	27.828492	-26.376559	235.225024	60.021012	79.871902	-6.716972	43.054779	39.458926	29.022164	-0.592371	-182.332009	2.325267	-13.626522	-3.470043	-52.744467	-3.279813	-2.637739	5.664831	-1.262330	-4.301398	1.040660	0.750331	-97.077722	-34.548603	-1.977969	-25.952621	-2.553019	-28.139058	12.426958	-37.645777	144.150212	-21.955318	18.276983	-16.007249	1.563856	-2.602047	-9.809335	-0.244635	-6.892277	-8.993576	3.498646	-3.155796	37.261515	-27.287507	8.408828	-2.433299	-3.982949	-12.892468	0.543874	-3.048887	-66.176644	-22.794503	5.235274	-17.606061	-4.890579	-23.716821	16.086215	-22.272356	58.092602	-34.060026	-9.015695	-5.112296	-34.099838	32.283871	-0.069486	-6.233997	16.345564	22.113317	16.034080	1.138225	22.006792	4.801130	12.059400	1.494513	-26.995997	-10.198924	1.919901	23.200971	-32.633771	-12.773727	32.925299	-6.871037	-3.579668	-12.951883	36.038367	-8.714161	36.853464	-19.654986	5.909021	-8.009360	-33.802374	-3.820174	1.523305	-5.015865	41.231488	2.656221	31.782778	0.041858	13.903184	-1.070327	7.406426	1.469063	-23.651058	-14.754001	4.026656	27.698621	7.007092	-11.548094	42.663282	-3.192333	17.618491	-21.018172	13.762164	-9.431766	43.927212	-21.027049	-2.847362	-4.108426	-16.397475	8.420774	22.505871	0.213975	27.051065	0.320940	29.455131	-0.003205	-4.114057	-1.228251	1.131499	-0.587446	-10.333942	-10.109017	15.125652	3.972645	34.748554	0.563618	7.283609	18.341168	-9.853451	-14.057655	6.252187	-5.250768	17.961111	-9.483379	-0.888240	12.329250	-12.054949	13.079723	13.995181	4.000678	8.473842	3.411192	9.249396	-2.059372	-14.279254	-0.071886	-9.855123	-0.822839	7.991266	-20.197855	6.226553	-1.372509	-26.963252	9.822094	-2.048096	39.408000	-21.989836	42.835535	-1.576610	5.941015	-17.602397	35.301382	1.636835	16.031702	12.361046	53.695840	-4.169030	53.303259	17.413842	20.632777	-11.233060	26.949725	-33.667839	-21.727721	-31.163219	1.544126	17.423050	-21.703806	-16.637130	0.743932
-101.893233	-71.792392	-1.710970	-22.277314	200.309798	27.521006	1.949414	52.421417	188.659379	22.776519	-6.716972	68.887159	-103.122952	-9.062734	-11.657267	3.835854	-42.035505	-21.710455	0.818477	-3.146488	64.663123	-1.757024	14.911412	3.717867	10.179685	1.241150	0.925370	2.727330	-144.392872	-54.298907	-3.962883	-42.121399	27.641131	-44.744325	-2.557828	-5.015276	154.059528	-30.468124	-23.648464	37.023993	-12.212033	12.810203	-21.563406	2.430506	-6.526833	-26.434845	9.702055	-5.691620	26.853745	-14.000365	12.915866	-18.331747	7.874783	1.711205	1.114561	-3.092834	-106.705810	2.373864	26.444780	-22.196123	-52.275953	-5.712204	34.458664	-22.038363	50.033427	-51.892860	-45.639277	10.909293	-18.839470	4.796117	-13.400807	5.121112	6.509783	5.395137	22.853375	1.129847	15.073155	6.721552	12.372653	-6.784387	3.881899	-8.792987	1.159249	2.444683	-19.245283	3.085108	54.784325	3.156014	-47.151226	3.130865	32.108349	-14.107009	22.368423	-26.071896	-20.393863	-7.177660	-18.252709	-3.812186	-9.981731	-0.314715	19.336294	2.485552	23.430474	-1.386176	3.425793	-1.531157	4.010265	0.654281	5.159294	-12.115175	-6.440843	17.670263	16.469563	-26.950610	15.612322	7.756843	-47.217655	-35.038211	22.265828	-25.626588	-15.789401	-24.344801	2.073986	-26.292695	2.659754	-2.206421	-16.142068	4.144258	23.878786	-1.616946	9.114034	4.014720	-9.192030	-1.765099	-2.647861	0.932957	30.347058	-17.014198	-15.527672	9.623772	-7.275746	-3.996204	9.512238	14.940786	-36.718825	-17.790138	18.773781	-10.872445	-21.505653	-20.718574	5.010629	-10.961267	23.978123	-4.734915	-3.247190	7.459328	34.457657	4.587216	2.384192	11.682312	-6.963757	-1.770174	-16.327008	2.474992	59.477305	-9.376213	-11.014846	0.996472	34.612596	13.226818	6.019234	2.843146	6.990475	-18.545911	13.624317	-1.083107	18.631657	2.643838	-1.697978	-6.600599	36.112544	4.611058	6.720531	-10.920358	8.299023	-4.577621	-16.148291	-2.185752	-10.426111	2.849113	-31.147440	4.785464	41.488888	29.417621	12.406693	3.200173
190.764698	105.947814	0.596324	-14.726924	-969.902078	-199.583889	-48.571046	-161.379685	-188.541516	3.426665	43.054779	-103.122952	2482.887368	205.767653	183.532884	130.380548	-113.684237	302.772601	-162.881126	75.323624	-1485.539656	132.953352	-207.477007	-4.749137	-36.978110	19.987215	-1.499792	26.928271	549.142595	263.934209	22.780140	116.547964	-601.059769	159.144715	20.319735	-90.396296	-290.794775	28.209510	96.460612	-142.965804	886.822874	-394.181707	97.537282	58.028193	-295.332470	271.088488	-110.258610	10.979546	-431.183364	247.622286	-71.558850	94.008570	114.784413	135.645661	3.663717	107.808680	490.779646	299.548497	-15.302090	237.535945	-292.761453	286.706291	-2.007756	5.781145	-152.948965	62.553837	66.704346	-66.510601	535.322090	-422.546105	-113.790303	12.183291	-660.546642	-126.131317	-270.414918	-69.414488	-98.904817	-141.479947	-69.793785	-70.743736	414.255960	-19.359164	-5.648082	-197.307397	321.322554	235.953178	-161.974146	134.488157	-106.060607	100.758020	-170.818875	128.702282	-57.130908	123.454869	119.356282	-38.893211	204.102778	-93.958997	-155.625753	-18.039236	-689.695157	-51.079913	-395.712833	1.819279	-31.818505	-24.221584	-18.054312	-46.968314	132.753633	-14.094582	18.401677	-211.775349	23.027005	173.618990	-201.713014	127.361605	39.391155	194.036664	-126.601081	122.472318	14.372211	58.675138	56.919986	-130.022797	-142.331738	-83.964113	-275.430891	1.834695	-360.771217	37.884808	-213.834295	43.070218	66.945512	19.982550	26.812937	-4.880362	-238.365750	84.311373	81.289385	-49.338624	-680.265908	207.784161	-136.191669	125.501397	115.638138	388.551305	-50.690109	122.976822	75.129953	105.535216	-157.187676	-8.373461	-230.604224	-40.523287	-156.840430	22.614883	-202.895041	14.802555	-23.336146	9.896184	141.888784	27.218616	109.072740	-1.768951	-358.429366	103.515601	-2.486872	-15.639997	-1015.441838	-686.529476	-90.481388	-284.909148	-150.390097	-594.015382	-311.295057	-33.839503	-196.996274	-242.682225	-349.611604	40.545342	-160.562792	-143.881296	-136.817197	37.491607	-11.349878	22.285263	118.617019	-21.864803	206.568352	69.486977	280.096894	4.963375	-264.486056	-72.343857	-63.418265	-14.150582
-9.453963	-5.600680	2.017150	-10.312287	-71.498205	-4.207670	-1.903460	-16.419239	115.302662	105.628958	39.458926	-9.062734	205.767653	202.951166	65.473486	14.154873	-240.776220	224.374669	-16.558445	36.100883	-175.978063	128.524251	-33.124892	78.548757	26.098128	17.160460	2.623394	29.834143	6.556092	12.353651	11.297159	-9.113938	-122.228111	22.497338	42.843624	-27.163711	-19.470619	99.402959	80.730050	-14.213435	96.338480	103.205750	37.450465	14.007726	-73.435940	19.294263	-55.449398	6.630050	-8.529460	-82.419444	-18.039631	47.261928	111.629218	-0.094841	2.946086	70.921776	50.207895	61.679963	89.777080	3.053849	-117.433740	42.723700	62.639512	-23.474466	19.189397	-101.110197	-28.914063	-15.357052	84.293525	-159.964890	-77.352730	-8.223135	7.498944	-102.322418	-56.185863	-17.215295	29.330087	-150.465432	-11.074993	-32.185476	153.607065	-69.419155	-1.549150	-62.732145	223.262720	52.696594	46.513364	2.555595	25.948160	-42.593617	-47.029253	10.767311	63.408161	-44.781520	-37.929170	2.253437	-4.476092	-30.173927	-49.264417	-5.108262	-65.729003	-12.237783	-25.844981	-1.222388	22.501734	-10.246176	8.775888	-7.790680	23.445221	-22.707095	9.061562	-66.375173	199.906942	-12.120989	-78.722203	27.300399	20.638127	-35.939355	-53.549181	0.773144	39.494784	-36.585733	-8.088740	-27.772809	-38.577015	-11.803839	-35.322906	-9.999370	-30.708105	-0.444238	-5.394330	-3.763319	34.319012	2.041795	12.848198	-1.883625	-95.334481	17.574596	31.013307	-11.084503	-77.895114	6.857983	-70.862785	54.724215	-21.462438	57.615703	-20.027608	19.454941	-10.211988	12.190988	-28.761575	-1.896303	-41.329088	-21.962944	-23.878136	-13.103538	-6.674152	-3.873654	18.306903	-17.690327	30.160618	1.428519	41.425877	-2.512916	-102.273747	12.433893	-14.327397	-0.214041	-191.770704	-155.054879	-27.546038	-33.762165	-39.743207	-87.499283	-62.662494	-4.664893	-71.075930	-14.975772	-76.061778	4.939414	-18.240002	18.871391	-22.184887	10.941764	32.190064	14.380271	40.966044	-1.492617	54.361194	-11.563592	45.021264	0.084086	-33.971009	-28.202206	-39.000953	-0.793024
-13.922257	-3.112108	0.594157	-0.194236	-121.997145	-17.044640	-1.820937	-11.578156	-46.492336	15.243603	29.022164	-11.657267	183.532884	65.473486	81.502546	7.870960	-34.489957	89.565784	25.072358	27.560462	-179.962329	66.661593	-28.531523	39.414848	-1.152064	8.939537	0.308328	17.321558	29.321131	21.211240	3.767349	12.503313	-68.680722	25.210448	13.768221	-4.880978	-48.227932	37.038098	49.968029	-14.272260	84.061896	-9.130287	51.931641	7.301629	-37.220094	-6.513210	-14.178033	7.616856	-27.141642	-42.512644	-19.103149	33.703929	47.751491	-18.196364	0.591278	37.913908	35.300025	21.772299	22.339217	11.865422	-29.575286	26.834181	14.304279	-4.629289	-13.136599	-25.684475	11.972828	-10.297113	58.454751	-90.038993	-7.704758	-2.775714	-36.283112	-48.623352	-34.568120	-11.134696	9.213860	-74.576538	-13.070318	-7.347029	57.075081	-39.886705	-2.843106	-36.000982	77.367989	14.701569	15.273570	-1.500801	15.609661	-19.929157	-21.019044	2.206966	11.416265	-19.184549	2.853934	-13.185066	-16.294184	-27.535896	-16.665426	-7.262621	-78.816616	-10.367516	-36.551634	0.388002	14.006379	-2.322592	2.685303	-1.178375	-17.237672	-5.922830	11.466896	-31.483025	73.620139	5.832532	-18.889632	13.865737	27.393046	-3.043483	-18.999212	6.786784	24.211896	-19.888600	18.391643	-21.153407	-39.307273	-21.203589	-17.667848	-4.988104	-39.180879	-1.395518	-16.676948	7.095027	30.622243	2.350190	10.893794	0.356364	-82.498010	9.815855	31.428677	-9.996096	-64.862107	42.508818	-23.570692	26.371255	11.363999	65.812705	5.767614	14.627440	5.407472	19.700699	-11.358520	9.454521	-35.246883	-15.370876	-7.521557	1.666741	-22.853490	-1.328855	4.830565	-4.526334	41.405411	3.650440	34.629292	1.486711	-96.712114	5.139856	5.929111	-2.566992	-146.049741	-75.563510	-11.867510	-39.736486	-34.150256	-86.794440	-40.328966	-18.189688	-42.288858	-28.106243	-77.122146	14.165089	-18.814818	-6.775624	-26.642023	4.978261	-1.545508	-0.819875	21.038176	-10.797106	58.389463	15.231027	77.016902	-0.146420	-86.064118	-32.671632	-17.031904	-3.793203
-17.996375	-3.212037	-1.133156	-1.863058	-67.248740	-14.147733	-4.549841	-10.099995	0.679189	1.842847	-0.592371	3.835854	130.380548	14.154873	7.870960	32.920730	-39.381027	24.672190	-10.663059	23.661785	-75.766545	13.919012	-4.381623	4.889410	5.626731	3.275856	1.865867	1.377015	7.016681	17.908328	3.136419	2.522713	-50.336744	9.665726	5.068179	-8.389631	-11.323668	6.917123	5.822432	-5.340335	56.203744	-20.866650	-0.482166	7.468676	-26.936845	6.106944	-7.899334	6.562878	-18.265640	5.688782	-1.537202	10.429808	18.169916	12.196542	0.660938	5.678473	33.130422	28.345032	6.838365	10.908314	-29.455261	13.571638	7.395496	-3.457873	-1.713343	-12.470178	-3.446477	-4.429855	44.659445	-39.767538	-14.142752	0.781850	-34.099353	-23.999359	-16.925424	-4.103921	-0.475471	-26.006304	-5.239140	-4.662149	38.188380	-6.230120	-1.591079	-19.339277	37.640431	9.371558	-10.790881	15.837439	-8.393123	-4.299111	-15.591715	13.627464	0.250611	-3.272688	1.838259	-4.092982	11.541478	-8.239368	-5.166824	-3.414934	-44.506029	-3.637543	-21.376032	-0.575549	0.435651	-2.304383	-0.579363	-2.015743	10.395731	-4.276623	-0.429154	-13.351006	4.353329	-0.140552	-16.501889	12.964010	1.071195	9.863049	-9.645151	14.868401	-4.691768	-0.799018	1.734141	-8.145726	-18.176577	-10.481316	-14.408444	-6.198442	-33.702934	-2.064122	-12.222209	-0.374394	7.525959	0.756901	1.681383	0.526718	-1.463604	-2.137548	-3.327742	-1.073040	-57.459818	20.377218	-8.524226	13.904390	4.971852	19.001338	3.489897	5.242372	0.022722	8.441106	-12.404254	-1.494781	-16.019559	-4.531508	-13.982497	5.353276	-20.531824	-3.443316	-2.962030	2.532400	16.251015	0.078853	1.942995	1.462420	-0.867760	6.415331	-6.776138	-0.614316	-85.602124	-51.920890	-8.339746	-19.633822	-3.806196	-46.520118	-23.342120	-4.744752	-11.948624	-19.525570	-22.416697	-2.040603	-24.797897	-19.158011	-7.510709	-3.186064	-12.645659	-9.961411	-4.373809	0.667405	23.306779	4.943726	-0.980494	1.721890	7.710965	10.204210	-4.130156	-0.189902
-179.699646	23.563509	12.432787	32.258505	-786.119019	-56.115513	-38.301148	22.710134	-1635.047458	-261.665252	-182.332009	-42.035505	-113.684237	-240.776220	-34.489957	-39.381027	2858.730359	-99.621611	135.281990	74.347929	151.438377	-62.824990	-128.026929	-41.978506	-184.881028	16.518730	-17.502495	-23.946765	204.721338	101.071919	34.190236	105.700552	66.475288	107.188717	21.828107	164.611960	-700.509455	109.535272	-6.883519	29.028438	-9.812567	-97.566227	110.134523	-5.757827	443.024622	-148.860580	11.565219	55.843710	-314.592707	352.715648	-122.880906	48.026595	-86.368409	10.197569	-17.520061	89.291286	181.005763	-79.092723	-6.430997	24.741912	222.380993	-58.764978	-57.529583	110.982330	-290.222289	170.142660	112.313986	7.456888	104.300940	-72.973371	114.313671	28.752345	207.522855	-112.195301	-70.196769	6.404716	-238.561442	58.117287	-123.419774	0.849004	66.880123	-50.538603	-14.498125	39.524100	27.868325	-227.015104	-39.786044	-50.798925	141.681095	-39.369675	4.860633	18.502810	-282.439601	28.890850	2.090882	69.119127	187.417378	-2.013991	87.488618	14.364691	57.480850	-23.625492	-185.894860	11.269008	-151.234909	18.121583	-92.270666	-6.742800	167.986580	-19.076136	-16.930618	-87.724662	-2.984054	-66.638440	114.045433	-69.585250	6.721731	23.479078	26.321041	-0.847838	-148.054601	88.067662	47.422172	47.478125	39.956152	-20.833824	6.923667	25.742781	-28.683419	-36.781832	-141.140037	35.236778	-41.176985	-1.976282	-26.278083	1.917677	138.927260	-23.690925	1.617095	-26.428206	507.355772	-44.767943	100.073447	-164.916108	99.637367	-106.584989	50.745678	-51.806081	29.014994	-96.528385	83.291868	-36.016641	60.406928	-70.856146	6.888293	21.481439	3.530929	-39.721459	-100.904516	85.588799	67.300508	-24.182525	-19.710120	1.084639	-23.117073	-75.560209	125.905526	11.902367	614.476491	450.429197	50.741006	162.811058	65.253376	180.874114	228.673675	-6.380661	228.612193	-131.102702	206.906326	-49.095798	-57.362219	-162.903334	30.256693	-173.349654	-176.089049	-126.052662	-85.002608	-63.870548	170.519468	-35.872769	178.772860	-9.641691	-178.332995	-91.360709	184.459916	5.665592
168.555038	67.543952	7.204987	12.241096	-86.200734	36.038344	-6.374297	-5.137101	-178.558794	26.258224	2.325267	-21.710455	302.772601	224.374669	89.565784	24.672190	-99.621611	487.273612	23.696421	69.489480	-363.048373	363.489417	-64.170505	148.515989	10.400167	66.540039	-0.570965	74.202450	218.853194	47.425903	17.457966	20.225834	-72.727534	97.088470	49.992506	12.306350	-277.568072	201.727867	141.100254	-10.555711	137.962294	102.898997	164.964642	24.920687	-87.451481	24.349515	-35.163380	12.143992	-115.142964	-47.181432	-65.806239	121.321198	252.607740	51.901911	3.398704	238.121831	213.774927	72.650613	102.790183	3.618428	-43.841175	93.285367	58.524657	-9.412349	-72.615555	-75.322686	26.456435	-25.578945	230.824267	-349.628353	-59.027235	-9.958711	6.631325	-311.066669	-122.730955	-42.674861	-59.173485	-359.072660	-65.208207	-95.087793	440.737290	-136.699853	-3.412005	-118.045940	391.675382	73.323841	1.739407	-10.478339	108.950195	-88.642064	-132.837033	10.799419	45.036222	-70.970307	-35.324761	-6.024670	69.131340	-68.950869	-37.528388	-8.869090	-240.770609	-33.971661	-124.072605	-1.430877	-67.171465	-16.297389	-23.577125	-31.072413	180.808249	-27.895139	46.699445	-208.890940	327.302450	22.371504	-141.306694	16.756052	107.828724	13.037337	-89.507782	18.659342	2.231644	5.604276	26.934201	-45.810024	-85.337761	-32.367226	-62.765093	-18.852268	-175.054904	-6.343703	-103.397782	6.150479	33.822406	7.512681	27.759985	-3.208286	-172.529735	47.645147	161.375448	-45.988531	-76.370253	104.208369	-74.046991	18.348017	29.043065	159.009394	15.049005	2.224211	-51.792622	62.667719	-22.374614	-17.095052	-94.504518	-30.606146	-71.489430	-7.265530	-83.783171	-11.100098	-9.379781	-25.268474	112.295248	10.406383	149.637329	-3.150594	-301.271410	46.570021	71.311440	-6.677062	-266.609161	-95.338744	-31.731193	-115.105228	-86.881950	-229.621297	-56.610230	-64.448034	-111.705545	-179.615614	-146.654523	-12.783342	-120.256138	-96.281246	-60.586089	-50.393678	16.774817	-3.775999	108.372320	-47.878354	219.520118	44.077881	226.286863	-7.453982	-280.318647	-71.696543	-77.057078	-15.635115
-78.480314	-19.979417	2.222502	0.382944	-22.671184	17.311936	4.909668	1.660327	-75.632382	6.135816	-13.626522	0.818477	-162.881126	-16.558445	25.072358	-10.663059	135.281990	23.696421	179.653372	15.391914	152.965185	68.970079	81.344240	39.120995	4.314854	16.847507	0.486845	22.587613	6.879543	-10.515533	-1.057843	6.305718	69.924256	-5.350189	-1.010764	10.921665	-25.403652	17.629647	19.678238	0.334424	-36.422895	13.712457	72.452701	0.940598	-2.376823	-71.047292	68.870751	9.193168	-5.548067	-32.810494	4.450180	20.125264	47.099638	-19.120153	-2.041839	56.610468	-17.559998	-43.284027	-2.193227	-18.156132	49.507154	-13.735116	-1.361148	6.176501	-29.052923	-13.723263	36.958311	-0.836847	6.409615	-67.636373	45.503690	4.729875	26.097545	-68.148840	10.199934	-5.897234	0.122765	-71.019442	-20.483395	-6.908305	53.141110	-69.913562	-5.017102	-9.503431	-25.360495	-47.543453	45.223015	-20.779737	24.139864	-38.650970	11.341440	-9.540788	-26.832721	-37.164404	9.324901	11.067100	-5.033373	-32.029968	51.615335	5.149658	-53.783290	-10.740166	-9.364857	3.624263	3.083163	-4.072822	-9.568063	2.455330	-3.541342	-35.032931	19.993546	-42.792579	23.513304	-30.578304	42.371981	-14.030313	14.350968	-34.419111	10.140948	-2.979813	-26.285669	-29.517924	27.463311	7.093918	-36.289633	-9.461924	5.260038	3.819750	-42.711135	-1.624274	-32.624031	13.685346	38.655672	2.398011	10.936006	3.135942	-61.550852	-18.717581	43.281735	-11.923550	66.160327	-5.240062	18.848579	-7.266466	4.918277	-23.171095	50.118418	-5.235786	-19.238803	-1.110967	23.628795	7.845530	13.251123	6.040141	-23.644995	5.311404	1.748420	-0.488339	-13.436958	-2.229144	64.729006	3.267388	32.438150	3.617896	-75.675825	-13.824933	27.339332	0.127752	16.342143	43.545184	16.344595	16.748892	-1.776212	-66.638436	46.333805	-6.894703	-12.634519	-51.566359	-10.461172	3.759047	-36.846798	-38.522979	-0.423434	-42.537585	-30.017493	-39.567450	-0.302046	-29.565139	96.464833	15.772983	78.107781	1.104714	-104.866881	-26.809868	12.354189	-1.898399
