9917.692743	1145.865389	260.831529	508.151722	591.623045	272.996194	85.525050	37.879522	19.702479	1109.604458	-99.010028	62.328589	-70.171163	367.819856	-516.077441	135.178713	106.030070	-810.475028	-562.451406	152.702779	-61.052148	-1039.297378	-298.549116	-61.546174	-378.981341	-525.770967	-94.940065	-60.780497	3682.249750	-1006.281473	-72.292697	-165.333576	-33.260587	83.062308	6.265651	-40.490682	-66.556114	172.840716	-88.198469	13.361478	65.723351	-89.192283	-205.099459	62.568063	242.664067	-99.417669	-176.953284	7.488964	110.703294	-113.460877	-95.380333	-19.262922	-34.585183	-689.225729	-173.664285	-47.834916	764.398987	-93.446795	-146.695472	-14.375418	-209.359106	-20.302057	-56.196855	-13.037873	50.324306	257.976933	-139.403604	48.673567	97.052461	-92.367585	-187.231884	51.394792	265.960295	61.755764	-87.243558	54.776147	-233.176275	219.310714	-47.625986	16.825748	-148.909823	-146.698428	-151.591234	-43.520466	304.142810	7.606579	-97.328861	88.690229	-179.159107	-76.997491	-66.925283	-1.885528	35.022313	-7.425321	-172.470931	32.297498	11.006183	143.413239	-163.835271	49.070473	85.422175	226.810959	-70.047993	165.540441	-209.201952	252.753860	66.353556	33.336593	-232.127860	113.736668	73.226763	-57.480799	120.333289	-154.251780	-92.876911	74.981127	-46.954285	-87.861525	-92.293573	11.989928	105.191555	212.937934	-229.224563	26.759504	-65.927663	268.269440	-302.571980	34.228410	235.731887	86.317990	-167.053375	43.930402	309.760108	-91.131121	-23.332673	42.155214	-140.135002	-527.146839	-50.200505	-277.349470	-31.220066	-203.830112	-65.854616	-26.516717	59.928195	-36.021825	-54.128468	-5.663239	29.319443	144.513590	-128.815190	234.034138	-342.808247	413.679042	-283.701515	217.344136	-294.163340	426.021807	-178.799097	92.847378	204.373831	316.266035	-40.791688	97.601969	1.810184	117.619937	-38.512200	-68.230929	-37.610141	-262.430867	-69.474330	-290.103560	117.736754	-128.575648	-56.037334	-66.322248	-252.076294	-335.424461	-33.658907	-134.391406	-56.527687	-187.844962	-250.598558	121.542950	133.680412	744.679807	-375.084329	185.154931	535.085832	575.096662	77.787220	8.602307	766.580422	606.165827	63.813250	79.603048
1145.865389	1172.469423	-32.461224	231.218385	146.400343	62.969191	5.989238	47.508343	-29.008218	100.541962	52.083360	-15.540746	1.342462	19.697738	25.095846	-29.483280	71.673076	-136.783896	-52.364874	0.616887	158.670462	-135.872773	-24.077567	-9.983459	-30.141307	-76.161209	-8.305300	-27.616536	482.479767	-45.782488	-108.447581	79.910902	221.942845	-3.471899	-4.933591	36.453156	-18.553590	0.962690	21.460036	8.248543	-16.187565	-23.800687	-11.203681	6.983071	-4.550485	-9.298793	-39.538723	18.766583	178.082980	-35.284223	2.556857	34.722532	59.649494	-245.399896	-77.950463	6.165737	-168.739155	-109.978162	-124.390137	18.484366	295.309840	-12.112129	-28.788812	32.978669	-24.403332	-79.605527	-24.803375	26.660759	-2.930133	-107.250629	-25.401877	12.306040	23.809034	28.416874	-6.333317	-0.558825	88.576147	-36.796054	-4.833903	26.029312	66.720395	-201.831111	-65.599474	-16.152036	-387.935077	-48.652148	-73.239402	30.574034	370.589040	-31.795807	-24.573510	25.868928	13.867111	-30.356670	-49.474428	5.901864	20.015492	40.579413	-15.141835	19.450165	-40.124887	26.240548	-19.393337	28.468666	78.266988	-61.506639	5.707457	26.707259	54.874376	-121.093060	-0.015416	-14.705531	-447.369019	-51.685113	-56.568177	13.037755	430.888478	9.936043	-15.105048	38.269547	33.659421	-14.997934	-139.423890	8.941225	7.012546	-98.670677	-72.216007	-0.930510	23.685848	38.963789	-36.851340	-15.723247	117.636490	-76.479994	-5.353698	-9.390198	7.347972	-267.703245	-13.347939	-36.630784	-485.064981	-24.336047	-22.562666	-20.541999	348.841910	24.345812	-14.470370	35.724618	-76.935657	-3.044657	-113.805057	58.086081	80.956006	140.128466	-48.585787	63.784773	-116.335550	166.929317	-63.501846	15.813412	34.524161	37.605006	-3.753219	39.796656	6.188677	22.855379	2.522563	124.225834	-519.677091	-71.052954	-40.410736	-91.029345	356.846304	147.866544	6.628772	29.642944	-184.339748	-235.413304	-27.664017	-70.879003	117.648681	-258.635845	-136.761103	134.372021	-0.922767	252.651779	-138.213317	58.594311	192.888038	183.756084	50.914781	32.480223	299.958487	202.878194	26.333014	195.408172
260.831529	-32.461224	84.972192	-5.705988	54.242624	1.981291	4.439774	0.613409	2.054964	-28.663166	-6.702383	5.812990	-1.779955	-28.200429	-11.025528	33.347435	-24.299514	-13.330015	-16.323846	31.044031	-32.277832	-7.713195	-9.322308	4.592835	-14.807686	-16.181736	1.542871	-0.301387	124.782420	-41.009101	39.287375	-21.461796	18.293466	-9.101343	-0.830402	-4.172783	-2.326469	-14.330777	-9.069136	2.250375	2.206248	-1.388328	-2.197530	1.119377	10.531099	8.585754	-4.205916	-4.184501	5.135868	3.988042	-8.526123	1.097018	-6.228614	-11.876280	0.897596	1.434168	31.719669	-7.092188	10.894376	-11.026507	-6.274094	-8.441490	-0.038010	-5.355196	0.838215	-0.345361	2.934601	-1.621250	7.472944	11.934971	4.590008	7.462026	5.798518	17.810295	-6.500823	4.335864	-15.712069	15.627015	-0.897385	1.050132	-9.989766	-19.444520	-5.428147	4.981684	15.135250	5.303178	9.346153	-0.951095	-19.326690	-5.915775	-2.592243	-3.968338	-1.355285	0.638308	0.563477	3.609590	-15.734920	15.092863	-0.793723	6.291092	-6.675007	20.854337	-6.094083	12.458748	-2.630403	4.300362	-1.880973	6.329193	-6.796296	-0.641764	1.801062	4.448585	31.755818	-9.420786	-0.060227	-1.458883	-26.292746	-4.773337	-0.843864	-1.910376	1.162352	2.797509	19.666992	-3.588676	-8.887728	37.189520	11.969581	-0.478735	-12.536657	27.258954	-1.853406	12.426305	-5.203110	1.952650	-2.416688	18.458739	-6.189284	6.897278	-1.496497	21.421410	50.373167	-6.418291	-5.613476	-3.068064	-11.212803	1.088070	0.366369	1.109434	21.175058	9.211479	14.078986	5.233061	-29.489597	-17.190721	1.619826	-6.659114	2.395257	-9.221120	4.327698	-0.634854	18.683665	-8.300330	6.313136	-7.551055	5.083513	2.973987	-0.247202	35.269658	115.480675	20.786995	5.041016	9.280207	-13.308608	-12.465530	-1.633720	-0.668183	19.936559	16.773678	0.557924	2.962003	-20.120595	41.679017	0.991524	-24.238676	-29.460503	12.795835	22.056958	-10.904309	9.073423	-6.952430	12.315874	-7.094169	-14.104333	-14.059744	-3.545423	-2.759822
508.151722	231.218385	-5.705988	200.844746	43.004983	-9.361748	-1.082760	24.311291	-25.820538	-50.065591	14.727758	-3.892811	-21.829842	-35.178289	12.843941	-20.971312	-34.596900	-1.917394	-7.034380	-9.106633	15.139143	-40.971234	4.873741	6.011422	-12.548550	-45.396064	-3.798364	0.404164	144.037186	-70.919679	-16.002148	47.026542	87.906074	10.034294	10.161749	11.730237	0.016627	32.750615	31.739787	-1.014301	-33.116290	40.734008	19.085857	-5.810481	-29.893946	39.921405	8.220238	-5.278855	7.302351	22.397541	22.997190	5.011481	-8.977126	-63.705669	0.430066	7.525277	-79.289868	-17.510383	-14.797940	0.211438	100.647392	-2.100657	1.981955	7.554850	-16.021703	-29.907709	11.866437	-0.399900	-20.296835	-57.219854	23.757095	-11.985818	38.860684	-22.758744	13.785579	-3.508300	45.048866	-27.218504	9.257817	9.106243	-32.166454	-112.154515	-15.193951	0.877308	-128.886602	15.591049	-3.099614	2.347542	123.645226	9.273309	7.013089	3.849444	5.201088	5.732927	3.137486	-1.755044	-5.851081	-1.756826	15.159154	-5.231753	44.690069	-23.745191	0.672095	1.632782	56.134568	-24.264140	-0.431307	5.657889	-21.212417	-26.856523	-7.759393	-2.127831	-109.910043	-6.464084	-5.911690	-9.610958	133.054592	3.775252	-5.408851	7.413816	16.414993	27.036635	-32.689746	3.006581	-11.333891	20.377787	-16.921502	-2.723727	29.991460	6.246876	-5.140785	-0.052792	37.827741	-1.582438	2.636421	7.589592	-38.179897	51.459987	4.597744	-2.162699	-59.535569	-19.570834	-12.400653	-21.296341	106.137883	2.041469	-9.874003	4.727209	-13.438242	32.621746	-21.086792	33.684182	-17.612094	109.845073	-17.060707	32.372788	-30.030580	66.918893	-3.973334	4.232108	44.946474	29.083425	13.755698	6.456691	-28.819248	24.147157	4.419486	14.333381	-22.041219	-17.676148	-11.788841	-16.500704	103.130663	26.614335	1.874677	0.126058	-70.632568	-63.896422	-7.037798	-29.248357	-22.269869	-97.421098	-34.249798	24.841465	-11.309465	-7.369480	-17.017161	2.745538	42.238065	-45.123817	8.359749	-5.268169	4.448815	-104.898507	-5.154766	32.439564
591.623045	146.400343	54.242624	43.004983	412.750231	91.083983	37.657196	33.328123	49.685315	162.449573	-4.343716	7.178806	-1.998574	44.439206	-42.090281	11.422008	30.046874	-88.092908	-40.886500	23.390326	3.270339	2.018498	0.474475	4.131089	-17.641816	93.771665	4.589321	29.534578	138.481665	-94.708338	19.297135	-36.439810	239.265181	-4.351650	8.111249	-0.835630	5.077698	-11.749795	1.067134	-2.333505	-28.679443	18.699172	-2.345431	-9.645411	34.824490	-28.671636	8.571007	2.876988	68.183616	-45.858760	-3.734417	8.150616	57.914684	47.029522	19.060181	0.579002	-85.835473	-14.069607	4.564740	-22.362358	167.724387	21.690195	12.387766	2.414512	9.149364	60.107578	16.571185	3.471281	-34.043415	36.975227	9.653279	-19.526153	-22.982616	-17.113224	-6.419136	-4.005864	36.850269	-28.331246	13.223172	9.535888	14.102728	31.960874	3.848057	-8.979897	-100.716824	9.352025	12.461416	-9.173854	113.403639	4.318141	2.307862	3.469522	10.563941	17.093566	-17.231186	9.638682	-49.554945	29.477397	-19.384949	-5.918374	-12.453091	-4.616178	-15.191062	-3.531822	101.127549	-23.118441	7.429714	13.040168	-14.943778	-32.582369	-8.200040	-7.093837	-94.092386	20.654378	4.591398	1.025432	61.276129	-21.262487	-18.205485	2.653569	-27.200699	-75.789324	-35.637838	-3.516372	-16.426077	-8.870064	2.484752	-23.788341	-31.714136	72.880923	2.387706	-17.409773	66.480408	-51.953541	-2.165808	31.212155	-42.494797	-63.530576	-2.849000	10.976549	-103.482666	26.871751	4.336069	6.112643	34.663529	-7.860999	-16.725210	3.597640	-6.410447	-29.125643	-10.543336	-6.693489	9.767702	14.284677	12.459888	18.243328	-66.582311	49.463493	-23.113591	11.460934	9.892853	-27.463425	8.059248	12.730655	-14.348505	-9.772385	-2.249056	42.187970	32.409921	36.687257	-15.542828	-16.396132	70.174756	17.843209	0.285187	-11.401384	-29.182628	-90.493349	-9.180803	-77.778290	38.120405	-57.143519	-59.142101	22.151379	-75.254608	127.387181	-41.189596	26.679794	44.563058	83.907272	47.878258	-7.175792	-15.363229	25.530018	2.948234	-7.408116
272.996194	62.969191	1.981291	-9.361748	91.083983	541.633823	58.595063	14.987377	-40.224401	779.535098	62.762742	-5.343578	-18.582746	314.650201	-53.338904	2.817161	8.783395	143.977280	-47.743093	-2.782965	-85.555275	-2.721800	-38.194544	-18.823135	-120.250106	-13.353765	-26.596299	-0.768197	54.638974	-80.246666	-40.570475	-14.539061	-62.769599	124.974312	0.518909	-6.527637	-9.407445	132.702012	-10.701957	0.835193	83.125163	30.581959	-8.212103	23.268461	-28.198938	12.739671	-25.747187	32.948165	-111.112496	18.807887	-22.389125	-10.731358	-57.756322	102.179329	-18.546294	-17.670404	-110.596818	-28.211817	-42.755360	7.344481	-83.239001	172.388789	7.672520	-5.051159	-17.352898	332.268260	27.118237	5.049666	26.780295	51.307860	-0.612110	17.591371	13.401998	32.710360	-26.997684	27.374090	-30.017739	128.932018	-15.910713	-4.253661	-69.728435	85.892916	-29.284149	-16.764646	-157.294408	-16.501504	-29.446373	20.804362	-83.425487	45.540463	6.484613	-4.431435	-15.396112	39.001844	-6.335349	-5.322221	20.353606	-66.334113	-35.475947	5.017034	6.145070	-30.664253	-7.641697	27.352218	-6.382108	-5.306715	-7.452224	13.189858	-47.726539	-80.257530	-9.801606	-9.977101	-181.629333	36.138067	-0.061415	35.831154	-62.158648	131.204566	4.349437	-3.129361	11.672037	133.855355	-22.051550	2.472712	24.499817	109.177996	-5.857427	-7.187680	-43.091692	47.132134	-5.217526	10.355918	-11.828115	33.856581	1.307412	35.844992	-19.142345	7.095602	-5.608520	25.302321	-186.622508	114.853044	15.693387	15.236933	-74.915862	112.607079	-4.644502	8.035840	-38.321271	73.118582	-40.398574	32.098783	13.846071	-14.097813	-26.623153	36.028242	-9.873841	-10.037743	-20.186692	10.224659	19.476228	34.996852	-5.064262	1.006663	46.417829	72.467564	-12.953227	30.236338	-95.158420	49.738810	-29.149495	-25.374433	-54.354753	189.034592	-8.601635	12.201400	-121.608373	162.410727	-13.738304	-54.132096	5.652212	12.186246	-33.510338	20.173609	14.505587	53.065994	-13.321335	26.574693	35.923669	65.637244	12.320651	-16.854598	125.172474	-35.004057	-7.759955	-11.842140
85.525050	5.989238	4.439774	-1.082760	37.657196	58.595063	40.432014	1.596403	-13.130010	125.054549	58.800034	-6.318685	-6.971298	51.215470	2.643267	-4.916218	13.041065	19.123597	-12.725075	0.428586	-0.250511	0.001756	-11.995624	0.009789	-5.127040	23.327329	-6.194016	4.819432	60.207792	-18.937569	-5.167371	3.631646	5.924294	18.115476	12.434925	-1.453816	0.404133	13.518101	14.097353	-0.380065	5.839497	-14.803161	-4.077180	3.516953	8.018578	-12.553617	-5.863496	9.986057	-5.200402	-11.726590	-3.996759	4.311410	-5.206916	18.915037	-1.623088	2.054977	17.964322	-9.432402	-6.711060	-1.293931	-10.296374	4.791167	2.593139	-3.275601	0.805235	24.026519	11.259920	-0.599047	-6.985670	15.157062	13.339476	-0.635978	-4.300916	12.648421	3.600258	3.355096	0.917163	23.064438	0.597973	3.307844	-1.671307	42.810498	1.539745	1.834263	3.704505	-4.064482	-6.309478	6.091633	-7.669289	13.404791	3.913669	0.712240	0.942478	40.841906	10.726254	-1.171767	-14.248288	28.839653	4.326071	-1.871806	-13.831113	10.099447	4.517839	1.933369	15.131031	8.337685	4.595983	2.781169	-5.799039	1.674940	1.348981	-2.624976	-10.897351	2.538396	-3.562981	11.708520	-11.553231	6.759880	-3.104797	-0.586934	-1.369804	-10.738521	-0.797848	-1.168709	2.268364	-0.736614	6.760882	-6.268594	-8.830891	14.653926	0.166680	1.266119	9.496780	-6.590648	0.466279	10.733860	-20.691743	-13.730018	-1.941629	7.460422	-38.792904	12.698265	1.526185	4.829291	-18.934471	3.646083	-4.211263	-0.543418	4.932742	-3.167506	-0.661113	-3.862720	11.687954	-10.241865	2.419608	1.455366	-6.181492	-2.612241	-3.107644	4.428461	6.999700	0.372940	0.804596	3.145070	-0.736074	29.254996	-0.167597	11.774807	-51.747202	-20.109050	-3.400732	-2.938332	-9.931504	9.417230	-2.433784	4.160639	5.877841	8.217667	-1.642740	-18.472091	15.894418	-7.307106	-4.485889	9.646937	-5.469634	20.893577	-1.926918	12.720659	11.521483	10.625664	12.965299	-0.230902	13.737453	-1.863467	2.629838	-6.693443
37.879522	47.508343	0.613409	24.311291	33.328123	14.987377	1.596403	19.837400	-9.309326	10.584215	-0.657254	9.079205	-14.053085	-12.500829	-4.615982	-3.110217	-22.587355	-16.900744	-3.367346	-3.886724	-6.884509	-10.279053	2.684589	2.081495	-0.264949	5.572389	5.605357	2.058254	-15.116777	-5.081531	-1.207322	2.186152	37.347433	1.015950	2.067437	4.690051	5.439404	11.521919	8.768912	1.858122	-0.342845	20.111580	7.076186	1.506693	-10.426156	5.794440	1.499890	2.242038	0.979021	-15.964786	-0.580212	0.448372	0.655824	-6.026331	6.967036	1.671565	-36.448252	-7.599672	-5.166317	-1.658936	42.504268	6.417378	-1.157237	1.368135	7.274247	16.400742	-1.131036	3.536470	-2.818916	-7.205400	2.873393	0.417118	-6.064534	-10.857245	2.707766	-1.747519	0.640499	-3.956317	2.983238	0.505144	6.365450	-13.230400	1.471792	1.086514	-46.513910	-1.651558	-3.436915	-0.307275	38.720669	-0.236885	-1.575928	1.179139	3.342673	12.420900	-4.956322	1.964475	1.599230	17.577881	1.527861	0.811746	-6.672661	-0.977802	1.964737	-0.412756	-4.208233	2.704830	3.689679	0.923951	2.685192	1.800186	0.067907	0.969782	-44.341636	7.257949	0.672753	-4.689913	36.196741	7.034824	1.712094	1.689741	-1.335893	7.298932	-6.365228	2.280039	1.513792	-5.497264	0.474799	0.609301	-3.116499	-5.574205	1.260044	0.983426	-8.785679	-11.353437	-0.764930	4.055011	-7.787633	-12.193909	1.503675	1.902866	-28.409145	9.172939	0.598858	-5.305010	28.208707	5.136681	-0.999390	4.662397	-22.357576	2.323413	-6.731239	7.187170	-2.722272	4.187380	-0.377730	11.788152	-16.786657	12.493158	0.828002	8.513933	-18.492363	4.525259	3.337439	4.852254	-5.632368	-13.985879	3.387112	9.611146	-9.409402	15.349626	0.952333	5.546661	37.629017	21.952608	2.097567	1.887680	-28.945987	-1.655037	-1.927607	-16.395681	-19.284181	-32.806953	-6.536591	-0.485388	-18.668417	-12.871281	-5.486302	9.043455	-12.423251	7.139939	3.166098	3.420054	11.659634	3.813533	3.042076	21.954515
19.702479	-29.008218	2.054964	-25.820538	49.685315	-40.224401	-13.130010	-9.309326	216.087194	81.276782	-59.992119	31.335979	105.695313	237.661668	-109.603500	48.576179	29.981467	131.554404	-112.331225	33.843098	-0.052132	56.354383	-64.506580	40.619600	-21.115415	-0.563820	-12.242028	28.287063	38.710810	-7.069614	11.890333	-14.648123	-20.996331	-22.241714	-9.500077	-7.501563	5.220263	-29.252777	-45.843552	2.296782	7.035360	-4.378576	-29.246120	5.809032	-8.480962	-24.565595	-3.473805	9.444446	19.223855	-1.279100	-21.189791	13.428543	30.818480	30.635365	-15.555021	8.240291	46.027858	-5.748480	2.306829	-8.003055	-30.294762	-2.082132	-4.620677	3.220370	46.155219	49.952723	-20.314113	21.668426	-0.885615	90.949491	-32.604195	7.916618	-67.255598	2.779631	-23.361317	2.235771	3.191832	-50.662484	-19.348787	3.527626	25.291748	28.979242	-29.520080	3.175335	33.096031	13.624358	-2.091548	5.696407	-45.793553	-25.938378	-10.986970	-0.837531	1.547335	-57.513728	-26.839195	-1.020428	11.248418	-28.489235	-39.598607	1.042595	-20.718346	-6.095301	-20.439173	1.074046	36.654094	2.144897	-15.043140	14.686636	29.320181	24.009152	-12.753198	6.520591	2.215205	28.069378	4.788244	23.389994	-23.575465	-11.219572	-6.370032	-1.005617	19.807972	-27.157266	5.241720	-4.581240	4.927092	-21.923287	-10.139856	4.270218	-23.058801	2.429991	-12.877361	10.613381	21.294384	-38.851203	-0.570115	-7.037314	31.176426	-35.677214	-3.636099	-2.016820	30.860800	-12.822577	0.428340	29.804029	20.846648	1.013625	1.972017	3.678717	40.412565	-10.507122	-9.622480	-11.848144	18.339529	-48.944499	-20.342532	-11.470081	-8.729950	-30.664413	-6.565727	2.979706	12.977664	-58.432942	-7.845909	-3.872660	7.017280	-107.595932	-8.224972	-25.265456	122.815294	-24.860692	-9.839784	33.370755	57.748203	-0.338326	-2.455114	18.125072	-0.764582	-0.824633	-4.807128	-10.642417	16.750103	8.522564	-14.547580	-26.554736	-35.591636	61.331920	-40.142642	-5.001544	17.491789	94.404234	1.688019	-1.141459	107.264201	68.894339	0.123965	26.067227
1109.604458	100.541962	-28.663166	-50.065591	162.449573	779.535098	125.054549	10.584215	81.276782	2562.508877	203.491414	28.355695	22.796351	1656.778029	-231.882701	-35.396533	427.180855	508.835196	-235.929975	59.913622	-57.736415	-93.050122	-160.861764	31.442058	-365.854004	-245.655741	-88.366962	-2.804894	741.715859	-148.192693	-104.454540	-23.306917	-339.633255	177.446705	-5.234320	-27.161448	-99.610312	255.466018	-88.351842	-3.385663	340.678007	-119.395543	-101.812463	83.176719	340.621418	-195.566550	-103.826189	157.759043	-209.681131	-6.483204	-102.340036	-26.364454	-213.007920	8.943532	-101.838518	-51.366005	393.890236	-112.046582	-124.807165	21.232837	-349.241771	277.395991	4.971240	-7.662133	-6.492407	990.642004	66.302980	27.941798	53.924644	414.481067	-1.127333	41.770319	69.969669	-78.208116	-85.583640	88.311070	-125.530985	285.057497	-55.979681	-20.548683	-215.991056	260.339142	-75.136536	-40.364524	218.445883	-57.773914	-91.418367	87.626648	-342.503332	116.623264	-11.938014	-1.291159	-53.225637	265.241710	-52.914770	-12.993311	64.727602	8.815789	-160.687966	14.841569	133.980943	-112.077606	-66.080270	106.796618	-79.563847	3.083548	-41.518528	49.368333	-185.611544	-75.483936	-12.240467	-32.115916	78.610877	-15.124522	-56.207839	132.583699	-221.940548	86.657294	-12.642110	-8.152226	74.113542	148.543763	-25.871177	3.835515	65.408582	254.765470	-35.012743	9.426371	-151.929371	40.009314	-5.901043	81.297684	-106.377457	19.779537	-9.515849	161.224491	-132.363812	-29.752474	-17.888752	99.804693	-205.629893	24.605512	-13.172004	85.363941	-127.789029	82.990487	-24.046342	32.009879	153.562957	74.947527	-10.366463	76.024163	22.222849	-109.794553	-24.587493	72.239523	34.622548	-137.985347	-32.196983	56.036048	14.320207	24.829326	-14.515328	79.406188	74.645483	156.404589	-32.858286	233.754831	-118.975823	-237.563380	-50.298865	-36.974668	-173.270961	91.908921	-24.961055	22.232351	-51.701770	151.257923	-16.563418	90.256713	15.354573	48.887828	-27.805186	163.735710	92.065085	183.071834	-15.124148	65.666487	178.804979	135.631263	63.923561	-19.628491	346.969280	-31.739576	8.050876	-49.832424
-99.010028	52.083360	-6.702383	14.727758	-4.343716	62.762742	58.800034	-0.657254	-59.992119	203.491414	246.376465	-39.002870	-53.047037	112.527553	157.216653	-64.941218	58.820595	69.924791	47.743189	-33.116050	53.156636	-17.141142	4.115527	-10.152245	0.651281	-23.799107	-11.012016	-2.298676	36.885327	-8.837201	-18.708066	33.668876	-15.304543	24.106177	17.755786	3.606762	13.390596	33.713881	65.642754	-2.439501	14.241770	-50.512525	36.605454	-1.999096	42.231131	-27.493949	4.388291	21.141262	-0.849668	-13.720081	21.990429	-0.392002	-15.614227	-4.739190	-0.687093	1.571286	15.691434	-13.295033	-16.887198	7.559670	-22.061839	-5.704039	9.455897	-7.019816	-17.317287	-8.733122	63.266212	-14.802573	-12.798758	4.105300	89.509350	-8.086331	18.276421	2.134448	30.939128	11.956767	22.920105	-6.837195	20.951525	7.085869	-21.066440	-27.242803	17.439894	8.226351	-9.369805	-3.293902	-6.778204	14.282500	15.123010	40.759664	18.536704	10.368289	10.446395	126.189961	55.536806	3.255065	-26.262747	92.615673	33.055880	-9.593562	5.512312	8.066675	12.890211	4.120825	27.813781	-25.030238	2.296761	12.096583	-31.374539	-23.360633	8.331727	-3.750787	-27.074799	-8.652425	-3.331096	12.070119	4.934704	17.255537	-1.669590	6.438627	-25.733296	-16.832048	-6.128668	-2.047714	-6.597348	6.131129	34.580049	-24.116262	-32.129652	36.003828	11.020052	-5.185674	-12.713384	3.733861	-0.650139	40.690869	-47.287611	56.185968	-2.414124	51.993032	-72.325078	-4.753022	7.061191	-10.297004	-12.807448	1.970212	-2.785543	-2.620934	-6.929458	-20.822670	16.356002	-20.516372	30.401908	-22.442562	34.253960	-14.974852	24.773470	-19.787494	2.831985	-11.067909	34.506116	2.825649	11.037057	-0.113114	21.750212	129.234465	-2.623925	62.385958	-110.148688	-43.999401	9.528137	-15.734175	9.645341	8.905055	0.470050	6.229352	27.458601	2.078881	0.906536	-7.472501	30.822737	-17.407837	4.249933	36.185663	29.713634	41.841254	14.144541	9.231632	59.033674	-46.413804	18.397299	-17.442681	-41.398264	-119.415751	3.077996	-57.858910
62.328589	-15.540746	5.812990	-3.892811	7.178806	-5.343578	-6.318685	9.079205	31.335979	28.355695	-39.002870	77.534883	16.746348	16.497607	-53.712136	69.574885	-21.510412	-31.259313	-48.646472	36.549676	-39.748597	-50.846731	-31.869825	18.358457	-23.258073	-49.065172	-2.096220	6.120399	33.314517	6.957344	0.943033	-8.009928	-16.368968	-3.125944	-3.889203	0.073090	-8.613855	1.300312	-17.655520	12.047211	38.492484	-7.967554	-13.460090	19.789909	1.584806	-0.882020	-14.092584	15.989944	-40.219576	7.222279	-12.185426	5.762499	6.336679	-33.101483	-6.352179	4.898043	17.920970	5.543681	3.668741	3.534625	-14.833689	12.102233	-4.966308	5.681717	10.980703	62.022685	-14.242893	19.440101	26.190024	18.951814	-24.997977	19.815171	-19.600826	-19.760850	-18.863861	6.178169	-54.863974	13.295504	-11.078504	-3.422353	1.490310	-10.466099	-10.084092	8.187546	7.197579	0.709808	-3.772697	14.123403	-22.280756	-8.067876	-6.694433	1.870125	-1.402104	-13.787594	-20.301290	5.826166	31.735047	-6.107353	-21.245053	13.322843	1.656218	4.881470	-7.370345	11.673960	-51.291802	22.333339	-1.886740	-1.085898	-7.998153	20.293387	4.715962	-2.327385	-7.992926	-4.287668	-4.198367	14.787709	-7.180750	-2.681287	-2.999154	3.927151	14.220145	17.846572	-11.894329	0.950208	14.491061	-11.666647	-14.647698	7.277373	10.270533	-45.729330	-6.685131	12.216365	-13.406610	-36.226199	-5.776171	7.814946	-15.714232	-90.453010	-5.589685	-14.805141	-23.749829	-10.857871	-7.214614	11.093379	10.168231	0.334931	-5.530916	11.230474	8.355679	16.141798	-14.676388	13.698130	-11.230888	1.319630	-11.081563	10.182195	-17.234800	-36.695988	-0.142978	13.718154	-41.344589	-13.476022	-7.747132	10.842019	-29.762006	-24.313050	-8.889490	27.353130	-30.429685	-33.471946	-1.274759	9.844796	9.178090	-6.067180	-2.857119	1.038491	-3.141767	-3.401170	-2.133983	11.813483	-9.687502	4.325091	5.167811	3.845830	-2.190789	-30.386630	12.933720	-1.236334	-23.680210	16.774684	3.225896	16.537823	45.143432	132.468250	-4.906490	74.643984
-70.171163	1.342462	-1.779955	-21.829842	-1.998574	-18.582746	-6.971298	-14.053085	105.695313	22.796351	-53.047037	16.746348	313.730557	74.976087	-113.298296	122.918345	224.113786	12.657771	-119.094780	97.732213	-33.384164	-96.769373	-101.884032	39.617214	-114.763276	-185.143714	-35.462186	19.232843	75.809449	-23.126019	7.970707	-14.518596	-57.254550	-15.930890	-9.614698	-8.815196	-21.166795	-59.901881	-56.612234	-2.906375	163.131543	-51.766235	-34.646406	22.202821	110.738203	-58.975936	-16.289940	34.927640	-60.567866	43.329186	-20.620430	-1.158153	-27.869834	-72.310396	-43.948028	-6.228952	76.577960	-18.960610	0.177659	0.689160	-89.628860	1.120780	-9.228234	6.621998	12.296963	66.160888	-37.968947	22.815693	71.143574	71.100878	-71.847110	34.957274	43.715988	-34.939917	-34.874342	31.613498	-48.370071	97.412938	-24.313180	-12.909982	-42.819892	-61.220485	-52.735160	-12.937972	68.504033	-0.631843	-4.572646	11.195908	-103.562831	-39.766919	-12.762977	-6.076255	-21.953185	-150.922083	-49.826948	-7.384966	83.881049	-130.826479	-69.783316	14.830512	134.879558	-70.984216	-31.071688	30.150275	-81.745998	-23.228780	-26.994249	15.869397	-62.187601	-46.348557	-25.997890	-5.984751	36.409864	17.112435	-7.500545	31.125315	-36.178047	-6.869928	5.916209	-1.979403	48.284017	46.004648	32.181032	2.080911	25.750382	55.216729	-16.934186	23.314554	35.604608	-34.100040	-27.613148	41.932305	-48.818672	11.115182	-10.700411	16.880774	-62.966393	-45.006910	-9.500372	7.798421	24.069669	-4.868337	-5.207508	38.865392	20.684859	3.596335	2.848784	9.588636	72.068114	23.816071	-12.471961	47.184120	-19.001569	-22.465719	-52.039537	16.257952	47.120154	-61.055533	-12.525151	5.684443	-19.118017	-5.274297	-14.638857	18.045686	-19.750653	-105.093448	-19.545858	30.802047	38.685515	-83.796988	-19.283462	21.079370	37.947807	-9.734361	-9.216054	15.210929	5.654788	36.803544	-12.395606	37.301533	-11.338813	52.290174	1.544749	-52.023493	45.508678	-43.152850	-32.117740	-45.921472	-20.471440	-36.996889	-39.986755	1.162678	80.690137	60.277496	-16.125860	52.385895
367.819856	19.697738	-28.200429	-35.178289	44.439206	314.650201	51.215470	-12.500829	237.661668	1656.778029	112.527553	16.497607	74.976087	2129.020122	-242.113482	-75.841677	384.682909	1327.799958	-366.574169	81.978526	46.867458	405.700486	-250.661285	100.371770	-231.098921	-48.512642	-87.604523	20.563204	501.438661	-107.206723	-1.713586	-22.471872	-275.210732	34.872646	-15.190423	-19.758389	-128.456786	0.025719	-133.790886	-18.272241	62.157546	-142.460692	-137.738681	3.896391	387.395283	-196.850410	-96.106959	78.607440	46.442502	-5.034019	-115.585448	27.756264	-131.033684	157.486925	-118.963372	-26.359854	345.281084	-151.164680	-17.011378	-37.220474	-286.898893	128.770476	4.060147	-13.729652	42.785860	710.441388	37.610884	28.625547	-16.578169	696.079225	-8.023500	13.405934	51.318185	58.791549	-94.783752	49.628021	40.439013	117.572787	-82.925948	1.843916	-130.155445	528.007960	-64.347640	-7.443077	206.532501	4.022366	-31.589009	51.948441	-316.028325	33.382757	-14.033876	-12.274975	-41.653908	102.837230	-85.139510	-21.626927	16.625231	29.283652	-206.175712	-9.022220	181.309427	-83.614079	-102.631876	56.468100	147.248222	-67.046214	-68.945567	68.182491	-79.483385	-12.781859	-12.628593	-15.907855	167.028281	7.976608	-36.592764	91.292141	-230.622804	34.671153	2.115810	-8.975926	25.538677	18.907215	-19.536108	-17.678521	18.626096	128.158861	-57.279012	15.438722	-137.126953	16.677041	-16.151011	64.723976	37.784695	-41.323221	-8.442288	80.179411	-17.848312	-78.811973	-19.447176	46.174398	-29.899841	-5.448748	-13.591277	118.042443	-56.043829	39.191210	0.440912	21.209928	208.264718	30.845430	37.307063	-41.647389	72.353616	-81.392801	-14.883231	-27.590586	67.134379	-92.649953	8.585015	18.899643	-41.226199	-50.881279	-20.483675	28.226131	11.628100	7.779042	-39.476019	104.189300	-11.843149	-229.073199	-37.337948	55.247952	-8.950845	47.072455	-9.700567	54.002002	122.580939	140.584393	-8.135041	180.901880	62.309673	173.201486	28.370389	96.668470	104.117275	91.515124	29.123988	-15.221107	-45.467813	158.348629	28.486989	-10.457139	370.468098	99.395490	40.482507	-31.402961
-516.077441	25.095846	-11.025528	12.843941	-42.090281	-53.338904	2.643267	-4.615982	-109.603500	-231.882701	157.216653	-53.712136	-113.298296	-242.113482	329.673038	-117.296643	-5.749254	-37.305592	249.904910	-92.931337	90.426861	95.415545	104.035319	-53.316596	85.415766	63.398916	9.428806	-26.419571	-228.840075	19.935489	-10.766289	42.600573	72.861841	-0.150384	10.093118	11.832743	32.790915	26.042348	88.522509	-4.361261	-65.956303	-25.210634	90.965311	-24.761742	-37.285294	-8.628317	45.046676	-30.008765	57.537311	-2.149969	62.077081	-10.405519	1.807478	-12.238079	42.425687	-6.461845	-137.575219	16.947119	13.215186	11.997518	95.843548	-23.786238	17.654421	3.211322	-38.958622	-116.994883	74.716707	-35.232546	-35.210874	-50.919565	118.501530	-26.545418	21.848485	35.021789	67.825417	-16.005300	74.288717	-87.423604	56.948173	1.597128	-21.100144	-119.144310	47.218841	-2.824976	-110.278023	16.907539	31.931951	-12.887026	125.538552	31.235646	28.793352	10.128759	12.039349	69.107901	68.908947	2.663411	-36.740778	32.492753	74.675661	-15.183307	42.851355	-2.934604	24.674400	-22.819144	79.938686	-72.305090	0.118407	-7.384869	-19.838830	-66.485174	5.194632	-3.214411	-67.161097	-16.707010	27.501816	-42.987819	78.051076	-0.075553	2.950145	6.358795	-51.424441	-16.118008	-12.600419	-3.029256	-31.689601	2.244768	36.329096	-26.696071	17.426574	21.095289	27.960108	-32.644773	24.140340	-0.638877	5.066866	9.640316	-33.821839	92.444164	6.306343	45.336001	-23.496467	-12.677599	19.937485	-51.228911	11.822485	-7.943921	6.250119	-11.565589	-17.050108	-16.113580	28.153913	-25.963242	27.846387	32.650685	56.650376	-30.291241	68.971160	4.617230	18.091974	-27.055169	44.222869	-11.345594	20.061783	-11.931545	-6.383196	114.435295	2.679689	47.202391	24.790316	50.378058	29.326087	-20.523410	-8.739249	-20.818633	9.118450	-19.154663	35.679092	-34.005054	7.519615	6.030837	38.769166	-12.681888	15.749682	46.979071	66.699998	-42.522894	68.793779	-6.435214	52.771934	-154.421876	18.231281	-21.426393	-163.476523	-176.437111	-10.720442	-64.084881
135.178713	-29.483280	33.347435	-20.971312	11.422008	2.817161	-4.916218	-3.110217	48.576179	-35.396533	-64.941218	69.574885	122.918345	-75.841677	-117.296643	212.036047	21.433538	-107.187402	-103.065155	144.132814	-91.501479	-174.775557	-71.787829	35.355804	-117.550038	-234.205610	-22.711389	4.724480	107.226392	-3.176592	11.118945	-27.137012	-35.910999	-14.450737	-9.213403	-6.159871	-23.130200	-48.217946	-42.125734	7.884313	78.845183	-38.558842	-37.354390	35.974560	54.571772	4.866118	-27.943552	55.360497	-66.178505	31.454525	-27.696817	11.019300	-27.318206	-112.065354	-38.427416	0.076580	75.065422	-14.129529	-1.984993	-8.643994	-54.874144	11.976221	-11.754052	4.719025	12.309058	36.397879	-46.135735	33.735416	53.055783	27.529851	-69.218285	37.982778	23.095310	-22.271094	-30.909047	28.783335	-78.752067	82.532093	-25.442040	2.905002	-21.466068	-36.557266	-37.961547	11.511224	56.491634	-6.250411	-8.413376	8.349716	-75.808963	-23.668417	-12.078380	-2.287570	-5.213938	-61.625309	-38.360900	8.444962	49.187834	-16.532113	-45.975702	24.200190	42.050111	2.857727	-16.195184	29.054136	-75.299553	35.935719	-2.613193	6.108321	-34.104511	26.107865	2.507628	-2.436233	49.667572	-0.674148	-9.693089	17.800614	-29.867915	4.501975	5.110481	-0.599178	34.915063	73.968938	16.409099	5.269055	9.281530	37.665265	-37.222214	35.072933	45.984802	-43.817824	-18.140827	36.884873	-6.265219	-34.261207	-6.857712	8.709920	-54.112011	-115.757450	-9.714861	-25.796979	26.660590	-2.407976	2.334539	28.169428	9.804123	7.993686	-1.947081	16.545759	13.656271	40.372616	-29.470998	51.204377	-68.700794	-5.796421	-48.833432	21.887179	-12.527060	-48.573623	-4.059329	19.803262	-36.856273	11.018233	-14.720034	22.714180	-53.819761	-33.797156	-10.511197	37.521956	34.993771	-57.737930	10.895098	19.809653	-2.685760	-1.446725	-10.167511	7.565424	-38.119300	39.528199	-8.155332	10.989233	-41.672105	40.606021	4.713003	-51.573888	-55.598880	-38.059563	2.381460	-17.953364	-50.020848	34.835379	-18.490159	22.604940	81.992858	198.133964	-9.151403	111.051912
106.030070	71.673076	-24.299514	-34.596900	30.046874	8.783395	13.041065	-22.587355	29.981467	427.180855	58.820595	-21.510412	224.113786	384.682909	-5.749254	21.433538	765.357585	-138.759941	-32.261001	90.651624	304.926441	-336.414386	-70.772520	6.312114	-181.668488	-392.206044	-67.027486	-13.448822	326.356040	-84.423053	2.965595	-20.747041	-90.716334	2.759376	-0.417752	-10.158736	-49.188986	-8.623054	-25.150514	-9.595045	148.192330	-101.733696	-17.817601	-3.843971	426.558937	-223.470188	4.204975	16.326149	97.986365	26.048474	-1.368690	-13.704639	-46.689341	57.171827	-36.378437	-20.150357	231.026571	-73.833277	-10.775210	-11.212190	-128.684198	15.513673	-1.415932	9.448123	-15.382631	236.820386	6.863555	20.205955	18.344974	223.779279	-8.005516	-0.441756	121.454053	-39.542407	-11.092598	14.058170	38.711830	108.992345	14.430994	-26.347452	-98.319536	-23.093426	-57.790943	-32.758314	181.322139	-40.933441	-5.828565	5.855695	-144.851916	-32.707749	-19.897352	-3.242912	-34.183990	-130.995999	-52.913123	-15.636838	61.244542	-150.127369	-71.269191	-11.065020	302.005490	-107.534265	-40.574437	8.815865	31.378523	-110.389964	-41.254483	-1.144920	-157.686218	-198.674760	-44.730130	-23.735344	136.256878	-27.530258	-10.259863	25.460716	-78.069383	-36.063017	8.926755	-2.580493	43.603779	59.450214	70.650778	-4.061436	18.428338	206.448699	-5.085043	5.383251	8.387349	35.392615	-14.008474	39.149986	-37.093881	41.697852	-16.960707	65.880698	-134.431151	-62.425693	-14.212436	21.752585	87.325906	-31.223000	-11.615822	35.037361	39.399668	-22.351745	27.385698	1.301584	161.852048	8.511621	87.561510	23.256182	-38.423757	-56.991804	-16.497950	-7.826700	112.858684	-120.223872	-0.395890	14.950112	-41.712041	45.502504	-20.699615	69.176377	5.765022	70.786030	-24.904026	130.893058	143.776001	-101.218210	-13.524829	-22.816641	31.109957	-53.340926	-12.667811	41.082213	132.932551	116.060177	3.030619	149.737583	5.289620	130.278482	89.789834	-54.488095	128.110151	-151.883881	76.073589	-64.617868	-19.463739	-127.295835	-34.805763	-18.706560	116.510198	-5.433069	-12.962982	11.579570
-810.475028	-136.783896	-13.330015	-1.917394	-88.092908	143.977280	19.123597	-16.900744	131.554404	508.835196	69.924791	-31.259313	12.657771	1327.799958	-37.305592	-107.187402	-138.759941	2070.149742	-211.797180	-30.023466	-186.167451	1533.183371	-220.661854	107.338057	-20.596354	590.506648	-41.867854	64.179012	-162.767115	29.763012	62.212920	9.748419	-119.187618	2.838593	-9.593401	1.831935	-69.590568	-69.851018	-84.024694	-17.954274	-80.762034	-123.025946	-65.521726	-47.663276	96.527428	-0.241495	-59.219485	12.972968	-19.792565	206.400389	-71.133009	46.296773	-111.097008	211.616572	-65.814311	-5.405300	3.026309	-83.793449	71.779779	-75.127951	-97.916418	50.242875	14.462806	-24.337597	46.310342	286.622499	10.066389	-13.338742	-20.918694	501.714117	-1.699414	-7.185740	-17.933442	158.777334	-43.403833	6.447492	90.295527	158.350353	-57.887986	12.486377	-40.600919	395.904243	-48.282818	13.399551	-0.850911	48.139358	32.877056	-14.861592	-141.477390	42.519204	17.543373	-17.150279	-34.175355	59.423347	-50.876578	-25.420286	1.023281	4.619545	-125.945987	-11.793148	129.404655	-30.060420	-42.716067	10.275803	158.055691	-106.045116	-54.014422	35.700689	39.753727	-55.420762	-14.658191	-8.985564	78.706652	36.536410	5.468886	0.798915	-129.106056	61.391583	13.233568	-9.184400	-35.874938	38.058783	-54.880886	-8.790754	14.355996	40.598040	-3.361154	9.297069	-86.558641	38.118036	13.654203	28.166755	-5.004332	18.869998	-0.699481	27.998492	35.167434	-21.245510	0.716058	51.788263	69.474038	49.120355	16.717390	65.473844	-95.683316	53.928188	0.287941	5.012039	78.753379	63.499040	0.283112	-62.832964	162.154473	27.122758	10.571606	-55.271221	96.951142	22.308137	68.144400	-29.735645	-108.317119	57.660660	26.525799	1.782017	25.945930	-17.967449	-11.371793	113.044914	-31.135416	-69.437620	-58.598976	70.028086	-24.697987	81.145270	-6.664415	32.643614	31.091079	116.044436	-5.218503	57.940006	29.587562	21.304691	60.755009	-5.207852	47.953776	-236.334779	57.431180	-41.803754	-218.501360	-50.001271	-46.685049	-5.036474	186.504931	-66.122018	33.628139	-19.131380
-562.451406	-52.364874	-16.323846	-7.034380	-40.886500	-47.743093	-12.725075	-3.367346	-112.331225	-235.929975	47.743189	-48.646472	-119.094780	-366.574169	249.904910	-103.065155	-32.261001	-211.797180	346.091957	-107.437187	84.457613	45.853179	190.517113	-72.640692	74.005462	-46.983824	21.006039	-29.322278	-347.717690	75.429934	-16.788106	34.595345	75.650011	4.446648	5.832199	9.999039	27.667961	53.045931	79.692766	-0.121069	-51.944950	23.485199	105.013340	-17.935107	-53.457113	3.383577	78.938980	-45.792498	23.910824	14.915415	72.713981	-25.657368	-12.379438	2.688672	61.654582	-12.335561	-181.281600	64.824572	5.070271	25.306183	122.417144	-2.270452	15.306256	7.729091	-34.162940	-80.310907	66.708155	-31.019185	-24.701180	-120.501001	101.131749	-32.139085	38.711413	-29.795778	70.181236	-32.470539	42.049648	-64.703522	64.349088	-10.888685	-44.232515	-119.375180	56.962115	-8.400630	-119.091801	6.360315	26.289456	-21.263570	159.551267	40.090761	20.161957	10.737791	13.796572	70.716469	71.449665	1.228870	-0.924653	26.500037	107.837887	-15.829893	43.588354	-20.920832	42.153107	-30.052642	11.038049	-57.270415	5.249532	-20.986994	-54.365375	-48.177428	2.942749	1.166111	-81.745741	-16.580999	27.184859	-47.143346	103.266751	-4.381319	-1.213292	5.267163	-29.413624	-20.309946	6.601500	1.015592	-3.901553	-31.918471	50.279171	-17.704908	51.895771	-49.635690	32.460309	-30.596934	-33.248916	12.720719	4.435859	-8.727362	-59.527581	135.498613	13.413247	25.949769	-37.931685	-4.897232	24.357667	-58.885574	7.531430	-1.102810	9.014059	-14.611467	-46.879348	-21.723461	21.693076	-15.345298	31.897838	-8.326958	62.984474	-17.071305	95.574830	-42.675159	21.100808	-20.207921	11.022381	-9.381020	16.511749	-5.798294	-55.370244	79.418596	10.078639	6.733436	38.567806	76.790267	25.476948	-25.001717	-67.455673	-23.766387	8.102363	-34.980713	1.309345	-41.190771	17.288623	-21.474093	32.520918	-48.713698	20.207006	37.471670	67.444231	-104.464204	55.185739	7.460224	36.808097	-175.771177	-2.708265	-8.825677	-190.349851	-187.087440	-22.458482	-40.032674
