65.527195	137.973529	7.246357	14.796614	112.461631	96.743571	2.527898	28.209162	-81.576880	11.185373	-5.827394	0.251622	-108.543994	-7.841539	1.290481	-10.524468	5.901252	40.698426	25.600092	-0.901438	23.859110	92.414361	13.424727	9.040845	59.925233	59.502874	1.302916	28.686828	45.300990	36.775550	-2.372930	3.863283	75.261699	2.806177	1.390543	10.410072	-25.460363	-17.555629	-1.789606	1.216364	-76.169091	2.287508	23.315782	-7.085844	11.342218	14.831959	19.396045	-1.096847	8.019307	-8.223134	-13.881287	3.182845	88.572569	8.973406	-1.676704	27.172936	21.003633	-39.491819	-15.630901	-4.509584	43.560218	-35.464946	-10.170045	-0.448070	-10.371927	-29.667943	-2.743165	-6.748626	-38.970490	-19.125826	19.813449	-8.178309	-4.075905	-50.047182	-42.388284	-2.220976	-4.147096	-70.293483	-23.560131	-7.943318	114.710692	-33.628631	-3.995200	-42.207681	5.089624	-29.647281	-10.210538	-5.334714	23.200754	-20.516402	-15.547182	-4.627794	20.659906	-22.534442	-3.401237	-3.681851	-0.645262	-14.702025	-0.966250	-5.865891	-13.222963	-18.459775	-25.596321	-1.152378	-1.236973	-14.853893	-3.920862	-4.012507	35.591003	-11.305446	8.512620	-42.174669	7.354432	6.821440	-9.918829	-2.537433	3.973359	-27.345365	-30.253705	-3.238211	12.910292	-28.941058	-10.588770	-4.214241	-27.970182	-3.042397	4.250320	-2.851564	-20.340303	-1.116346	-4.070301	-0.498286	15.853132	-0.147920	7.412907	-0.160723	-21.590824	19.399629	0.937422	-7.029379	16.621269	3.796488	-24.025842	-2.657579	9.975601	-17.332883	-19.823090	0.447725	-14.342138	-14.661930	-1.792572	-4.481303	-74.367518	-1.247726	1.181299	-4.136732	-15.723158	0.249292	0.592625	-0.737832	34.580393	-2.450197	14.889100	-0.105782	-18.629668	5.282475	-26.153100	-0.580522	34.550030	47.675911	-12.664429	8.112418	67.746595	56.702923	5.069873	9.083502	4.264461	6.361439	11.384394	-6.532598	-112.985432	-29.204044	-3.436785	-7.479020	-1.277434	-5.020980	-8.111904	-2.250817	60.187819	-4.100908	-0.966515	-1.549480	-20.461859	-15.236687	-23.435127	-0.674477
137.973529	669.276072	25.202427	68.914090	186.762136	303.939790	6.879401	91.116630	-205.669152	8.428802	-6.858811	5.810623	-273.978951	-26.147222	4.402406	-34.297883	18.810414	42.770688	53.092285	-3.532412	53.837980	169.829285	41.628779	7.988205	185.215787	175.093397	6.138749	58.910859	66.582869	75.543717	10.404253	9.356308	199.060777	1.176516	18.540099	36.180768	-42.733130	-46.010066	-17.120926	9.091662	-196.311412	-14.040581	8.416092	-15.984405	36.096203	-53.700462	-0.392241	-3.397271	12.409302	-54.240316	-22.201355	-8.906437	253.380688	52.168103	-1.694253	46.386601	50.582069	-169.647566	-21.103617	-10.654904	121.902796	-96.568281	-7.725107	-7.554545	41.598088	-83.625935	-35.281833	-18.625257	-102.836634	-42.731427	-32.957925	-18.592876	2.845466	-121.124010	-115.847753	-4.574369	-7.861625	-166.261205	-51.668120	-36.562405	328.693124	-53.659327	-9.097942	-119.685053	22.654432	-73.417885	-33.584236	-11.615960	98.993155	-31.872824	-48.228981	-5.976450	113.909246	-37.222066	-38.359218	-2.226691	28.097118	6.248108	3.213665	-10.724896	-13.148518	-27.929916	-43.631586	-1.787921	2.315421	-39.095005	-9.453330	-11.410773	105.062322	-14.219207	17.680092	-113.423104	-29.105766	-31.468486	-54.856123	-3.860498	54.250511	-69.077420	-69.196525	-5.464173	17.804266	-36.233876	-7.759599	2.919871	-25.516801	14.624149	40.816824	0.543471	-35.060277	-1.303538	-7.526159	-1.096521	39.893807	-5.021545	14.511512	-0.724455	-47.388647	35.840363	2.231322	-16.054344	-31.328471	-56.716297	-76.465497	-8.838964	56.244956	-43.279887	-51.385803	-4.300834	-70.250061	-22.646414	11.313610	-14.679725	-165.153606	3.597708	9.131440	-9.904701	-31.546573	0.934949	3.171802	-1.764388	69.992569	-2.346857	19.038382	-1.065682	-20.997500	19.024431	-70.154786	-2.009152	65.795942	94.604567	-40.369705	-0.812257	100.424536	201.228711	2.033569	15.099846	-27.232672	24.477615	21.056608	-23.015500	-253.560566	-51.017164	-9.162059	-17.003101	-0.380571	-14.225315	-25.855194	-6.178918	95.916591	-12.863464	-31.521344	-7.614317	-29.245370	-41.440531	-59.753649	-1.811048
7.246357	25.202427	4.623744	0.840597	11.360974	20.035775	1.930064	3.080458	-7.552315	6.153186	0.161189	-0.482010	-14.129934	-0.838934	0.902063	-1.209010	3.395344	5.307774	6.805056	-0.169645	6.038703	21.271070	5.559077	0.871410	22.065146	21.628240	0.343912	7.186743	4.937006	19.545800	3.173675	0.514130	10.388223	6.822557	1.520870	1.947339	-4.122380	-1.115464	-1.162131	0.692428	-7.082303	0.245429	4.091676	-0.705569	6.692676	-0.441976	6.529802	-0.233647	0.841627	-6.067889	-0.418917	-1.694883	26.564541	-2.794313	-0.287096	1.703290	1.760450	-8.285998	0.126709	-0.504260	9.086268	-10.085557	-1.758625	-0.630503	-0.356399	-6.388522	-1.842808	-1.255064	-3.025773	-1.996647	3.108669	-0.967458	1.725163	-6.821705	-4.510109	-0.329046	-0.937162	-11.644826	-3.008446	-2.404206	25.117457	-8.352813	-0.484674	-10.976478	4.087555	-3.597591	-0.878086	-0.969930	3.528951	-4.533995	-1.408591	-0.988247	3.525712	-4.205709	-2.043198	-1.122117	0.937811	-2.461108	-0.400747	-0.914800	-2.088197	-3.609267	-3.956063	-0.169868	-0.927553	-2.508439	-0.983325	-0.629130	8.324285	-1.669401	0.582019	-6.298301	0.749962	0.304153	-2.223511	-0.507719	1.540570	-4.422805	-5.151233	-0.587829	1.001007	-2.540520	-1.818208	-0.151207	-2.992584	-0.869012	-0.872188	-0.045355	-2.942812	-0.721829	-0.996722	0.018627	0.124717	-0.414377	0.469726	-0.130771	-0.355965	1.892118	0.109887	-0.924871	1.461903	-0.195085	-2.628804	-0.576257	1.284890	-1.974064	-2.701092	-0.130135	-0.014888	-1.516081	-0.413895	-0.839361	-9.797908	0.219649	-0.065571	-0.528871	-2.388081	-0.091823	0.156929	-0.090968	2.360660	-0.959411	1.424506	-0.078426	-1.161978	1.007683	-2.332352	-0.191825	3.685152	13.174692	-2.173801	0.629746	2.975582	7.649437	-0.250073	2.299304	-0.175783	0.984968	1.251798	0.203916	-13.894904	-2.535189	0.122085	0.065276	-2.175395	-2.119583	-2.053565	-0.435559	8.798312	-2.214955	-3.877840	-0.536776	-0.474198	-3.184997	-3.605110	-0.130540
14.796614	68.914090	0.840597	9.598575	19.656679	27.022208	-0.283974	11.335761	-20.063716	-3.891783	-1.571806	2.032320	-28.885322	-3.679894	0.016231	-2.292744	0.141972	5.854441	5.406257	-0.071287	4.243182	16.238041	3.056372	1.942621	12.630742	12.318193	0.510512	6.699622	6.072544	-5.950180	-0.286844	1.059112	23.562856	-5.678458	1.728946	4.197874	-2.505573	-6.497804	-0.580312	0.502575	-23.985019	-2.009126	0.350719	-1.925695	-0.414908	-6.503915	-2.278237	-0.262100	0.179016	-6.227393	-3.910378	-0.205144	22.219806	5.584479	-0.163485	6.078253	4.861737	-16.083535	-2.186752	-1.361284	11.831088	-7.091415	-0.163197	-0.260363	2.472844	-7.686185	-2.876863	-1.962673	-14.402259	-5.283209	-4.462285	-2.374677	-2.537483	-13.541112	-15.147244	-0.632724	-1.089069	-16.095937	-6.747795	-3.395544	31.306428	-3.886831	-0.771499	-11.936691	-1.514381	-8.428067	-3.869620	-1.334072	10.681947	-3.861090	-5.962788	-0.469340	13.054619	-3.370075	-3.133587	0.226986	3.132912	1.474094	-0.324903	-1.031398	-1.226609	-3.095980	-4.727617	-0.336199	1.134475	-4.226760	-0.732147	-1.151083	7.900423	-1.104437	2.600290	-10.917872	-4.458315	-4.673313	-5.222880	-0.560556	8.803135	-8.070210	-6.725140	-0.686931	5.144053	-6.088966	-1.291207	0.082292	-1.916964	1.917561	5.365436	0.321925	-3.561218	0.146648	-0.545722	0.114613	6.149037	-0.666757	2.280914	-0.096364	-7.580861	2.642328	0.263825	-1.532683	-3.500929	-8.529013	-8.514204	-0.751220	11.016159	-6.372645	-6.236230	-0.440226	-7.998951	-3.243536	1.163985	-1.381822	-18.997285	-0.046034	1.373028	-0.783682	-2.961178	-0.051144	0.763279	-0.048762	9.490072	-0.205462	3.070727	-0.086662	-4.109132	0.799784	-7.603919	-0.154736	12.416051	6.685132	-4.001924	0.933309	16.283624	21.835215	0.833160	0.781841	-6.112586	1.024726	2.835743	-2.260742	-33.263327	-7.941274	-0.603579	-1.676120	1.509021	-0.943277	-0.396696	-0.785817	11.278005	-0.519331	2.314286	-0.689738	-3.919985	-3.598894	-4.238718	-0.158991
112.461631	186.762136	11.360974	19.656679	1482.346601	408.383599	10.390019	170.809617	556.884456	186.267278	-45.535616	166.551675	-1853.378468	-267.429099	-80.911315	-147.843655	-297.520788	127.879983	74.209688	-28.641686	102.994985	296.387332	53.289348	49.139369	138.250699	125.270239	-2.150523	55.193751	56.795310	116.502095	-11.861970	-8.605365	652.779698	-154.804663	18.217435	32.062864	483.544591	-263.962262	-69.488209	91.002049	-992.611367	-15.524773	105.260174	-30.797249	-135.063472	180.729565	224.361498	-11.081583	65.790878	96.125215	-105.001014	123.990314	231.458182	42.400626	-23.740056	105.431935	124.911081	355.549505	-135.898254	5.117803	119.038417	-209.097114	-149.076822	20.738381	168.063217	-296.782229	-62.110222	29.611506	-356.677621	-46.545863	353.543337	-35.348529	-112.069464	-215.987565	-101.734346	-26.696001	4.356217	-328.019746	-165.477715	35.002848	307.039728	-135.120196	-17.169657	-76.938220	72.991886	226.162332	-161.755862	23.580337	-0.616549	-9.795180	-198.281144	4.336400	-24.563979	-246.981740	-58.797543	2.302310	-281.683559	-78.868384	175.675463	-31.520302	-210.293774	-92.944612	-142.801010	-17.811851	18.614782	-71.194722	-34.194021	-8.782118	69.771810	-74.495750	28.602116	-136.468458	-20.159743	151.493237	-114.480265	0.679504	-25.351740	-110.856642	-262.099762	-24.761891	29.281031	-356.634765	-97.044217	-46.519726	-655.505774	-95.522053	39.615367	-55.403775	-331.842391	3.045572	-29.919679	-12.524548	95.252145	12.492279	50.305898	3.317584	-117.213505	100.474338	-14.401964	-19.596973	-14.459738	163.824893	-212.292263	5.428478	59.012920	15.032096	-181.522444	15.104950	158.920548	-113.581650	-61.015124	13.469226	-857.482813	-34.430682	-33.266168	-53.159299	-332.151092	-5.030141	24.336826	-20.127415	170.321525	-30.673344	135.349420	-2.711764	-147.709190	43.007327	-97.243773	-0.321624	-174.755718	98.811987	-154.601584	37.945500	349.491188	350.136306	11.964457	111.956945	485.661395	127.810835	68.832188	50.342551	-891.704017	-240.538726	-54.675636	-93.184421	-292.193197	-30.059042	79.181951	-29.516859	307.337471	40.850162	170.018292	-3.927721	-126.139163	-88.631757	-28.518775	-0.590078
96.743571	303.939790	20.035775	27.022208	408.383599	474.586428	17.188374	101.270397	-112.148899	401.474863	-10.721515	113.270755	-597.342433	-6.046661	-12.708693	-6.085888	-46.770714	77.484121	50.190030	-1.057161	58.446714	193.461624	35.001799	15.197139	139.887593	154.770597	1.500820	50.125204	49.943092	208.626930	30.610673	-0.016220	187.749090	81.038324	25.124067	25.767689	35.038499	-42.362058	-30.541753	29.584936	-278.941872	10.318400	52.002930	-12.030978	-1.611459	36.084660	62.896821	-4.172688	20.683254	-30.952315	-31.524603	17.820403	219.617556	17.156225	-7.174193	36.647706	-14.967138	22.697018	-66.441104	-3.701609	67.181067	-119.796242	-65.097155	5.222554	-22.717145	-96.153331	-30.199166	5.015948	-127.342035	-15.323040	71.549801	-12.128215	-18.466590	-100.032459	-101.757371	-6.724741	1.058354	-164.161206	-49.062209	-0.832601	246.284289	-74.700484	0.436645	-106.735792	-18.870087	-71.758374	-93.705148	8.321499	24.773686	-44.749850	-74.661134	-3.734437	-21.055054	-78.409032	-39.567055	-6.357389	-56.076056	-30.715660	2.250211	-13.299890	-50.120323	-40.248850	-61.349440	-3.330327	15.717597	-29.165172	3.093167	-6.354227	74.607657	-18.917980	18.627304	-95.293188	42.217433	16.685886	-39.956079	-8.201429	8.247436	-68.455295	-99.385838	-7.853069	40.152763	-88.059516	-44.701154	-2.478085	-144.392967	-21.202654	8.121636	-7.837824	-88.269738	-5.690332	-6.119898	-3.065896	51.902488	-3.803053	32.253330	-1.184365	-26.532598	47.666677	-46.728462	-23.758072	97.553746	44.897156	-63.558313	-12.125839	42.523592	-19.079371	-48.194187	2.846711	24.013964	-39.018402	-18.837508	-8.123470	-243.418712	-6.304223	-3.166303	-13.331193	-79.594891	-5.255993	13.576463	-5.451193	90.467959	-24.694813	35.368868	-0.168510	-66.570922	16.881784	-104.414627	-2.946353	17.297504	189.028501	-46.801136	-9.954534	105.072783	144.340629	19.999943	26.606309	96.920393	41.685780	28.637543	-17.039175	-266.604236	-60.231149	-9.192022	-48.191586	-46.348915	-25.131654	19.570359	-15.818085	86.751564	-50.786427	-7.586476	-7.808249	-112.584629	-65.168229	-73.780776	-0.275683
2.527898	6.879401	1.930064	-0.283974	10.390019	17.188374	8.083846	2.074845	-3.035691	24.387385	9.950056	11.255369	-34.964438	-1.005548	-0.428267	4.633613	-7.505603	-1.822413	0.149515	-0.649542	0.327239	1.959148	0.572680	-0.034182	2.252464	2.933869	-0.134803	0.890760	1.582473	29.538655	5.891404	0.570663	4.547727	17.743017	7.202353	1.595803	-3.901423	4.078909	3.143789	3.402842	-16.172055	0.842077	0.692866	0.570887	-3.642086	-2.989576	-1.126850	-0.411622	-0.083680	-7.734087	-0.092960	1.042735	2.095123	-8.434065	-0.609197	-2.728025	-7.968065	14.991481	3.296816	-1.693168	2.276156	-4.122393	1.535743	-0.242329	0.847798	-1.650664	-0.185586	1.048284	-2.486440	1.029280	4.220723	-0.476363	0.051829	3.688057	4.181555	-0.334965	-0.627860	1.445560	-0.834780	4.699246	-6.786722	-10.307341	-2.027219	1.825904	-12.060194	-3.656794	-5.274054	-2.506600	-0.378271	-9.125776	0.424357	-2.232014	-4.592527	-7.652760	-2.875128	-0.564608	-7.272138	2.315558	8.110514	0.353522	-4.328525	1.449598	2.220330	-0.037491	-0.756035	0.817407	-1.371607	2.704838	-4.356218	-2.430666	-4.160618	6.907671	-10.015193	-3.195676	-3.919127	-1.342579	-0.338351	-7.874849	-4.365182	-1.521463	-3.327018	-6.716052	-3.512887	-1.997834	-8.095772	-1.865396	0.876528	-0.781461	-8.258516	-1.005061	-1.209341	-0.275032	-0.985874	-0.669531	-1.761015	0.182330	1.246996	-0.384958	-1.088191	2.871337	-6.260148	-0.995256	-2.112065	-1.526773	-0.808836	-2.011089	1.039511	0.219880	6.254672	-0.839279	-1.271055	0.338375	-6.617365	-1.066516	-0.989819	-1.598934	-8.884839	-0.698700	-1.338604	-0.763249	0.071116	-1.176660	0.659546	-0.213049	-0.898139	0.028112	7.480241	-0.214418	-14.148669	-7.965066	-2.236925	-3.855939	2.011941	1.458361	1.090641	1.085526	21.572209	-1.508938	2.977484	1.963350	-10.022004	-4.225246	0.266464	-0.491751	-13.957893	-2.234445	-1.328824	-0.321176	2.378277	1.153935	10.231049	-0.609643	-10.513507	-5.308835	6.158689	-0.298673
28.209162	91.116630	3.080458	11.335761	170.809617	101.270397	2.074845	58.093623	-30.256922	45.920095	-8.101764	59.173277	-250.308499	-21.148733	-7.654363	-8.524056	-25.967334	23.624224	16.228111	0.095235	15.649565	48.935092	9.785062	6.851367	34.473815	32.839035	0.379479	14.533347	7.224033	11.518505	2.128494	-1.005332	85.198613	4.440400	1.801084	11.691850	37.248065	-26.590172	-9.430465	16.286547	-128.529724	-2.360546	9.930128	-5.787856	-14.116781	2.800655	17.302315	-1.622110	0.668127	-17.216958	-10.758607	10.864478	51.844492	-5.170202	-2.299347	10.015078	-5.736900	19.518228	-21.219300	-4.156582	17.094601	-15.471682	-21.918704	9.706000	0.450112	-31.556488	-11.327238	4.430007	-59.639296	-5.337877	24.657147	-6.841845	-20.683928	-32.798055	-23.352231	-3.424511	-5.175531	-42.775307	-14.145575	2.697048	46.710650	-25.310446	0.800482	-12.267450	-29.158519	-0.440333	-28.714968	-1.033061	4.700374	-15.849243	-28.542272	-0.455062	-1.806541	-31.010723	-12.931602	-0.885581	-41.649087	5.009182	16.904328	-5.502222	-25.498827	-7.744473	-14.721778	-2.184650	1.829444	-8.287072	1.563880	-1.909912	6.923572	-5.938442	10.614115	-17.399419	-24.737558	6.404713	-14.310291	-3.682758	1.414008	-29.248407	-32.244411	-4.092605	11.715187	-48.504005	-13.482222	-7.135099	-79.256341	-6.702777	8.592246	-7.319530	-40.387634	-0.631852	-2.297508	-1.164000	19.069426	-0.669562	13.310626	-0.369073	-35.030085	11.619344	14.188635	-8.118247	-7.774863	17.182004	-27.145819	-0.811198	23.255388	-7.517180	-18.386173	2.458179	20.556447	-17.936659	-6.802619	-0.715825	-118.039096	-4.610580	-3.251723	-7.509271	-37.037755	-0.012336	5.258120	-1.981549	37.656222	-1.128813	30.256054	0.481609	-53.396746	5.908892	-6.133556	-0.702946	-8.646778	21.670047	-20.469340	2.910920	67.317277	56.114166	6.990669	13.674268	78.958528	17.608961	9.565685	-3.835547	-129.483228	-34.064766	-8.293812	-17.435021	-15.573167	-2.600697	14.169126	-5.009735	42.934588	-7.734289	27.945167	-0.208402	-43.919717	-25.106960	-24.097108	0.208889
-81.576880	-205.669152	-7.552315	-20.063716	556.884456	-112.148899	-3.035691	-30.256922	2531.902231	33.680801	7.155047	23.331958	-1264.813554	-381.298006	-134.329127	-230.617844	-1079.371391	-145.139281	-44.346726	-113.394342	8.703872	-19.825567	18.264231	5.636482	-41.941713	-42.490406	-4.141417	-0.030814	-102.973455	-246.463514	-84.134683	-40.515902	201.914092	-302.537321	-52.609239	-53.576498	1388.829747	-295.417710	-9.838641	38.468848	-791.852792	-77.347305	-25.128218	-7.769958	-707.034651	212.287061	177.784728	-27.659090	17.537247	343.794337	6.404531	77.955626	13.144311	25.509152	-6.409465	65.081149	-40.733646	366.319178	-138.708990	-0.873518	-252.586072	-6.259131	-184.208853	-69.665687	458.456495	-192.460251	-151.837999	23.605963	-308.588669	83.119287	339.929203	-10.828455	-318.716060	157.400746	269.993408	-57.679701	-8.593405	-70.836341	-174.800207	48.291797	153.524860	-45.290145	3.093742	18.839339	64.487505	711.333478	-68.500147	48.497722	-311.424637	291.423108	-202.807116	13.992060	36.838648	-256.708088	-215.055827	13.329096	-344.056680	-51.515425	298.658589	-28.971268	-397.744339	-125.450080	-108.290098	-35.087719	-39.002662	-156.587888	-115.180604	-6.089353	-16.069206	-77.080557	54.450571	-36.172084	-15.422463	342.234569	-85.510300	28.795123	-109.874882	185.475458	-250.418483	-14.377638	332.859254	-240.329571	-187.120954	-9.110673	-621.925435	-154.530357	-30.745262	-46.639867	-627.002445	-10.680525	-59.257942	-16.639776	1.465727	14.328837	9.646142	3.735603	-98.860566	17.868190	55.539954	9.377114	-129.100626	255.252165	-151.273270	14.357798	49.847707	235.056251	-159.413514	12.120889	767.723628	1.479908	-84.039075	76.027953	-676.401736	-50.096211	-65.314645	-19.331805	-654.458650	-0.734529	6.703630	-28.823421	12.150712	6.529896	118.755949	-10.351376	-175.592024	42.884677	8.988983	1.399918	-119.138892	14.141588	-102.099123	35.688429	163.567017	163.494992	-45.881493	47.328332	1061.440001	177.795803	39.712641	140.216545	-583.375156	-240.108578	-96.698309	-44.147657	-795.347937	-12.865997	36.203143	-24.087101	-65.372894	121.495208	69.263339	-31.418539	-189.129539	-36.784550	-83.684657	-22.939142
11.185373	8.428802	6.153186	-3.891783	186.267278	401.474863	24.387385	45.920095	33.680801	953.457456	-0.531481	187.861361	-516.905727	284.177287	-50.485296	99.232588	-149.855761	28.796166	-0.318307	18.962805	6.132714	39.620533	-3.536986	0.457487	1.512205	23.484358	-2.527251	-1.293005	16.442691	142.208663	31.061042	-7.290844	6.758547	77.992314	33.374254	-2.462648	23.328897	10.271457	-23.136269	13.580883	-94.567238	15.852311	3.658609	9.350146	-38.179353	20.897803	12.422911	-1.331251	2.116013	-25.985141	-28.801898	-11.335674	62.610367	25.158505	-1.613178	-70.221767	-8.852065	21.327200	-62.083845	5.309195	-6.292145	-141.506777	-72.039407	7.206051	-94.244237	-60.826969	-39.301743	6.957923	-29.910598	54.278040	-13.124030	13.467965	14.926492	21.221612	-72.212277	-3.737301	6.274333	-23.336634	-16.199127	5.538023	57.626190	28.543504	7.168542	-100.832807	66.255103	-56.529150	-88.257672	18.721586	-2.544039	-17.732859	-63.095695	10.987604	-151.328331	-15.219178	-64.058042	5.809682	-19.689104	-14.239592	-86.435766	3.742585	-14.200775	-2.040509	-50.025798	2.650122	8.722597	16.756337	22.015923	1.135410	56.905615	-3.249648	-19.429416	-45.617560	177.291375	50.358456	-22.927494	-0.098129	-14.896347	-0.095743	-93.767715	-0.381059	18.795572	-9.414227	-65.139570	19.684989	16.801772	-9.643609	-33.809475	21.125500	-41.886210	3.235012	11.226861	-0.776822	0.808258	0.333322	11.830434	0.458829	81.833814	38.641587	-100.718443	-9.622513	204.287816	110.813820	-26.719932	-1.592997	-22.811513	7.528504	-41.703902	5.502639	-35.941153	-17.353482	-31.898218	5.499719	38.101226	-0.103555	-1.339381	10.459861	-22.745500	2.264695	5.452816	-2.295659	13.855240	-9.277388	-15.711090	4.393087	-16.715884	50.991296	-72.712999	5.418839	70.320580	269.772370	16.603360	-14.196446	-56.058032	22.402324	28.842044	-9.774833	-91.090113	50.940762	-3.349283	-5.110413	31.706341	71.626428	11.354744	-24.916391	-38.158046	-10.688072	-1.235808	-11.796996	8.098627	-36.299238	7.202214	-13.852901	-123.035152	-38.568459	-51.985318	1.785487
-5.827394	-6.858811	0.161189	-1.571806	-45.535616	-10.721515	9.950056	-8.101764	7.155047	-0.531481	64.500708	-9.049081	-15.142892	-7.930615	40.002460	-10.036903	-30.281231	-9.010667	-4.207668	-5.249818	-6.164830	-9.328837	-3.239911	-2.915998	-6.477013	-6.202342	-0.621665	-3.362522	-0.800970	33.268083	6.321009	0.845444	-7.581543	37.275836	9.953101	-1.728725	31.531044	15.683866	26.232544	-4.139593	-51.947290	1.924595	10.461857	-4.194231	-32.860108	-0.482217	-8.700097	-1.643733	-4.573586	-18.664974	-7.446212	1.631387	-23.864565	-37.195196	-1.704448	-12.513813	-10.473880	45.560793	5.507761	-3.592555	-15.767133	22.198384	1.938157	-6.046370	9.812463	1.485228	3.160766	1.612049	-18.855302	10.101567	17.144644	-2.139332	-15.931123	26.350107	13.791549	-2.250438	0.630672	26.237385	-7.420897	14.298949	-60.839563	-21.043155	-5.163782	12.888363	-8.767208	-25.117240	-16.231749	-2.449330	-5.106972	-15.026288	-3.118838	-3.578051	-6.521879	-16.481826	-9.715554	3.580205	-29.604685	10.498486	32.948077	0.671895	-21.366488	14.364982	8.138453	-1.470355	0.606714	12.959423	-6.567418	13.346938	-35.900865	-4.335071	-14.509426	35.480864	-14.584070	-16.424089	-7.583643	-0.902859	8.074285	-9.304020	-8.548071	-1.152656	15.451626	-11.430246	-12.072190	2.652847	-32.193192	-6.169203	1.231150	-1.962747	-35.165316	-2.881882	-6.062746	-1.458265	-8.265581	-2.525369	-5.664058	1.138684	-12.268693	-11.857042	15.053582	16.897161	-12.789673	17.507266	-1.187019	-5.308357	-2.881955	9.642298	-1.517516	1.326287	44.250808	-0.601428	-6.544269	11.541545	-21.016512	-2.600495	-6.841865	4.047762	-33.945451	-1.545546	-3.926690	-2.380056	-10.318546	0.245734	8.390587	-0.341152	-35.404997	-3.540086	53.680888	-1.462836	-58.640176	-24.404738	-8.288734	-7.955984	-27.208511	-10.925610	-9.158819	-3.897201	40.342477	-15.143241	-1.382101	8.023458	-34.543057	-19.503333	-3.576745	6.860196	-44.872253	-2.418633	-2.591059	-0.008171	-10.955235	15.017396	49.159135	0.523960	-61.032165	-20.507364	17.591227	-1.300996
0.251622	5.810623	-0.482010	2.032320	166.551675	113.270755	11.255369	59.173277	23.331958	187.861361	-9.049081	273.329834	-513.767483	-31.922817	-36.482373	145.704782	-145.827484	-0.466179	-1.925703	3.015660	-8.524215	-4.001120	-0.515960	1.630914	-7.396194	-7.815948	-0.877405	-3.669629	-22.536028	11.794217	-10.892754	13.114760	9.794059	7.319655	-6.213679	8.251898	46.385959	-16.177079	-3.530298	40.818848	-133.204917	-3.757126	0.524256	25.127782	-67.768392	-4.196298	13.492963	1.929394	-11.572384	-30.154843	0.074359	20.927855	-9.056660	-15.262468	-1.731096	-5.325146	-55.285818	91.517313	-45.130556	16.287727	-61.366634	29.584714	-30.599471	21.574169	-48.130855	15.000348	0.332846	15.819014	-56.137327	-12.391243	18.075259	0.679566	-23.470243	-36.498284	13.029654	-3.286188	2.260621	-39.394826	1.411133	17.856727	-36.457440	-29.823551	-1.232629	14.151648	-67.559361	-26.759548	-38.723776	3.256341	-73.050535	-10.164412	-16.270679	7.596843	-54.274896	-30.083109	-13.846958	1.463952	-70.380980	12.024777	20.988519	-2.687191	-21.287406	1.413048	8.837683	-3.832740	12.484858	-0.825162	5.703912	-0.751682	-21.875866	-1.951653	6.505496	-11.289883	-51.225542	17.489352	-8.799003	-0.581321	-28.661131	-38.327701	-21.057938	-7.411627	-13.534859	-56.658791	-16.577605	-7.334786	-80.438864	-10.861223	8.835190	-8.875980	-52.503205	4.054640	2.775845	-4.508983	19.804138	3.370262	18.908183	-0.152141	-44.427971	16.608315	32.551112	-4.135379	-63.381358	25.184320	-19.206041	4.839263	0.065391	2.969871	2.177237	1.939546	49.403294	-13.856656	-3.746741	6.607289	-70.702023	-9.181763	-5.549749	-5.762327	-54.628572	-1.595528	6.402741	-6.909874	40.507356	1.662252	38.392971	1.381294	-76.808681	18.028117	13.162224	5.715700	-47.064328	-15.001672	-14.098983	9.561959	33.225982	20.581558	21.272478	4.236326	134.436797	2.168009	13.609677	15.840848	-73.408853	-21.152714	-6.178926	-6.549036	-63.983751	-0.113139	43.495802	-6.884695	14.164919	-10.751916	58.890381	-1.125176	-77.903246	-23.412105	-32.856124	0.639755
-108.543994	-273.978951	-14.129934	-28.885322	-1853.378468	-597.342433	-34.964438	-250.308499	-1264.813554	-516.905727	-15.142892	-513.767483	3354.250207	330.365465	105.000084	1.083943	700.394901	-132.540968	-79.872946	8.039749	-139.897697	-279.076506	-65.587712	-52.180705	-160.456903	-116.809019	5.765891	-48.388466	-17.828907	-151.305624	32.137246	0.909308	-765.554581	187.447655	-26.444365	-28.115849	-977.392345	361.382245	56.650720	-160.190327	1666.096136	24.883948	-106.547407	4.011701	344.566969	-198.547305	-248.184757	12.099163	-69.487052	-93.729930	167.364717	-162.382335	-231.111741	25.838847	31.962414	-59.369678	-69.107403	-580.797000	271.634342	-35.636402	38.797482	252.285634	269.064329	-11.712417	-259.645605	364.944712	110.579578	-62.548872	664.155868	28.045687	-479.679201	30.275848	214.661415	226.236508	91.196667	44.947271	-13.114781	377.764292	237.137439	-86.466604	-234.161205	198.794289	25.094610	80.863763	-10.148692	-344.369150	274.307853	-49.152122	223.801761	-46.194298	303.962459	-10.161738	104.578511	349.186168	157.358435	-12.886740	576.188436	50.661877	-322.710789	48.198399	351.978729	121.148912	163.396367	35.713590	-32.821147	96.252564	47.201375	-7.628380	48.220080	83.790084	-32.182237	89.931571	95.752090	-264.658945	167.392640	-7.299642	161.347974	160.000344	433.833107	46.659044	-118.585620	546.110034	210.177741	63.238488	1065.782478	143.322211	-52.173800	83.158241	574.602364	-6.680814	49.548331	26.268559	-117.731465	-17.428141	-65.014227	-6.057092	114.878319	-139.832683	23.342102	-7.368074	200.660625	-326.970335	302.769597	-16.001427	-40.245719	-106.226453	256.845879	-32.098050	-482.216313	145.157157	99.741971	-45.496844	1287.218764	61.873311	63.100927	80.536049	592.044055	18.574161	-31.299054	45.865065	-204.496556	56.191518	-185.556520	1.740354	206.774499	-82.475806	66.252161	-14.753686	390.569509	-152.728138	238.836973	-38.284177	-440.875706	-469.584977	-4.442414	-138.246961	-1054.512897	-199.609004	-95.878396	-139.856873	1296.744693	325.040264	105.394550	104.856999	616.982326	33.996974	-118.803841	51.992479	-242.704167	-87.217545	-242.348515	1.478332	265.876627	92.464251	29.811551	-3.389025
-7.841539	-26.147222	-0.838934	-3.679894	-267.429099	-6.046661	-1.005548	-21.148733	-381.298006	284.177287	-7.930615	-31.922817	330.365465	374.293875	5.318008	60.536634	187.000622	64.164137	5.181987	50.087452	-0.198270	-18.525344	-9.977109	-0.942370	-21.127011	-18.445777	-0.919783	-4.839108	30.841994	35.609017	19.423759	3.477484	-105.628279	57.570960	6.148668	-2.928460	-280.277876	76.141871	-6.387504	-28.010571	220.440242	25.477471	-12.746065	11.149710	163.698899	-50.484492	-48.478025	10.961257	4.413625	-65.914018	-13.772733	-33.653577	-6.982936	2.220053	2.093093	-73.749129	30.699119	-175.536506	17.657439	3.650434	39.650185	-64.195361	9.035744	3.462598	-117.121540	33.024047	5.186422	-16.776377	79.386349	6.452057	-132.702085	13.758710	92.559967	-22.828828	-86.094343	12.096469	11.002860	19.938918	39.345248	-19.344876	-51.146056	31.173099	4.460087	-64.725386	46.315917	-165.259549	16.630714	-2.497588	53.998724	-62.999959	16.386606	1.125167	-68.268027	76.926371	4.154288	-4.170192	80.756743	-2.897799	-145.842287	7.635875	101.533741	26.908388	11.947563	11.305427	8.188907	49.656494	46.848909	0.071932	-21.889421	24.713704	-29.702608	9.549482	94.211320	-54.196285	14.145849	0.499286	19.353039	0.989728	11.985280	10.233506	-70.018322	82.422221	15.330332	15.894151	156.473118	38.485000	-13.882655	30.057562	170.431180	10.538517	30.927267	10.488752	-11.358737	1.542605	-2.854937	0.433780	49.378799	7.036937	-57.404054	9.535485	52.405596	-17.478301	20.989865	9.845972	-13.481715	-21.796947	20.895025	3.733177	-186.403558	12.134115	22.121217	-9.057304	211.110436	14.903498	16.663011	18.107246	198.048559	8.489350	-1.158174	13.098731	-26.780614	13.292558	-54.320687	7.106819	52.437708	21.022918	-9.610483	10.531117	30.858628	61.238442	29.080059	4.408714	-74.461953	-52.140775	16.664510	-24.249143	-351.628615	-0.906253	-19.127604	-8.343603	201.184901	131.569724	28.563810	32.321955	253.115515	26.775136	-34.181643	8.646080	-38.610209	-25.220271	-63.529945	3.637270	6.723572	26.463302	-26.152881	7.887208
1.290481	4.402406	0.902063	0.016231	-80.911315	-12.708693	-0.428267	-7.654363	-134.329127	-50.485296	40.002460	-36.482373	105.000084	5.318008	84.056522	-18.584216	49.730200	14.908687	19.579108	-2.202042	0.410475	12.334394	0.657904	1.332584	6.620851	6.977214	-0.377224	5.981062	15.217045	31.021625	6.909796	1.663592	-13.788511	54.216561	-4.577705	5.181874	-25.805221	24.878551	21.659331	-5.543415	25.852400	1.595652	29.424931	-10.043571	-0.948476	-15.506887	-7.099826	-2.715661	-5.973014	-32.577594	-9.819335	-10.167969	-3.049466	-18.946103	-1.623709	-6.899555	-5.091246	-52.327183	-6.769063	-2.344033	21.042999	23.277009	-1.466005	-1.458196	-21.479969	23.287541	14.632547	-1.856921	7.278673	3.708724	4.990138	-2.273434	-10.464571	-0.762807	0.820204	-2.023249	-6.157264	34.012665	9.041329	-12.130795	-21.268011	20.944137	-1.192241	2.723118	-14.539309	-85.199481	-17.067591	-5.980275	17.906163	-10.667537	9.017853	-2.610792	2.580992	6.851149	3.417936	0.285863	-5.514089	4.727644	14.620308	-0.108901	-10.790678	14.442342	22.979794	0.125912	-3.434663	14.189305	4.272708	1.834132	8.882577	4.442619	-5.577689	7.872259	13.101523	-25.007853	12.317155	-2.999973	10.000483	1.653204	6.338950	0.971594	12.929693	14.402620	-4.923892	6.897648	-1.864642	-5.263242	3.928896	1.876962	-12.893370	-2.554575	1.675925	1.100564	-8.041891	-3.437824	-1.276256	-0.015478	-13.526721	-2.718350	33.214983	0.510135	38.766327	25.261504	23.211718	-4.099654	3.917225	8.123940	4.462439	2.052209	10.830967	1.534148	-5.934266	8.079299	11.671358	-1.066930	-4.939547	7.329554	-4.299154	-2.797594	-2.248393	0.584958	-2.690400	-6.597497	14.799202	0.362443	-48.004696	-9.010204	52.757687	-1.377166	6.835419	46.132292	5.203482	-4.465707	-31.704423	-25.561327	-9.130150	-6.393804	-18.620567	-24.631795	-10.708882	-1.951127	25.743684	-12.123230	-4.184485	3.954081	4.414901	-2.941530	3.000337	-1.847027	19.104162	-9.772079	42.114177	-1.816255	-52.486175	-30.948935	-11.146885	-0.652645
-10.524468	-34.297883	-1.209010	-2.292744	-147.843655	-6.085888	4.633613	-8.524056	-230.617844	99.232588	-10.036903	145.704782	1.083943	60.536634	-18.584216	221.506870	13.224999	7.094067	-6.905196	36.889096	-14.694021	-21.984695	-7.606829	0.517857	-23.943573	-20.511011	-0.496847	-3.850124	1.710181	10.010700	0.705408	22.438604	-90.054330	24.764270	8.710060	2.823306	-204.014748	56.034520	11.982429	4.937073	125.044870	13.311932	-5.791139	34.892441	61.551837	-21.917995	-17.445794	11.258755	-9.956313	-44.300466	7.181941	3.879178	-34.397270	-25.532552	2.869541	-4.889851	-9.798431	-22.783105	0.049965	25.262185	-25.086581	8.684600	32.796407	14.978778	-114.414427	63.824910	37.063673	0.329046	37.653370	-16.510951	-67.623140	8.633165	44.591013	-34.757287	-26.741877	8.447678	8.267591	-5.778512	24.645096	2.784789	-59.791786	-17.872273	-3.390763	18.627461	0.643529	-88.790890	23.914284	2.277171	-36.927258	-29.335390	45.516397	4.164710	-42.918808	58.010755	33.257575	1.368858	37.810269	6.030986	-65.712047	4.429417	81.469474	8.867801	9.904342	2.825006	14.367879	15.818027	17.294106	-1.175838	-16.855160	-1.574682	-13.515491	14.493088	7.799549	-24.882874	25.587668	2.667271	-16.455568	-28.274578	46.341913	0.042554	-58.428952	37.819764	25.329040	0.275504	135.336071	21.161821	-7.845562	9.278431	106.750232	6.915126	9.767874	-0.127300	-2.352653	2.234248	1.467885	-0.301469	17.362130	-5.197904	-7.174098	3.475164	-40.415042	-38.229269	32.069158	6.204012	-19.861389	-31.290338	28.882495	-3.151432	-103.293370	-4.036225	9.619367	-10.960270	171.804344	3.170897	11.835425	1.879098	102.650456	-1.050420	-0.039836	0.055878	-15.023445	3.106503	-19.764854	2.711567	19.820768	-4.872423	1.310086	5.138231	-15.021370	-48.049453	24.369089	7.309753	-39.762702	-63.336896	4.532148	-9.718692	-158.872776	-36.890603	-6.574621	6.584912	131.590306	63.732579	18.260146	33.282225	89.510680	5.812112	0.940447	4.860845	-45.938212	-11.451229	-31.406532	3.413808	16.534249	30.360954	-1.377891	3.403896
5.901252	18.810414	3.395344	0.141972	-297.520788	-46.770714	-7.505603	-25.967334	-1079.371391	-149.855761	-30.281231	-145.827484	700.394901	187.000622	49.730200	13.224999	769.406136	97.559253	43.086191	58.547537	41.431503	34.834248	9.322251	6.965476	51.616515	37.544830	1.103248	18.692747	29.091661	64.985262	48.096845	11.389825	-75.177771	86.528325	21.663607	14.178186	-592.887492	108.793790	-23.352810	-35.218668	397.922503	35.733029	-7.432816	-15.301293	496.532373	-113.777564	-62.680587	13.237543	11.244762	-161.068396	-16.876831	-44.798524	52.528629	-8.479719	2.549764	-28.501178	81.277295	-172.724841	109.328953	3.210564	156.529782	-64.996972	70.528974	23.509948	-187.271734	66.391533	45.800568	-20.193148	171.778883	-47.511676	-162.197487	1.430361	213.273430	-84.944356	-150.798681	34.139626	2.892806	35.137383	75.675703	-31.936909	-21.669155	36.658632	7.816132	-41.147182	59.900337	-222.687719	67.170641	-10.757600	179.916936	-119.583004	76.232555	-7.472946	-33.702414	135.138661	99.164423	-18.558879	167.467220	6.330045	-154.633897	10.677219	222.340103	44.383179	34.617012	18.290125	14.625450	65.275713	50.061079	2.294089	6.071230	63.224103	-16.900732	19.106078	44.633153	-166.059293	25.065982	-11.124491	51.454323	-73.936701	92.830555	8.611096	-152.573110	110.734183	87.561350	-5.591476	302.196540	73.036022	1.464118	21.685387	371.332635	0.600584	18.347316	11.344694	-4.260320	-10.751992	-18.405494	-1.762648	140.420480	-18.719931	-105.048019	-2.403386	83.043264	-165.970119	50.899576	-7.840975	1.314459	-95.440673	73.869313	-5.114055	-338.884965	16.900014	48.038291	-42.706339	329.567127	30.446767	33.565147	-0.071765	373.068786	-6.904810	-4.202720	14.797436	-30.770705	-29.674746	-105.902354	1.877521	256.791303	-36.832807	-85.825612	0.623237	116.441952	24.745211	50.185698	-16.081774	-85.849132	-86.634013	16.453531	-19.813270	-522.689802	-64.616141	-24.147136	-62.432527	305.034462	143.723905	50.852253	22.357378	426.720572	-0.379169	-31.384046	9.992035	13.016605	-80.517740	-120.545832	17.737353	294.861719	75.288557	113.345026	17.928102
40.698426	42.770688	5.307774	5.854441	127.879983	77.484121	-1.822413	23.624224	-145.139281	28.796166	-9.010667	-0.466179	-132.540968	64.164137	14.908687	7.094067	97.559253	155.225302	70.323717	19.271011	72.177897	225.919631	36.617102	37.562156	87.464964	103.815968	-0.240991	63.235369	46.717998	33.129546	1.225018	7.694758	97.037346	-3.248649	-9.064998	11.412396	-51.788192	-17.116752	-7.997446	-6.792008	-90.736868	29.708553	82.919311	-9.907935	100.962705	72.404707	126.311607	2.703534	41.280949	24.595437	-19.915310	39.642086	183.170265	11.770136	-5.106300	98.248323	60.826451	1.650376	-13.865880	16.243123	62.106445	-59.922738	-27.619301	11.354423	-48.732199	-18.849338	7.871785	-9.844895	-69.486437	-30.918850	63.283383	-16.132756	16.670459	-162.137876	-95.729479	-2.542963	6.098981	-208.194162	-40.578220	-22.894370	247.389296	-105.919115	0.491477	-69.283754	59.362664	-1.509524	-13.811819	15.682239	29.353677	-49.015939	-20.746518	-0.966591	-28.852946	-16.671178	5.807988	-6.397817	-6.416520	-60.331323	-62.164794	-12.303770	0.581487	-60.178222	-70.586126	-1.541121	12.182580	-33.948134	6.965771	-14.662894	71.192346	-26.839628	20.212583	-103.391990	54.706041	-34.190388	-10.568023	-3.870509	27.470332	-62.663853	-43.954115	-6.586544	23.251515	-61.236279	-24.808737	-3.130286	-38.290142	-14.455005	-16.597460	-0.297139	12.850676	1.860420	-2.541578	0.673942	43.944616	1.609419	27.666411	-0.020348	-69.859848	31.022952	8.256292	-20.684985	56.311034	-43.502344	-28.475438	-1.390205	50.669744	-39.581692	-23.983083	3.750973	-17.430398	-31.216423	-6.429452	-1.379227	-84.283124	-0.446296	0.098470	-1.182872	23.075198	1.035961	10.002004	0.055429	75.658251	-5.244779	41.599110	1.996447	-55.593359	2.371120	-52.457884	0.394787	40.739437	35.555971	-11.997620	22.930221	67.467334	22.172880	6.708077	14.718348	-84.456335	7.413589	1.794607	5.007492	-137.367777	-0.417399	-2.863181	10.054756	78.758993	5.461156	16.652817	0.857543	114.351943	-23.797754	10.706272	4.293945	-27.814253	-12.852606	-67.532176	3.093443
25.600092	53.092285	6.805056	5.406257	74.209688	50.190030	0.149515	16.228111	-44.346726	-0.318307	-4.207668	-1.925703	-79.872946	5.181987	19.579108	-6.905196	43.086191	70.323717	64.856990	2.121535	59.352936	164.062647	42.253069	27.391912	94.502459	108.075622	1.429234	60.131290	25.273128	4.192757	2.496363	2.819107	66.897433	5.662854	-4.366840	9.899228	-2.698899	-11.910280	-2.119495	2.405063	-41.803531	3.711099	46.972140	-7.236150	54.470180	1.612694	91.787122	-1.195396	24.543124	-30.372448	7.199498	11.984176	176.096145	-12.937657	-2.875436	70.122343	31.194926	-40.608230	-0.497946	0.552730	49.934631	-38.077125	-7.756546	5.528386	-14.587937	-10.021660	4.346725	-3.383548	-9.580190	-23.912785	41.465152	-8.664880	19.184997	-102.359537	-35.159759	-3.367450	-0.585323	-138.966949	-27.830789	-24.241283	195.124821	-83.955724	1.734004	-64.463646	41.378786	-0.335502	-0.697009	-1.048487	32.552574	-32.763770	-1.446976	-0.546108	16.774088	-18.151055	5.329900	-1.898678	10.851430	-31.402352	-10.319171	-6.052671	-8.801039	-33.644073	-32.746894	-1.445691	0.852648	-19.928715	-0.977103	-8.184867	54.154143	-15.729595	19.738352	-64.444459	37.127544	-16.350582	-2.719479	-3.716732	26.416087	-30.876471	-20.037011	-2.637979	17.137540	-28.477798	-9.839205	-0.715980	-25.371660	-11.005186	-3.227455	-0.493674	-17.014770	-1.523683	-2.674461	0.005682	19.577722	-1.571268	14.002897	-0.192719	-41.679170	9.883220	21.081127	-11.285272	38.029424	-24.834652	-9.760552	-2.642419	39.052373	-18.093921	-11.550230	0.446718	1.433219	-13.829295	-3.670380	1.151631	-55.427429	-1.911769	-2.230740	-0.735361	-10.584624	-2.153083	3.240548	-0.665343	38.372025	-7.756131	27.224427	0.159933	-37.771168	-6.076009	-16.649742	-0.568710	44.640070	42.067870	-5.696480	10.723390	33.421659	14.664880	4.779033	10.285686	-9.524560	-3.451603	-1.877648	0.579944	-64.736072	-14.014883	-2.710210	-1.714927	0.930320	-10.674094	10.745580	-3.717067	69.597146	-26.849799	12.381302	-3.633371	-10.920687	-21.725282	-35.890808	-0.789260
