651.954549	1046.480609	41.574930	158.865843	126.483295	916.235528	35.195483	182.270605	-251.973167	165.528720	16.858536	-168.878959	-194.310768	-112.452825	7.310583	-272.079413	-54.176557	-58.922144	0.001044	-80.847438	-15.302537	-49.009629	-0.687438	-10.351211	5.736078	-22.154620	-1.755555	2.170253	50.691119	111.144297	1.768277	15.653246	46.190657	194.629354	5.418268	41.932810	21.237385	197.247141	1.786159	33.051707	-29.315350	127.598443	4.177953	-28.850593	-16.032320	44.331694	8.468236	-25.533225	-6.469817	27.655321	1.225606	-0.576809	70.536057	24.422114	0.862285	9.226916	9.210851	-113.308079	-1.186113	-4.247569	11.218570	-54.091124	4.051437	-0.592881	12.378280	-62.042027	-11.435589	-2.305391	-2.710255	-61.234976	-16.233885	-5.613268	2.373416	-99.256235	-5.208291	-6.211768	15.083475	-48.806036	-1.789022	-13.415392	109.264514	-7.704687	9.755582	-2.582151	14.423479	-199.464509	-32.077955	-15.949286	32.716068	-85.101351	-17.528336	1.663897	14.973309	-68.836519	-8.219172	-0.176482	-8.714270	-66.764434	-5.360724	-3.042545	-20.281657	-43.518089	-8.957738	0.225302	-17.577691	-43.693484	-11.560719	-3.550453	57.499641	1.261256	0.739172	-12.643005	9.903135	5.399189	-6.784961	-9.810374	9.734147	36.402691	13.197155	2.951677	7.114673	26.158501	12.637416	1.114348	-12.620292	16.823421	-1.296775	-0.378922	-40.038164	24.032810	-9.585987	5.570977	8.967496	23.020973	9.194177	13.262487	3.055644	34.898796	11.416392	6.378603	-0.245646	5.310759	1.101299	-0.099399	-1.185221	2.332119	1.074513	-0.681797	-0.746214	9.634632	-0.669720	0.000676	-19.975130	4.438735	-2.982557	0.192812	-30.345907	23.664361	5.702170	0.012449	34.479998	36.392642	1.463034	0.104356	14.340011	-3.075062	-5.313942	0.151093	-1.981540	-41.809787	-6.262541	-4.973611	9.966486	-46.470690	3.743681	-3.010750	-14.375902	-129.939939	0.847334	-0.086919	-27.622369	-123.851859	-4.865866	-5.579976	1.702205	13.276858	-23.263477	-2.290031	36.900051	30.652570	-35.790606	0.537238	63.937339	25.099759	-5.011893	0.157123
1046.480609	4205.161000	185.587040	420.527531	-106.693619	2748.462565	147.022716	229.677284	-539.808207	634.956229	112.594373	-587.008865	-415.401763	-16.150334	48.373166	-712.984059	-66.399490	109.518880	3.323028	-187.881788	4.007300	28.459683	-3.572771	4.548466	61.135503	70.244840	-3.808199	40.012258	84.586811	343.487378	8.350018	28.555365	34.132297	454.177010	14.275689	59.772658	-27.067910	344.298723	3.024337	17.755411	-104.062892	117.081083	4.249526	-108.574871	-91.225210	85.870872	-0.554569	-74.346358	-32.184643	99.512599	-4.747631	-6.049275	361.088095	135.281026	2.376228	46.750405	14.348169	-268.691046	-28.217847	-3.242072	14.936039	0.366513	-31.227996	5.978317	9.694345	-104.798694	-68.783883	1.244052	0.838891	-191.465945	2.174616	-24.217689	-12.797873	-183.898602	-16.347854	-55.034943	71.214460	26.626819	-17.877346	-67.718232	587.469706	139.509193	33.630496	47.645942	-19.018008	-961.927387	-194.701602	-29.285527	86.131758	-356.274181	-159.457223	11.796258	28.178534	-368.835414	-68.436769	5.788362	-19.116245	-447.446142	-20.070130	-17.970302	-43.807114	-406.772338	-21.182197	-40.114631	19.751762	-375.304802	-19.880902	-109.830294	454.055197	-230.521483	36.144010	-116.556748	-4.612727	-244.656386	-70.914085	-20.877931	27.583758	0.602463	-2.241218	7.545855	16.396731	15.849611	19.842126	2.550374	-25.592852	28.559736	1.659839	-0.833010	-43.440672	88.539121	-4.598803	5.491771	86.735551	81.034662	15.356286	2.759986	-90.388159	143.316310	27.944289	-67.887708	-0.309296	21.535292	5.489619	-0.959477	-0.562264	16.981193	11.005888	-0.727678	-3.519630	81.083680	26.003295	0.379887	-49.640282	111.356497	42.284630	-0.000808	-19.499711	104.439156	10.965454	0.002607	108.129073	35.179732	-63.303018	0.054205	-6.130148	-131.502068	-93.702287	-2.007873	18.463947	212.305231	42.845949	-12.452795	32.211273	171.448769	116.933787	-12.089157	-73.046024	-219.719963	83.598027	-14.004876	-34.419224	-431.575266	-148.695697	-20.638091	21.592955	-189.446913	-185.641304	7.718498	78.755491	32.021840	-176.006919	10.810222	241.570944	53.813972	-40.836407	0.073101
41.574930	185.587040	23.152429	10.913154	-11.940310	130.249562	19.580003	-4.383036	-22.717810	53.128394	18.269120	-38.731668	-9.738695	42.898913	12.143793	-36.933782	5.574705	37.866456	2.899202	-7.785912	3.008124	5.998432	-0.097357	1.371020	4.707511	6.471522	-0.188391	2.700318	9.512282	37.666452	3.084925	0.964673	1.098917	34.492700	4.420200	1.079390	-4.614940	13.060104	2.156064	-0.343499	-8.651804	-0.570047	0.988574	-5.247957	-4.756637	-3.086150	0.502508	-3.665321	-0.889599	7.795197	0.224402	0.181871	27.597175	16.391515	0.040780	6.481343	1.591496	-32.086220	-4.612543	-0.011769	1.413921	-12.783189	-6.184739	0.502374	-0.406387	-22.167694	-4.957753	0.266434	-0.884572	-25.366798	-3.239279	-0.715602	-1.833103	-27.507159	-2.770032	-4.802851	-1.075120	-18.285495	-0.984909	-7.446261	40.189863	-6.703427	2.009132	-2.950153	-3.063541	-63.312642	-8.778456	-1.988152	2.411375	-13.303384	-10.123151	0.969710	0.204868	-9.601328	-4.363210	0.306831	-0.907606	-10.779567	-0.759815	-0.294696	-1.703296	-5.120463	-1.374452	0.012503	-0.133430	-9.882634	-1.187062	-4.354944	9.002939	-8.005159	4.469600	-8.329050	-0.037171	-1.001594	0.977224	-1.291940	0.210836	4.257742	0.413174	-0.012160	0.353200	4.428584	0.495044	-0.021146	-1.171561	2.652823	0.518675	-0.037910	-2.496752	6.123984	1.182115	0.850407	4.581480	7.316168	4.104627	1.816654	-16.676087	11.250056	1.142668	0.059638	0.488457	2.092395	0.456579	0.034284	-0.157506	0.191895	0.310830	-0.008953	-0.441133	1.585902	0.953987	-0.050669	-2.745445	3.619160	3.081949	-0.013182	-1.520702	4.042566	5.257215	0.001155	5.361803	1.011335	-1.572378	0.005192	-7.511092	-7.011583	-2.884604	-0.169014	-1.444496	6.545120	1.894647	-0.710338	-0.874185	-11.468419	-0.290425	-0.989626	-2.248250	-26.034996	8.523965	-1.637645	5.295543	-29.408081	3.915426	-1.176823	-0.589822	-2.931080	-7.767970	0.453567	3.496164	-3.820486	-7.678815	-0.057276	4.057241	-2.313305	-1.678888	0.009396
158.865843	420.527531	10.913154	107.913953	-0.282279	274.527490	0.796898	118.394764	-78.295464	-52.455677	-3.688676	-41.254508	-65.257121	-168.682514	-5.570586	-93.170340	-29.432224	-96.520926	-3.402003	-29.514153	-11.025472	-44.003844	-0.617010	-6.635546	-4.222492	-21.114069	-0.522789	-2.591560	2.985916	15.874839	-1.972435	7.999915	10.341481	64.027509	-1.746889	20.887862	8.762718	79.176187	0.502418	21.384120	-2.237951	42.453512	1.897171	-3.814826	-9.211341	12.042194	0.857576	-7.705382	-5.247949	4.527292	0.188428	1.358330	-1.908806	-2.557589	0.334943	-2.840235	-6.090365	-55.873039	-2.451879	-1.203420	1.812279	-34.749746	0.334517	-0.092935	3.203266	-32.989042	15.429853	-0.376232	1.153032	-11.719097	19.242413	-3.196721	-1.313644	6.412162	9.132399	1.931017	2.912515	28.310505	-0.474594	8.634679	11.195202	28.927999	1.771856	16.619963	-0.995429	-56.218410	-3.379028	-2.325797	16.655201	-27.912302	11.406231	0.687371	8.235243	-25.009347	27.649697	0.246395	-2.628678	-34.344423	18.228428	-3.037721	-8.735218	-39.326335	2.294516	-1.591677	-13.811927	-25.104475	-4.837635	1.557182	41.612452	-1.921675	-2.937805	2.568297	8.265535	49.532347	4.715845	-1.656856	7.178151	28.513900	15.987280	2.197057	4.256358	9.048682	11.252241	0.706164	-3.898908	1.970597	-0.202386	-0.112816	-14.940575	-0.778635	-5.950983	0.117895	-6.385681	1.038804	2.038954	1.375279	6.728645	15.528786	14.436724	-1.339410	0.406920	5.296600	0.913199	-0.075080	-0.260306	-0.796489	0.047914	-0.060153	-0.944503	1.163132	-1.903788	0.030390	-6.670572	-2.677193	-7.266024	-0.021934	-11.183765	-4.716885	5.272620	-0.000107	0.489789	7.893078	16.151545	0.005161	-6.398417	5.356052	9.232094	-0.101864	5.570254	-25.453900	-3.837445	-1.067122	16.057276	-15.053284	-8.609302	0.881418	1.678844	-13.549539	-19.857009	2.298841	-12.444705	-32.663315	0.110189	-0.579532	8.182065	-26.743737	20.038838	0.528879	3.126937	-2.489964	-1.964920	0.728344	9.175372	-1.618306	-3.203768	0.023527
126.483295	-106.693619	-11.940310	-0.282279	426.967773	167.546981	-9.096911	103.043520	146.097799	51.983179	-26.228216	41.017558	-128.538140	-236.408615	-27.661064	-157.784309	-66.311037	-160.813449	-9.445628	-60.276318	-22.861834	-36.394654	-1.189414	-7.846080	-0.612430	-8.223650	1.715848	-4.255964	5.542617	-15.609541	0.083308	1.280761	44.091592	14.343735	-0.439767	26.549386	95.407590	100.639675	6.911018	49.902695	17.760332	102.095706	16.501514	-0.356947	-3.447443	49.563186	8.085741	-16.075173	-4.708247	79.509340	1.962309	6.146627	26.935409	69.961294	1.165980	18.821282	1.966074	-118.855985	-12.090135	-6.510120	7.933029	-99.856741	-9.864791	-0.217787	6.195399	-121.188945	19.200161	0.644372	-4.413661	-104.702355	28.777741	-15.087801	-4.124428	-70.653800	32.058301	-27.319647	-7.679666	-9.371381	3.084563	-9.441786	102.479260	48.165955	2.886101	31.179241	11.900798	24.072775	32.364099	-12.968378	1.192777	38.236238	35.730853	-0.479413	-1.439003	49.586913	23.955980	1.959621	-10.023457	32.419494	13.454213	-13.175026	-30.327014	6.841172	11.672994	-31.068917	-37.411210	-30.422752	6.169642	-15.079053	93.877150	26.257783	27.679309	-15.446406	16.868987	198.075585	38.912305	-4.495666	0.967791	51.784592	26.160685	-0.370894	0.301688	22.103823	8.570408	0.065335	-11.312894	12.843235	3.611995	-0.702028	-48.838964	3.742563	8.030055	-0.199457	-28.522406	-0.170098	13.063065	4.691565	62.614797	30.686392	15.959466	3.425414	-2.366129	0.810752	-0.241017	-0.159074	-0.633212	0.813952	0.158802	0.036165	3.546255	-7.682233	0.862047	0.264341	-19.387926	-25.944860	-10.790631	0.093841	-30.975606	-44.724712	-25.341022	0.002474	43.488131	-3.643058	-3.065600	0.022410	65.673860	8.820179	-8.210210	0.033202	-11.678632	-63.648666	-2.573937	-6.655982	-4.626352	-90.094030	-11.426514	2.067409	-18.388510	-70.320739	-28.086119	4.041240	-45.897135	-51.685068	-59.700817	-2.092575	52.707385	47.014788	-19.354456	0.494990	73.350527	54.793843	21.421044	0.472249	24.193693	27.164093	8.548248	0.015488
916.235528	2748.462565	130.249562	274.527490	167.546981	4014.369742	172.876493	454.706897	-910.806201	2110.664850	157.647232	-534.600178	-607.133773	426.789827	88.254461	-966.334153	-68.192876	265.032841	6.646984	-274.910005	-3.238663	46.259900	-4.368704	-23.359711	4.661167	0.761025	1.018478	5.884894	40.833293	195.031267	9.024554	9.120819	7.775717	367.325056	16.037637	28.885661	-92.616338	427.601824	8.913169	-6.599040	-158.758795	236.826474	7.524618	-153.734380	-125.804341	103.078657	3.454789	-122.839328	-58.618282	155.102618	-1.566054	-13.815241	169.398554	188.972989	2.665550	43.636884	12.190281	7.580863	33.360265	-14.860027	6.835850	196.159655	20.365414	2.645087	1.208075	99.502281	-15.231547	-7.324260	-25.017211	49.871957	-32.628179	-64.844452	-23.251570	94.629418	-30.730060	-77.159231	52.027506	122.242942	-19.538559	25.893864	340.883455	134.731040	26.929810	138.745688	0.581188	-217.128145	-51.496828	-45.157138	17.690670	-46.579285	-55.777747	4.408549	-0.082232	-175.214679	-95.793421	-0.493046	-44.504926	-266.773001	-52.017325	-52.538942	-131.265245	-235.568045	-22.233105	-75.405421	56.849232	-271.592359	-16.932634	-25.634699	338.346863	-176.746462	58.863515	-38.122111	3.785413	-69.701458	-46.215070	-25.370705	-1.086763	24.141934	-8.411999	0.828260	2.556144	39.300421	2.926382	0.246078	-59.643603	54.358956	0.221643	-2.041590	-163.692408	114.468887	10.152599	3.633416	137.817292	159.223672	94.538937	10.398993	-157.857559	172.850686	95.562722	-65.588594	-2.847663	2.996340	2.801777	-0.166535	-2.778220	21.515493	12.459404	-0.061609	0.038793	76.496626	34.890876	0.843687	-91.878397	148.879353	68.012870	0.739286	-109.033162	203.405084	109.742015	0.000442	79.105138	89.366325	42.234122	0.011236	-130.675172	-141.200169	-112.819568	-0.473503	16.826268	64.817137	27.909670	-20.284022	47.685895	120.834186	126.149505	-12.267521	-35.791352	-7.399161	219.037407	12.890293	-110.046770	-178.912873	-24.846646	-8.470987	-73.130342	-180.937650	-211.581226	1.714311	16.492618	-102.470289	-181.018418	4.057213	123.453184	-37.698716	-71.988443	0.007777
35.195483	147.022716	19.580003	0.796898	-9.096911	172.876493	47.514819	-23.131326	-42.091962	121.785609	46.263917	-64.022133	-11.087474	116.758053	23.907117	-49.237720	22.787326	84.050459	5.168416	-10.521766	12.338822	17.410173	0.240907	3.219641	9.635835	15.145533	-0.140932	5.056992	18.375561	54.711677	6.560349	-0.262637	7.889257	50.913944	10.119066	-2.082197	-5.123320	15.352174	4.122356	-5.842718	-13.659295	-20.270300	0.715549	-9.183670	-8.059551	-11.072603	4.120868	-8.380214	1.319908	14.545430	1.132456	0.873909	45.845625	25.799081	0.093201	14.732851	7.242497	-38.118433	-4.483304	-0.442334	3.269281	-27.853178	-5.401977	0.198402	-0.023357	-35.265256	-5.562260	-0.632112	-1.904908	-36.838491	2.659684	-3.084435	-3.004270	-31.608814	2.538091	-8.649263	1.934387	-21.999709	0.809567	-7.539267	74.608307	-2.104189	4.172839	2.438363	-2.373574	-78.861495	-4.871965	-2.070599	0.548359	-21.683757	-7.155630	0.898697	-0.791032	-21.761416	1.480087	-0.265554	-1.630097	-21.565296	1.455405	-1.880493	-5.145596	-22.081676	-0.079169	-4.089795	8.423145	-27.186991	-0.534672	-8.979531	40.321649	-23.839343	9.724059	-20.196429	-3.713920	5.630810	5.362279	-0.467917	-1.000645	3.931215	1.986425	0.003640	-0.403216	2.516733	0.453964	-0.038655	-2.251425	0.198681	0.233330	-0.082648	-4.979833	6.229533	2.926704	0.267233	14.172747	7.809747	12.367217	-0.345910	-30.378456	13.460602	5.747138	-7.503863	-0.192517	-0.882220	-0.104309	0.024130	-0.148796	0.262242	-0.048075	0.030261	-0.540992	3.061215	1.657011	-0.035969	-4.327900	8.088118	10.319591	-0.033789	-4.559809	8.066230	19.308473	0.000276	-1.512843	-5.093587	7.659836	0.000531	-21.953880	-15.714600	-9.667876	-0.345418	-3.269917	7.538710	1.032456	-1.464474	-0.258899	1.978646	4.915053	-1.426773	-1.598673	-20.896736	23.297955	-1.471886	2.425726	-49.135534	11.965225	-0.239142	-8.675290	-26.962309	-6.315893	1.406737	-4.932023	-20.023998	-7.016637	-0.115480	-2.088512	-11.643335	-3.128520	-0.001110
182.270605	229.677284	-4.383036	118.394764	103.043520	454.706897	-23.131326	417.839538	-198.947241	-48.914384	-39.693849	217.548070	-212.741554	-502.122496	-33.267818	-134.688387	-106.776860	-369.570389	-10.135342	-71.185097	-51.729787	-154.288464	-1.418589	-21.685122	-22.130269	-76.780091	-1.851510	-9.540767	-18.110365	-42.338479	-6.912363	6.288636	-4.683537	26.322563	-8.567735	34.444903	8.378529	151.766635	-1.609720	67.434060	5.450121	127.623025	6.807253	24.299938	-18.699692	-10.282944	3.589477	-12.909487	-24.631108	-36.367114	-0.221932	-2.154072	-55.894424	-36.127063	-0.113253	-11.809566	-27.986842	-48.331398	19.093592	-4.772299	-7.607382	-30.394810	16.831321	-1.380806	-1.821812	-10.167825	35.881998	-1.775656	-5.156576	42.495010	17.089464	-4.964431	-12.680050	69.429131	8.272624	20.167922	-11.986217	38.352461	-0.112008	55.536854	-105.047598	-7.441585	-1.904314	27.214521	-4.564250	87.327610	66.855579	-2.782835	1.311544	38.935771	67.507966	-1.592801	1.828976	27.234031	48.775956	-0.891937	-10.881432	20.377736	26.014548	-8.100926	-41.141815	28.153579	4.023516	9.375550	-70.202375	52.873429	-1.483692	66.440217	-53.472542	113.110439	-5.633015	70.448364	16.728002	176.809512	37.334539	2.910973	4.262025	66.250791	32.870671	0.928389	3.031993	26.132531	14.037577	0.325417	-14.244864	8.380125	-0.408404	-0.486377	-62.291357	-10.681585	-8.095632	-0.138492	-79.423657	3.356843	21.721146	10.469566	18.886284	67.978726	59.167094	30.380650	-0.056635	5.186511	1.293521	-0.024187	-0.796930	0.363863	0.895376	-0.011041	-1.423971	-0.799307	-2.606002	0.007417	-26.824978	-7.879469	-12.130400	-0.015663	-72.162760	-17.664161	41.292108	0.000191	-55.298706	29.190208	105.959460	0.000562	-72.723607	68.920797	66.483499	1.240533	9.351195	-117.371502	-15.883271	-1.769805	31.932701	-37.313807	-20.028510	13.238262	17.405416	48.427527	-26.623296	21.278834	-56.314358	75.550328	54.455976	7.825518	-62.222964	-18.157883	112.059955	-0.458910	-35.579221	-48.689565	43.888231	-0.687795	-60.420934	-39.962565	-5.721728	0.003641
-251.973167	-539.808207	-22.717810	-78.295464	146.097799	-910.806201	-42.091962	-198.947241	862.289640	-710.640975	-33.517113	12.859876	456.755366	-579.722331	-28.145101	18.630796	-27.550983	-354.557819	-14.859708	-47.447040	-27.459801	-114.233928	-3.149071	-7.828315	-4.995213	-63.415958	-0.414248	-11.077459	6.284458	-30.705124	4.912903	-4.961468	35.709091	-92.613563	3.201764	-8.273810	191.441229	-67.187259	6.843616	21.956638	177.737404	-44.836362	4.934826	38.593022	34.945347	-81.829620	-9.893345	2.072092	6.846980	-39.629794	-2.840618	1.780211	-2.310347	-10.798329	-1.069201	-4.967510	32.475394	39.200108	-5.190665	-3.699803	6.104228	-25.387933	-25.927591	-0.001402	4.760458	-107.664000	-27.343186	4.199859	11.074385	-149.300646	1.733454	17.946160	5.954870	-162.687668	7.493385	-13.502277	-2.634552	-68.545482	2.479951	-60.757699	57.512840	28.572150	-4.842210	-45.723369	21.864478	-32.288756	-31.527979	5.103347	-4.732250	-15.439361	-63.568141	-0.281152	-3.102783	40.472391	-29.624175	4.735695	8.881671	50.360911	1.354373	17.264754	55.857922	12.512931	5.442113	1.614215	-26.359039	-13.192448	0.362284	-80.662553	69.496739	-3.275139	6.678689	-56.791048	-0.741832	-100.422988	-22.815043	8.975571	1.723066	-51.253779	-18.967898	-1.086966	-1.652796	-11.123765	-6.535930	-0.294815	20.283252	-3.792865	2.605877	1.335666	82.589922	-27.647701	-1.850840	0.673992	-31.832063	-69.935124	-46.093946	-9.638163	60.107835	-17.763012	-23.541749	-6.106574	-0.609063	-2.225440	-1.053975	-0.027019	0.230763	-6.068253	-3.307452	-0.016616	2.272993	-28.896205	-14.068058	-0.183983	39.004773	-71.384028	-35.482675	-0.200513	61.013736	-105.361692	-72.689679	0.000958	57.919903	-47.794815	-64.383744	0.003052	100.154506	-10.447464	-26.877494	-0.805511	-13.308465	-88.172999	-13.655808	-0.097327	-22.644994	-157.322949	-57.984943	-1.549965	-51.745266	-137.258067	-80.976624	-16.544957	66.305384	-157.356635	-74.938160	-10.066044	203.309986	17.288892	-17.550298	3.085774	83.521566	72.179417	24.252068	-0.147468	19.301126	12.014717	17.929606	-0.007208
165.528720	634.956229	53.128394	-52.455677	51.983179	2110.664850	121.785609	-48.914384	-710.640975	2825.319265	106.058984	-434.757863	-396.686058	1921.208053	76.751599	-418.377561	110.949888	908.857461	19.102624	-72.456586	51.826058	289.948836	-0.790086	11.409040	28.809139	113.845986	7.091908	8.173146	29.262666	108.877783	9.724422	-8.504109	-41.662390	106.548862	11.487363	-43.117034	-180.734663	90.589785	-8.394323	-106.040382	-189.756609	61.530217	-15.117616	-169.132956	-87.976152	50.815689	2.103868	-106.256621	-21.954686	95.011862	1.338632	-14.161562	154.273649	133.637191	3.410533	51.261507	31.811494	158.880454	13.690861	-8.300149	-3.073604	231.485167	14.523070	3.745897	-18.729310	185.628989	-51.684673	-0.781508	-32.004000	116.929411	-81.601092	-64.909694	-15.713239	134.247815	-34.484062	-66.879518	37.338984	48.397454	-14.275013	5.909259	218.369164	31.633120	23.046186	92.643793	32.531733	31.516059	-59.416972	-31.357987	-27.955834	48.117658	-28.566973	3.383884	-22.641884	-31.406733	-126.963290	-1.951407	-42.162193	-64.210108	-88.989494	-57.518738	-119.691720	-23.355685	-10.072862	-88.805179	144.473720	-58.179668	15.911359	-15.119052	149.106301	-117.358563	68.387589	-24.532293	6.967890	-140.043024	-45.514410	-21.677701	-14.593885	-47.507410	-28.156735	-3.894261	-7.042262	-8.173427	-19.722012	-1.169673	-59.340568	23.825640	0.329018	-2.604961	-164.387512	104.181697	27.247189	-3.428239	218.389304	171.628653	84.179877	-2.492158	-148.010200	66.344684	52.576886	-57.450895	-1.929715	-3.954108	-0.230312	-0.001082	-0.947373	18.311797	10.858494	-0.001166	4.304228	61.276662	44.905987	0.942044	-84.666945	151.828499	73.399928	0.940674	-47.685364	234.072236	58.242555	-0.000593	93.380998	76.325274	-16.936447	-0.000021	-84.510362	-130.075659	-113.082345	0.109969	15.990940	203.804040	48.546417	-16.137017	14.906580	242.539589	164.176641	-24.045952	5.550085	261.365544	237.411306	-0.588310	-91.646822	269.759668	-27.125756	-5.366615	-118.822269	28.360461	-249.395752	-7.514922	19.341865	-67.887285	-164.171910	-3.396952	57.924157	-28.543905	-51.765765	-0.000886
16.858536	112.594373	18.269120	-3.688676	-26.228216	157.647232	46.263917	-39.693849	-33.517113	106.058984	79.976227	-96.559925	6.206008	154.322995	56.363151	-74.660240	41.097351	126.108320	13.167728	-18.450944	20.811238	25.862961	1.370502	1.376244	6.026869	12.487680	0.602255	1.276220	24.948647	71.722650	9.388472	-0.053031	17.150843	75.100950	14.854651	-3.492072	5.282981	31.984669	11.159180	-11.721451	-14.522637	-31.528678	2.419142	-16.020771	-10.847280	-33.507277	0.630438	-11.165348	2.256198	-4.403308	0.453588	-2.570234	28.730550	18.424107	0.164262	9.308525	16.302684	-24.880590	-2.684543	-0.399309	5.985551	-19.313309	-7.579925	0.454451	1.103564	-21.884440	-4.830387	-0.711249	0.823963	-20.900561	2.142861	1.403757	4.443480	-30.033044	-1.525990	-3.127466	7.208226	-26.926539	-0.129616	-11.946774	50.644910	-11.689094	1.106816	-6.624250	3.192570	-91.253285	-9.609215	-0.629863	2.009882	-21.897564	-18.804889	1.523566	-1.713060	-19.468336	-0.058733	-0.171504	1.498343	-15.523151	0.886420	1.678985	17.157873	-14.693990	-0.431159	0.850153	15.294306	-29.038996	-2.581889	-11.540082	12.327061	-31.975835	2.770789	-20.562339	-6.336137	-32.150069	-0.784873	-0.766330	-1.049376	-5.102445	-5.313621	0.031783	-0.529960	-1.373126	-1.963253	-0.044956	4.578161	-2.965887	1.991622	-0.093260	14.576548	4.307985	6.604560	0.479433	13.267241	-0.978240	2.716088	-0.967034	-40.712978	5.138697	0.089934	-7.494469	-0.274389	-1.254082	-0.100378	0.000790	-0.186279	-0.452753	-0.131532	-0.000057	-0.856358	0.851793	2.048609	-0.045529	6.555253	5.322491	15.014076	-0.045549	3.417615	6.826520	17.662601	0.000277	-8.539725	-5.484350	5.585555	-0.000053	-32.511167	-15.104360	-12.742864	-0.041533	-5.450945	4.597719	1.104705	-2.056948	-4.578688	-5.144511	4.645403	-1.845679	0.279919	-17.110983	34.833521	-2.564088	7.789452	-56.689824	33.194261	-2.176533	-6.024893	-40.663706	-13.788235	0.547000	-11.130047	-31.379966	-14.088006	-0.162253	-9.483059	-19.079342	-6.449989	-0.000221
-168.878959	-587.008865	-38.731668	-41.254508	41.017558	-534.600178	-64.022133	217.548070	12.859876	-434.757863	-96.559925	720.396618	-157.477301	-700.897978	-80.547082	405.886537	-162.338202	-609.956733	-18.409318	8.170141	-97.117632	-271.336735	-1.943871	-32.645347	-41.008844	-138.566941	-3.975932	-15.989246	-49.813212	-141.516248	-16.168390	-3.324477	-48.121616	-171.068022	-25.063246	4.246660	-13.848310	-64.599176	-17.365141	84.098427	62.686644	82.667787	6.601410	160.456885	31.301556	-14.780146	12.594061	71.051843	-31.469540	-131.521016	-1.395254	-10.071106	-126.676321	-114.052194	-1.777526	-32.833298	-67.868158	-205.493430	-13.145003	-5.014716	-21.555998	-179.491814	5.010578	-2.429052	-9.393842	-102.200172	60.976246	-2.988952	4.159522	36.777118	54.819472	-4.267800	-10.263471	111.722398	13.035730	30.843588	-40.036127	20.765982	2.769664	68.756410	-257.307042	-32.209509	-7.283859	-1.598757	-23.189194	261.806680	149.015333	9.563344	-21.591654	169.305902	156.172594	-4.135252	-4.136073	163.657864	125.756814	-3.441839	-3.442959	171.040982	51.229667	-6.709293	-35.860882	163.614942	9.186232	22.824355	-93.956998	170.463476	4.830499	99.264215	-189.696282	205.622019	-12.405788	124.334902	20.730357	344.798969	98.042975	13.818031	-1.199058	96.355580	48.964144	-1.242884	-0.647057	27.027568	8.013120	-0.296812	-11.313798	1.105257	-5.802286	-0.180441	-50.898489	-40.927241	-10.960105	-0.757749	-135.884419	-41.915250	15.938551	11.771356	60.495249	26.782378	56.513299	52.357915	-0.248121	0.700641	-0.203156	0.000422	-0.431157	-7.973716	-3.201551	0.000099	-2.087054	-21.693727	-10.058235	-0.174697	-33.465151	-41.768717	-20.966957	-0.174539	-84.880571	-73.354987	43.184501	0.000304	-90.859339	7.675942	149.989845	0.000105	-75.221477	96.800198	116.716013	-1.560567	-13.088191	-212.117455	-20.882650	-2.224572	10.028276	-107.026055	-29.069028	10.398257	9.535493	-10.545201	-66.392509	19.042252	-66.345097	83.307797	59.065326	24.096011	-68.560884	-8.877506	233.977667	1.838134	-68.765381	-64.714105	125.606132	-1.505249	-114.034783	-52.411088	13.357387	0.000103
-194.310768	-415.401763	-9.738695	-65.257121	-128.538140	-607.133773	-11.087474	-212.741554	456.755366	-396.686058	6.206008	-157.477301	774.007518	-221.910871	12.869472	-2.501046	156.689075	-297.099413	-11.507334	-45.940866	-11.104048	-137.002228	-2.783724	-15.228636	-12.415300	-83.821131	-1.017640	-14.784546	10.942777	-6.299785	5.697803	-3.930475	6.777754	-34.002073	5.368868	-19.750380	84.720935	-40.230301	2.205465	-20.325624	197.893605	-18.839497	-5.755484	8.056477	86.294220	-91.984228	-8.375517	-20.259113	7.856935	-66.281063	-2.247184	-2.915983	-23.726867	-38.093762	-1.748777	-2.440973	46.967938	140.491683	12.891168	2.671734	11.345406	66.618383	-21.532312	-0.245044	10.156251	38.474612	-48.934151	-0.588313	9.853990	-28.774661	-37.531061	37.681396	10.069865	-157.576436	-13.319581	14.977732	9.943348	-132.542611	3.021318	-47.323420	-24.357621	-70.468276	-4.545451	-50.470323	39.651489	-109.084286	-61.334996	11.533234	3.580271	-74.095547	-97.982477	-0.548936	2.848382	-32.584706	-68.791298	1.111073	24.384561	-12.316245	-25.192150	42.644997	88.741412	-39.610787	-5.570566	45.098188	15.968243	-30.391662	4.930764	-66.969713	-87.644634	-54.750595	-3.537465	-52.996992	-1.061081	-214.312995	-36.893032	9.707214	2.066235	-72.634245	-31.990143	-0.985486	-1.667226	-15.550538	-10.351826	-0.290469	47.343352	-8.209921	8.340284	1.651924	138.504123	-14.683549	21.012248	2.202793	16.652138	-37.408914	-24.338274	-9.215015	-87.804119	-106.354571	-46.967432	-25.053928	1.304104	-3.488322	-0.924937	-0.005780	1.872390	-4.556658	-2.773469	-0.007658	-1.689377	-17.009266	-6.740737	-0.074995	85.193974	-28.120786	11.254324	-0.065394	89.481111	-40.591028	-14.158091	0.004301	3.575260	-94.840491	-95.865301	0.062997	36.225567	-96.910816	-62.827966	-1.485722	-3.722335	-3.645706	-5.431062	9.451480	-19.267406	-67.379483	-46.149566	-2.026692	39.673230	-40.962074	-14.434798	-13.699924	169.057208	-96.273136	-10.371538	-13.146140	90.423658	-43.761131	-106.533953	-1.944674	11.995785	16.797604	-39.866551	-1.046670	38.814067	13.209336	2.442537	0.233305
-112.452825	-16.150334	42.898913	-168.682514	-236.408615	426.789827	116.758053	-502.122496	-579.722331	1921.208053	154.322995	-700.897978	-221.910871	3723.664848	161.163300	0.638475	520.828963	2776.192942	71.491727	268.531573	293.254894	1051.681204	6.624192	119.700877	125.960015	506.143340	10.352668	67.281766	81.008111	228.663323	31.548892	-10.844020	10.013923	142.905494	36.696450	-60.150650	-180.390866	-77.932485	-14.346176	-159.663772	-225.374369	-159.786574	-60.764234	-149.829087	-17.691117	-64.217395	-32.855871	-36.021551	81.635683	13.473466	-1.396676	-13.550435	327.555800	76.883506	4.813540	40.960207	92.830645	306.840799	-47.939781	20.096337	21.444047	198.208452	-117.544224	5.155070	-11.384509	102.677952	-255.118926	2.826560	-26.689207	-71.327382	-250.407997	-21.049228	-1.807837	-170.242184	-83.163893	-53.539257	-9.269213	-182.538244	-10.825726	-142.937431	210.079619	-267.379504	21.257341	-132.638739	-19.922196	-151.847647	-286.569669	7.738610	-19.503584	-50.272894	-239.504102	5.429921	-19.432249	87.095927	-219.147919	0.296908	-23.645274	232.852721	-102.681022	-22.364902	-23.561748	370.705239	-7.164502	-32.185851	131.460977	283.005637	23.279546	-5.062192	-121.873013	-25.036797	-5.086286	-45.498635	-58.219497	-465.251698	-127.878380	-15.819426	-21.121096	-74.639581	-68.935885	-3.286987	-7.441105	-17.400898	-22.555611	-1.015501	-27.197626	5.162390	5.203393	-1.456240	-43.730468	103.750475	23.135534	-0.967981	219.882251	195.856370	-21.191506	3.560282	-63.428160	-28.055565	-99.329018	9.305579	-2.178451	-12.143267	-2.171424	-0.000688	-0.826106	18.697790	8.233388	0.030379	-0.971749	75.110231	53.774365	0.238550	-24.303486	198.315371	71.912160	0.224851	82.474612	326.304244	-88.352200	-0.000357	63.607386	143.638717	-189.267810	0.012175	75.160656	-14.029771	-90.187268	1.883969	19.933806	497.587210	69.536074	-6.408216	18.634643	528.779309	196.870277	-29.245839	29.820566	516.553491	263.807546	-29.553078	-8.314054	600.784575	-74.330695	-10.735815	-199.942102	369.409540	-363.668074	-5.645794	-6.199254	92.369254	-198.450827	-3.557772	55.511871	68.611097	-10.207092	0.064473
7.310583	48.373166	12.143793	-5.570586	-27.661064	88.254461	23.907117	-33.267818	-28.145101	76.751599	56.363151	-80.547082	12.869472	161.163300	65.448835	-54.247302	43.964507	127.641520	22.959030	-12.421574	21.111414	12.973568	2.256642	-2.029968	-1.950055	-9.704975	-0.198577	-1.582078	15.628832	48.462980	5.338764	-0.067616	11.319266	62.089292	10.099241	-2.955471	1.180731	35.117599	10.163783	-10.427756	-11.486623	-19.331940	3.530168	-12.971167	-8.434222	-35.540426	-1.517925	-7.780389	-1.744245	-28.506268	-0.522260	-4.868101	-3.266655	-12.255407	-0.262604	-1.818179	8.130538	-10.718757	-1.087314	1.793812	2.687183	5.524019	-5.969043	0.764753	0.619524	8.755917	-7.368272	-0.074691	0.781303	11.052319	-6.658623	3.789725	4.658954	-6.292418	-6.592673	2.834977	1.244260	-9.944784	-1.667337	-6.550592	-10.498348	-15.773468	-1.085248	-9.152325	-1.313918	-54.414310	-12.444125	2.632407	1.034561	-8.462013	-16.276922	1.638488	-1.175658	-0.853091	-4.480197	0.427413	2.242435	7.165273	-2.782935	3.555488	17.740274	14.633095	-1.465682	4.853608	2.290702	2.116716	-2.415436	-3.473386	-23.723537	-3.698433	-2.408977	-2.441139	-7.065454	-38.791118	-6.341264	-0.958297	-0.799112	-8.643314	-7.341128	0.017486	-0.364866	-2.154026	-2.556580	-0.041534	5.802281	-2.091701	1.721024	-0.040882	16.828705	5.758216	6.161756	0.623802	-3.125421	4.068434	4.281158	-0.123843	-44.332344	21.045794	8.138615	-0.459834	-0.178118	-0.919217	0.034095	0.007890	-0.162778	0.410332	0.394211	-0.008016	-0.249822	2.264388	2.524745	-0.046993	9.466653	12.320372	16.064309	-0.039383	2.339460	21.345143	20.398394	-0.000693	-15.991945	6.334916	10.165255	-0.000197	-42.841798	-7.836501	-5.632926	0.935262	-3.166588	25.805427	4.645400	-1.685696	-5.161920	-6.591007	2.294913	-2.363400	12.278194	-1.460006	36.778499	-2.768557	7.865224	-25.910188	57.483547	-1.644634	-28.847269	-38.760825	-15.105705	-0.276942	-20.947597	-34.475356	-24.307198	-0.134665	-9.400347	-21.312948	-8.193107	-0.000514
-272.079413	-712.984059	-36.933782	-93.170340	-157.784309	-966.334153	-49.237720	-134.688387	18.630796	-418.377561	-74.660240	405.886537	-2.501046	0.638475	-54.247302	702.633594	-6.515125	-67.482862	-8.212350	213.041595	-30.622055	-81.221754	1.404779	3.738481	-20.735982	-70.765729	-2.204134	-9.240553	-35.692962	-103.583389	-12.579861	-5.279882	-46.975144	-177.474042	-20.872757	-19.576343	-60.142979	-210.866417	-31.148369	21.742959	42.268720	-63.714382	-23.859283	165.180693	82.907914	-21.582754	2.642162	123.012997	16.280028	-139.174894	1.643629	-12.090700	-94.385784	-139.398929	-1.856833	-41.977222	-51.487123	-203.653660	-47.373293	1.675051	-14.399632	-167.797366	-42.823190	-0.366000	-6.003606	-69.538205	-44.113431	-0.264648	9.043672	24.242170	-32.623936	10.261760	-1.146049	30.734722	-14.498934	29.524556	-54.929026	-70.280255	-0.050160	-5.511709	-301.142316	-138.093258	-10.170460	-80.664854	-40.784983	147.500056	52.829031	12.564515	-22.508023	142.874441	69.650729	-1.454342	-2.289230	245.655726	58.193630	-2.066984	10.854859	331.099464	26.082765	12.376696	8.785484	325.121947	4.728254	54.477574	-45.312617	281.617871	-4.363050	95.095285	-332.230662	154.518703	-41.059775	90.179120	3.365252	205.634157	58.896821	8.010930	-6.908178	67.362441	27.088462	-1.332884	-2.349844	15.924473	3.636964	-0.354535	9.203540	-1.951212	-4.862947	0.699625	28.565321	-18.818966	-16.898634	2.136157	-42.842754	-25.867596	-22.542570	12.911812	26.817492	-73.327489	-38.291590	52.157755	-0.422582	-3.465570	-1.265179	0.009996	-0.084102	-6.341216	-4.152378	0.004848	-0.838063	-10.316283	-10.244378	0.083675	4.170291	-15.935231	-10.612340	0.095945	-8.669319	-32.490529	1.182728	0.000397	-67.717481	-17.369911	32.923652	0.007982	1.473897	51.765952	72.392393	-2.900897	-9.726272	-21.407729	-2.423985	-0.321492	-0.587409	5.501545	-7.557154	-3.190725	34.291335	-1.565294	-69.736522	8.462737	5.806532	89.777810	25.242839	21.707418	-100.446576	39.814091	153.695169	-2.125682	-70.434655	-11.740639	94.478528	-1.211937	-51.206592	-3.242051	20.188964	0.028782
-54.176557	-66.399490	5.574705	-29.432224	-66.311037	-68.192876	22.787326	-106.776860	-27.550983	110.949888	41.097351	-162.338202	156.689075	520.828963	43.964507	-6.515125	258.850112	335.959084	15.105329	44.756228	86.834564	64.537353	1.423626	17.913129	7.946342	7.024544	-0.998000	1.356833	23.608494	55.509205	12.217057	-1.281383	20.966056	60.481312	14.262821	-9.098472	-2.476211	22.173363	4.880204	-21.868659	27.578482	10.391658	-3.530343	-10.400640	60.385726	5.764144	-1.418781	1.687829	48.613515	28.770981	0.055441	10.469253	68.520988	25.484938	-0.914808	14.398043	44.605701	100.797957	-6.583769	6.518899	11.828206	33.371894	-28.545617	0.583591	2.481921	-0.718878	-48.765686	-0.285202	-1.903492	-47.247196	-34.557865	6.577950	2.464041	-88.045824	-0.611037	0.865050	11.380301	-62.536390	-0.401532	-24.635469	63.913818	-54.811923	0.484486	-16.622476	10.083989	-48.544143	-49.633613	9.476512	0.715027	-32.655317	-47.514651	0.418531	-2.649675	-10.010595	-37.969745	0.754976	-1.525523	8.109002	-12.413280	5.362243	11.344124	24.217878	3.701827	3.914090	33.756685	17.064586	8.681084	-9.788715	-22.367526	-34.255367	5.655412	-20.112194	-9.824131	-81.230798	-13.748062	2.276431	-2.768687	-21.044379	-9.641328	0.094005	-1.895063	-11.461969	-3.914736	-0.085491	2.266192	-6.382345	3.712883	-0.172704	11.499676	23.970725	23.772473	-0.612686	37.793888	46.227631	19.067705	-2.502234	-66.221130	-39.139704	-14.916087	-9.104419	-1.530870	-4.106859	-0.435622	0.006767	0.938750	2.659819	1.480216	0.659931	-0.370190	14.725689	14.158193	0.138564	16.817972	43.618942	39.620070	-0.059487	25.745532	69.757023	19.183943	0.006456	-26.145935	2.937718	-33.723645	0.119911	-21.594811	-24.161207	-30.288255	0.394799	0.768111	89.499818	9.787797	5.458013	16.559575	146.049840	31.756547	0.746759	26.537148	148.192577	78.586591	-6.426469	25.145493	51.802873	20.760753	-4.425730	-59.368749	-2.165906	-81.903196	-0.551839	-32.816389	-14.241643	-51.365686	-0.455021	10.003925	4.237420	-6.823146	0.405662
-58.922144	109.518880	37.866456	-96.520926	-160.813449	265.032841	84.050459	-369.570389	-354.557819	908.857461	126.108320	-609.956733	-297.099413	2776.192942	127.641520	-67.482862	335.959084	3159.980650	71.787741	317.413661	389.317511	1539.467675	13.319603	178.022618	166.653233	768.729211	16.338124	96.665835	93.827064	194.981890	42.487731	-6.603962	56.120924	130.373757	50.291265	-32.533335	-86.949089	-90.648212	4.028988	-103.105726	-184.154358	-228.981941	-53.452526	-96.527485	-24.658632	16.577106	-29.293801	13.122077	118.543185	201.861352	4.764030	19.832708	393.459161	214.060933	8.844288	58.895008	100.153529	211.711116	-40.457336	22.127051	34.664414	17.332521	-140.708759	3.822982	-6.784830	-114.969908	-255.359823	-3.199010	-19.153703	-253.690030	-220.935627	-28.743804	-9.434613	-237.659871	-72.256314	-107.841045	-19.548809	-126.233936	-13.104225	-183.384352	417.076516	-133.566493	13.804101	-124.858413	-65.660334	-97.548774	-273.944240	7.004847	-10.748239	-29.242907	-266.483573	3.756906	-16.050943	120.997086	-180.047365	-0.530902	-17.481835	259.069683	-63.643625	-26.484840	-45.496124	370.066802	-12.434691	-58.374325	28.547780	231.658808	-8.551301	-36.907455	129.720455	-22.177585	-23.041699	-63.284521	-75.946291	-363.363384	-111.816444	-10.493044	-16.003947	-36.414460	-57.266495	-1.389606	-4.117473	6.202802	-11.388098	-0.305530	-21.716437	12.871613	-4.651198	-1.004871	-60.569715	60.176683	-25.611531	-0.825761	91.541204	152.912054	-67.050269	6.946901	178.607192	71.373626	-110.817820	19.675248	-2.772518	-5.701204	-0.775745	0.057724	-2.091308	13.047869	3.758568	0.167271	0.126592	41.495528	17.286559	-0.263823	-24.041509	113.999011	-12.399727	-0.397357	74.581543	232.371909	-148.287292	0.002452	55.985539	180.894379	-161.890305	0.041040	182.385324	105.464987	-26.463091	2.811502	24.785986	320.892350	31.228714	-1.688807	2.654183	410.419766	109.245326	-17.201101	-31.319007	377.104889	128.512821	-28.950464	-3.596357	458.820360	-95.820925	-16.626698	-63.578550	447.368256	-275.343365	-3.271821	50.281598	185.038932	-125.529222	-1.536364	26.268023	108.526223	25.337268	0.178097
0.001044	3.323028	2.899202	-3.402003	-9.445628	6.646984	5.168416	-10.135342	-14.859708	19.102624	13.167728	-18.409318	-11.507334	71.491727	22.959030	-8.212350	15.105329	71.787741	17.771045	1.547398	12.551519	9.378935	2.468572	-0.088540	-1.898629	-6.926704	-0.158113	-0.874150	1.059142	7.205511	0.699395	-0.192396	2.340794	17.946735	2.718233	-0.909867	-5.156643	12.753062	2.972685	-2.067479	-6.478279	-1.617952	1.346085	-1.539591	-3.389835	-11.511201	1.616363	-1.870145	-1.728944	-17.959655	0.278609	-2.698627	-4.937122	-11.753688	-0.149105	-3.150734	-0.909276	-16.015309	-2.528283	0.865427	-0.919444	-6.518739	-2.628321	0.311644	-0.865611	-0.402059	-4.770805	-0.018161	-0.926772	6.348314	-4.539224	-0.875784	-0.441731	7.717684	-2.608275	-0.941578	-2.776710	3.165316	-0.985539	-1.538351	-14.122417	-1.610096	-0.705452	-4.099264	-2.006764	4.255616	-0.031195	1.095160	-1.175053	10.579421	2.030541	0.313832	-0.676486	12.904957	3.734631	0.166702	-0.776370	21.122924	0.344456	-1.144849	-1.243493	27.889488	-0.427547	-0.886219	-2.518416	20.748518	-0.384338	3.919969	-10.489616	14.988962	-2.035133	6.117596	-1.380089	15.309056	3.595500	-0.137934	-0.268991	2.633519	0.915070	-0.052289	-0.043328	0.428518	-0.294423	-0.006929	-0.991598	-0.908084	-0.521131	-0.033637	-0.777977	1.458327	-0.829100	-0.094579	-9.240816	2.505507	1.503354	0.332401	0.669741	16.118776	4.143817	3.456392	-0.082003	-0.247148	0.027120	0.002280	-0.103693	0.418843	0.260742	-0.014670	0.127809	0.920957	0.050829	-0.008826	-0.926003	4.609753	1.685580	-0.014440	-1.781152	10.550796	4.870806	-0.000319	-13.046916	5.048343	7.085134	0.002137	-5.549953	9.699031	6.098007	0.825297	-0.267689	12.014993	1.910192	-0.304831	-3.562022	-9.663705	-1.437998	-0.918040	3.506812	-4.978863	8.333697	-0.356537	-2.236979	0.320007	24.300000	1.120352	-17.567722	-4.528717	0.695263	0.697708	-13.445603	-3.060518	-2.904386	-0.045409	-1.891347	-1.257223	2.273064	0.004126
